# 358 _-1-1-1
1.000000000000000000e+00
6.000000000000000000e+00
1.100000000000000000e+01
2.700000000000000000e+01
2.800000000000000000e+01
9.000000000000000000e+01
9.100000000000000000e+01
9.400000000000000000e+01
9.800000000000000000e+01
1.180000000000000000e+02
1.360000000000000000e+02
1.370000000000000000e+02
1.410000000000000000e+02
1.490000000000000000e+02
1.760000000000000000e+02
1.780000000000000000e+02
1.860000000000000000e+02
1.890000000000000000e+02
1.910000000000000000e+02
2.000000000000000000e+02
2.070000000000000000e+02
2.130000000000000000e+02
2.180000000000000000e+02
2.270000000000000000e+02
2.310000000000000000e+02
2.450000000000000000e+02
2.590000000000000000e+02
2.740000000000000000e+02
2.810000000000000000e+02
2.830000000000000000e+02
3.020000000000000000e+02
3.050000000000000000e+02
3.130000000000000000e+02
3.260000000000000000e+02
3.290000000000000000e+02
3.440000000000000000e+02
3.580000000000000000e+02
3.590000000000000000e+02
3.710000000000000000e+02
3.840000000000000000e+02
3.960000000000000000e+02
4.020000000000000000e+02
4.110000000000000000e+02
4.170000000000000000e+02
4.330000000000000000e+02
4.430000000000000000e+02
4.550000000000000000e+02
4.830000000000000000e+02
4.900000000000000000e+02
4.930000000000000000e+02
4.970000000000000000e+02
5.130000000000000000e+02
5.210000000000000000e+02
5.270000000000000000e+02
5.410000000000000000e+02
5.470000000000000000e+02
5.490000000000000000e+02
5.570000000000000000e+02
5.840000000000000000e+02
5.870000000000000000e+02
5.940000000000000000e+02
6.020000000000000000e+02
6.140000000000000000e+02
6.300000000000000000e+02
6.400000000000000000e+02
6.450000000000000000e+02
6.500000000000000000e+02
6.530000000000000000e+02
6.640000000000000000e+02
6.710000000000000000e+02
6.750000000000000000e+02
6.800000000000000000e+02
6.890000000000000000e+02
6.950000000000000000e+02
7.030000000000000000e+02
7.160000000000000000e+02
7.170000000000000000e+02
7.440000000000000000e+02
7.480000000000000000e+02
7.530000000000000000e+02
7.620000000000000000e+02
7.690000000000000000e+02
8.000000000000000000e+02
8.150000000000000000e+02
8.280000000000000000e+02
8.300000000000000000e+02
8.410000000000000000e+02
8.450000000000000000e+02
8.480000000000000000e+02
8.570000000000000000e+02
8.790000000000000000e+02
8.920000000000000000e+02
9.130000000000000000e+02
9.180000000000000000e+02
9.190000000000000000e+02
9.490000000000000000e+02
9.630000000000000000e+02
9.650000000000000000e+02
9.690000000000000000e+02
9.760000000000000000e+02
9.780000000000000000e+02
9.840000000000000000e+02
9.880000000000000000e+02
9.990000000000000000e+02
