# 672 _-1-1
1.000000000000000000e+00
6.000000000000000000e+00
7.000000000000000000e+00
8.000000000000000000e+00
9.000000000000000000e+00
1.100000000000000000e+01
1.300000000000000000e+01
1.900000000000000000e+01
2.700000000000000000e+01
2.800000000000000000e+01
4.100000000000000000e+01
4.500000000000000000e+01
4.700000000000000000e+01
5.200000000000000000e+01
5.900000000000000000e+01
6.900000000000000000e+01
7.800000000000000000e+01
8.400000000000000000e+01
8.600000000000000000e+01
9.000000000000000000e+01
9.100000000000000000e+01
9.400000000000000000e+01
9.600000000000000000e+01
9.800000000000000000e+01
1.030000000000000000e+02
1.180000000000000000e+02
1.360000000000000000e+02
1.370000000000000000e+02
1.410000000000000000e+02
1.490000000000000000e+02
1.520000000000000000e+02
1.530000000000000000e+02
1.550000000000000000e+02
1.610000000000000000e+02
1.750000000000000000e+02
1.760000000000000000e+02
1.780000000000000000e+02
1.840000000000000000e+02
1.860000000000000000e+02
1.890000000000000000e+02
1.910000000000000000e+02
1.920000000000000000e+02
2.000000000000000000e+02
2.020000000000000000e+02
2.070000000000000000e+02
2.130000000000000000e+02
2.170000000000000000e+02
2.180000000000000000e+02
2.190000000000000000e+02
2.200000000000000000e+02
2.270000000000000000e+02
2.310000000000000000e+02
2.340000000000000000e+02
2.430000000000000000e+02
2.450000000000000000e+02
2.530000000000000000e+02
2.550000000000000000e+02
2.570000000000000000e+02
2.590000000000000000e+02
2.610000000000000000e+02
2.630000000000000000e+02
2.640000000000000000e+02
2.740000000000000000e+02
2.800000000000000000e+02
2.810000000000000000e+02
2.830000000000000000e+02
2.910000000000000000e+02
2.940000000000000000e+02
2.980000000000000000e+02
3.000000000000000000e+02
3.020000000000000000e+02
3.050000000000000000e+02
3.070000000000000000e+02
3.130000000000000000e+02
3.260000000000000000e+02
3.290000000000000000e+02
3.440000000000000000e+02
3.540000000000000000e+02
3.580000000000000000e+02
3.590000000000000000e+02
3.610000000000000000e+02
3.680000000000000000e+02
3.700000000000000000e+02
3.710000000000000000e+02
3.750000000000000000e+02
3.790000000000000000e+02
3.840000000000000000e+02
3.870000000000000000e+02
3.940000000000000000e+02
3.960000000000000000e+02
4.020000000000000000e+02
4.110000000000000000e+02
4.170000000000000000e+02
4.190000000000000000e+02
4.330000000000000000e+02
4.410000000000000000e+02
4.420000000000000000e+02
4.430000000000000000e+02
4.440000000000000000e+02
4.470000000000000000e+02
4.480000000000000000e+02
4.520000000000000000e+02
4.550000000000000000e+02
4.660000000000000000e+02
4.700000000000000000e+02
4.770000000000000000e+02
4.820000000000000000e+02
4.830000000000000000e+02
4.890000000000000000e+02
4.900000000000000000e+02
4.930000000000000000e+02
4.950000000000000000e+02
4.970000000000000000e+02
5.010000000000000000e+02
5.060000000000000000e+02
5.130000000000000000e+02
5.170000000000000000e+02
5.190000000000000000e+02
5.210000000000000000e+02
5.250000000000000000e+02
5.270000000000000000e+02
5.300000000000000000e+02
5.310000000000000000e+02
5.380000000000000000e+02
5.400000000000000000e+02
5.410000000000000000e+02
5.470000000000000000e+02
5.490000000000000000e+02
5.520000000000000000e+02
5.530000000000000000e+02
5.550000000000000000e+02
5.570000000000000000e+02
5.590000000000000000e+02
5.640000000000000000e+02
5.650000000000000000e+02
5.700000000000000000e+02
5.710000000000000000e+02
5.840000000000000000e+02
5.870000000000000000e+02
5.890000000000000000e+02
5.900000000000000000e+02
5.940000000000000000e+02
5.970000000000000000e+02
6.020000000000000000e+02
6.070000000000000000e+02
6.080000000000000000e+02
6.110000000000000000e+02
6.130000000000000000e+02
6.140000000000000000e+02
6.260000000000000000e+02
6.300000000000000000e+02
6.310000000000000000e+02
6.400000000000000000e+02
6.420000000000000000e+02
6.430000000000000000e+02
6.450000000000000000e+02
6.500000000000000000e+02
6.510000000000000000e+02
6.530000000000000000e+02
6.640000000000000000e+02
6.690000000000000000e+02
6.710000000000000000e+02
6.720000000000000000e+02
6.750000000000000000e+02
6.800000000000000000e+02
6.830000000000000000e+02
6.890000000000000000e+02
6.910000000000000000e+02
6.950000000000000000e+02
7.030000000000000000e+02
7.070000000000000000e+02
7.160000000000000000e+02
7.170000000000000000e+02
7.360000000000000000e+02
7.380000000000000000e+02
7.420000000000000000e+02
7.440000000000000000e+02
7.450000000000000000e+02
7.480000000000000000e+02
7.520000000000000000e+02
7.530000000000000000e+02
7.540000000000000000e+02
7.550000000000000000e+02
7.620000000000000000e+02
7.640000000000000000e+02
7.690000000000000000e+02
7.700000000000000000e+02
7.750000000000000000e+02
7.800000000000000000e+02
7.850000000000000000e+02
8.000000000000000000e+02
8.010000000000000000e+02
8.150000000000000000e+02
8.200000000000000000e+02
8.280000000000000000e+02
8.300000000000000000e+02
8.310000000000000000e+02
8.320000000000000000e+02
8.340000000000000000e+02
8.350000000000000000e+02
8.380000000000000000e+02
8.410000000000000000e+02
8.450000000000000000e+02
8.470000000000000000e+02
8.480000000000000000e+02
8.550000000000000000e+02
8.570000000000000000e+02
8.730000000000000000e+02
8.770000000000000000e+02
8.780000000000000000e+02
8.790000000000000000e+02
8.820000000000000000e+02
8.920000000000000000e+02
9.020000000000000000e+02
9.130000000000000000e+02
9.180000000000000000e+02
9.190000000000000000e+02
9.200000000000000000e+02
9.220000000000000000e+02
9.260000000000000000e+02
9.300000000000000000e+02
9.310000000000000000e+02
9.350000000000000000e+02
9.390000000000000000e+02
9.430000000000000000e+02
9.490000000000000000e+02
9.590000000000000000e+02
9.630000000000000000e+02
9.650000000000000000e+02
9.690000000000000000e+02
9.760000000000000000e+02
9.780000000000000000e+02
9.790000000000000000e+02
9.800000000000000000e+02
9.840000000000000000e+02
9.880000000000000000e+02
9.910000000000000000e+02
9.990000000000000000e+02
