# 186 13 787
4
8
13
14
16
25
28
31
35
38
40
44
48
49
50
54
62
72
73
75
88
92
100
106
107
115
136
140
147
164
166
173
175
186
187
189
198
247
266
276
282
287
289
292
294
300
308
313
330
331
344
347
348
356
362
374
380
382
393
404
410
423
426
432
433
437
442
446
449
457
462
470
471
473
475
480
486
489
493
502
504
508
509
512
514
527
529
531
532
537
541
546
553
562
572
591
598
608
609
615
616
631
632
634
636
639
649
653
655
658
669
671
674
675
676
680
688
690
696
701
703
705
710
713
725
738
740
742
750
754
755
763
771
776
781
787
792
797
798
802
806
809
810
813
821
828
833
834
835
838
839
840
841
844
855
863
867
872
873
874
877
880
884
902
911
917
922
923
925
926
930
933
942
946
960
962
964
966
974
975
976
986
991
992
994
997
