# 185 12 506
0
3
10
19
27
32
39
53
55
57
59
61
63
69
70
76
81
83
91
98
99
102
103
108
109
117
118
119
126
148
151
154
160
163
165
176
178
193
194
195
201
216
219
228
235
236
237
239
241
249
253
259
260
268
272
279
283
284
286
288
291
295
297
306
307
311
318
334
336
352
366
368
369
371
372
375
378
384
389
392
396
397
406
413
414
415
420
421
424
428
439
444
445
450
463
474
477
479
482
490
492
496
498
500
506
507
510
511
517
543
552
559
566
570
573
577
580
581
585
590
592
599
600
603
607
621
628
644
647
660
663
687
693
700
704
706
709
716
720
726
727
730
752
753
759
761
764
770
773
778
780
785
815
817
822
823
825
827
829
831
860
864
868
875
887
891
893
896
897
903
907
924
927
934
938
941
943
948
955
981
982
985
989
996
998
