# 269 12 403
0
3
10
19
21
27
32
36
39
47
53
55
57
59
61
63
66
69
70
71
76
81
83
85
91
98
99
102
103
105
108
109
110
117
118
119
126
142
146
148
149
151
154
156
160
162
163
165
167
169
176
178
193
194
195
201
206
208
210
212
216
219
224
228
234
235
236
237
239
241
244
246
249
253
259
260
261
263
264
267
268
272
273
279
281
283
284
286
288
291
295
297
304
306
307
311
318
334
336
341
352
358
366
368
369
371
372
375
377
378
384
389
391
392
396
397
403
405
406
413
414
415
420
421
424
428
430
439
441
444
445
448
450
463
466
469
474
477
478
479
482
484
485
490
492
494
495
496
498
499
500
506
507
510
511
517
523
524
543
552
554
559
566
570
573
575
577
580
581
585
587
590
592
599
600
603
607
619
621
628
638
644
645
646
647
659
660
663
664
670
682
684
687
693
697
700
704
706
709
716
720
721
724
726
727
729
730
732
743
752
753
758
759
761
764
768
770
773
778
780
785
790
799
815
817
822
823
825
827
829
831
860
864
866
868
875
887
889
891
893
894
896
897
900
903
907
913
915
924
927
929
934
938
941
943
947
948
952
954
955
957
977
981
982
984
985
989
996
998
