# 268 13 327
4
7
8
9
13
14
16
20
25
26
28
31
33
34
35
38
40
44
45
48
49
50
51
54
62
64
65
72
73
75
88
89
90
92
100
106
107
114
115
123
125
130
136
140
144
147
153
164
166
172
173
175
179
186
187
189
197
198
213
220
247
254
258
266
270
276
277
282
287
289
292
294
299
300
302
308
309
313
314
327
330
331
333
340
343
344
346
347
348
355
356
362
374
380
382
386
388
393
404
410
411
423
426
432
433
437
442
446
449
451
457
462
467
470
471
473
475
480
486
489
493
502
504
508
509
512
514
515
518
520
521
526
527
529
530
531
532
537
541
546
553
555
556
562
564
565
572
591
594
598
608
609
613
614
615
616
620
631
632
634
636
637
639
640
649
653
655
656
658
662
665
666
668
669
671
674
675
676
680
681
688
690
695
696
701
703
705
707
710
712
713
725
736
738
740
742
747
748
749
750
754
755
763
771
775
776
781
782
786
787
789
792
797
798
802
806
809
810
813
821
828
833
834
835
838
839
840
841
844
853
855
863
867
871
872
873
874
877
880
884
886
902
905
911
917
922
923
925
926
930
933
942
946
960
962
964
966
972
974
975
976
980
983
986
991
992
994
997
