# 152 11 883
17
18
43
46
52
74
82
84
87
94
97
120
121
127
129
134
135
145
150
158
159
171
190
191
199
200
202
203
204
218
225
227
231
233
238
242
248
251
255
262
265
275
296
305
317
319
325
326
337
338
342
360
361
363
364
370
376
381
395
399
401
402
408
419
435
436
440
453
455
458
460
472
488
491
497
503
516
522
533
540
545
547
549
550
558
560
571
576
582
584
588
589
595
596
601
604
626
627
629
630
641
651
661
673
711
728
735
751
762
766
769
772
774
777
784
805
808
812
818
826
837
842
843
845
850
851
859
861
869
883
888
901
904
909
916
919
921
928
936
939
949
951
956
961
965
967
968
971
978
987
993
995
