# 144 14 800
2
5
11
12
22
23
29
41
42
56
58
60
67
68
78
86
93
95
111
112
113
133
139
155
157
161
168
177
181
188
192
209
211
217
221
226
230
232
243
245
250
252
257
280
285
298
301
310
316
320
323
324
339
354
359
383
385
390
398
407
427
431
454
456
464
465
468
476
487
501
519
525
528
534
536
538
539
548
551
557
567
579
583
593
597
605
606
611
612
617
652
672
685
689
691
698
714
718
719
722
734
739
741
744
746
756
760
791
793
794
796
800
803
804
807
816
824
830
836
846
849
856
862
870
878
881
882
885
890
892
895
898
910
914
918
920
932
937
944
945
958
963
969
979
