# 182 12 825
1
2
20
24
30
35
57
59
62
65
68
76
103
110
117
138
140
143
147
148
150
164
182
189
192
197
208
209
222
230
232
233
241
243
244
252
255
269
272
280
285
286
293
294
301
303
309
327
329
333
335
343
350
359
362
364
365
366
371
391
399
407
410
411
417
422
430
439
440
441
451
460
463
467
481
487
491
497
501
502
515
522
528
530
537
542
548
550
557
572
573
575
577
588
589
590
598
600
602
603
606
621
625
627
632
633
639
642
645
651
658
661
665
666
681
684
687
688
693
696
699
700
708
711
713
715
728
729
737
738
741
750
752
754
755
760
762
764
773
780
781
788
793
796
798
799
812
813
817
818
819
820
822
825
829
831
833
838
843
860
871
882
889
891
903
905
909
914
925
931
937
941
942
943
950
953
969
971
972
983
990
993
