# 225 13 418
3
16
27
28
29
32
37
38
46
64
69
73
74
90
94
96
97
98
99
100
101
121
124
128
131
134
141
144
146
149
153
158
159
163
168
171
177
180
183
184
195
196
206
207
211
215
221
228
229
231
235
237
250
251
254
262
266
267
273
275
278
283
284
292
296
297
307
311
315
318
319
320
322
323
330
332
341
347
353
357
361
363
369
378
383
384
388
397
398
400
401
402
405
406
409
416
418
421
425
432
437
438
448
449
454
456
457
468
470
472
474
476
483
489
492
493
496
499
521
523
525
526
532
533
535
536
538
541
545
554
563
567
568
569
576
578
581
583
592
599
604
607
610
612
613
618
626
629
634
636
637
652
656
660
663
669
673
677
682
686
689
690
698
701
703
710
717
719
720
724
731
732
734
736
739
743
745
751
759
761
763
768
769
778
782
785
786
791
794
801
804
811
816
827
830
836
846
847
857
875
878
880
884
887
901
910
913
915
922
923
932
938
947
955
957
964
965
966
975
979
985
986
989
991
996
