Group 9.txt condensed by commonality!
7
38
59
62
74
80
122
127
128
163
164
178
212
259
306
313
341
366
372
413
457
460
472
512
520
527
540
658
670
704
721
749
752
810
820
823
836
877
887
896
902
918
949
958
975
979
987
990
11
24
28
45
54
61
64
69
77
82
84
86
87
94
99
101
108
109
125
126
138
144
147
154
159
166
167
168
173
181
192
193
201
210
226
230
241
252
255
289
297
304
323
330
345
350
351
354
361
362
364
375
381
390
391
395
405
421
430
452
453
459
461
480
501
508
517
530
532
537
572
575
579
592
601
611
612
622
623
642
667
694
701
707
719
732
734
741
743
746
751
761
777
779
784
786
791
795
800
806
808
819
839
843
845
846
847
849
860
863
864
869
872
879
880
882
883
890
891
893
913
914
915
917
924
927
934
938
940
941
947
951
954
969
972
998
2
40
56
85
117
135
148
150
179
184
191
207
231
238
240
260
269
282
302
324
326
349
363
409
444
454
467
474
496
526
539
548
566
568
619
634
637
646
653
654
678
733
737
750
753
755
842
854
867
874
884
903
928
950
956
957
959
960
973
981
982
1000
1008
1013
1022
1027
1028
1029
1030
1031
1041
1044
1046
1047
1052
1054
1055
1056
1058
1061
1063
1066
1067
1068
1075
1077
1083
1085
1093
1094
1095
1100
1103
1109
1117
1122
1126
1127
1133
1135
1144
1147
1151
1159
1160
1162
1163
1169
1174
1181
1182
1184
1193
1196
1198
1199
1200
1205
1207
1209
1214
1216
1223
1226
1229
1240
1247
1249
1253
1254
1256
1257
1258
1262
1263
1269
1271
1288
1289
1292
1293
1296
1306
1330
1331
1333
1339
1340
1346
1352
1357
1369
1375
1380
1383
1386
1389
1391
1399
1400
1409
1410
1415
1416
1424
1425
1426
1427
1428
1436
1438
1441
1449
1452
1454
1455
1456
1457
1461
1468
1475
1491
1492
1495
1498
1507
1509
1511
1526
1528
1540
1544
1551
1552
1555
1562
1564
1567
1569
1570
1572
1580
1581
1585
1586
1589
1592
1594
1596
1599
1603
1604
1612
1613
1614
1616
1618
1627
1634
1641
1642
1659
1662
1663
1666
1668
1674
1677
1680
1681
1693
1701
1704
1707
1710
1711
1712
1716
1717
1719
1720
1732
1734
1738
1745
1747
1748
1757
1759
1765
1770
1779
1783
1784
1792
1793
1806
1815
1816
1819
1820
1821
1826
1832
1833
1845
1846
1863
1866
1870
1872
1874
1881
1882
1884
1889
1892
1896
1899
1904
1907
1911
1915
1926
1933
1935
1936
1938
1952
1962
1975
1978
1982
1990
1001
1006
1025
1035
1062
1090
1097
1108
1118
1123
1217
1218
1227
1230
1290
1303
1315
1334
1364
1395
1408
1413
1442
1450
1459
1465
1469
1493
1515
1542
1563
1584
1648
1654
1688
1696
1740
1744
1749
1751
1758
1769
1781
1791
1817
1828
1838
1848
1853
1891
1932
1942
1959
1971
1987
2000
2003
2009
2011
2017
2024
2025
2027
2036
2040
2042
2065
2085
2106
2113
2118
2119
2120
2136
2142
2152
2157
2179
2195
2210
2211
2229
2230
2232
2234
2250
2262
2264
2292
2301
2309
2313
2323
2338
2340
2354
2378
2380
2393
2394
2399
2410
2416
2428
2444
2449
2452
2454
2456
2463
2468
2472
2479
2491
2498
2499
2500
2502
2508
2511
2512
2517
2521
2528
2531
2534
2537
2539
2542
2543
2552
2558
2562
2564
2568
2574
2577
2579
2586
2604
2608
2615
2616
2621
2626
2629
2630
2638
2642
2657
2680
2681
2684
2696
2697
2698
2704
2709
2718
2722
2732
2737
2740
2742
2747
2757
2759
2764
2765
2768
2781
2783
2789
2795
2797
2823
2835
2838
2849
2850
2882
2890
2903
2908
2927
2933
2934
2938
2940
2960
2971
2973
2977
2983
2985
2987
2995
2997
2026
2033
2043
2069
2080
2091
2093
2098
2121
2138
2154
2196
2216
2255
2260
2283
2327
2345
2377
2397
2432
2465
2488
2494
2496
2504
2506
2524
2541
2546
2550
2613
2650
2668
2676
2679
2724
2730
2743
2744
2748
2760
2824
2825
2836
2846
2879
2887
2917
2952
2955
2015
2039
2099
2101
2114
2127
2139
2143
2161
2165
2174
2183
2221
2225
2226
2237
2241
2242
2245
2269
2294
2329
2342
2349
2356
2364
2408
2415
2422
2470
2474
2476
2480
2489
2507
2516
2520
2548
2582
2583
2585
2649
2661
2750
2752
2775
2790
2800
2818
2828
2853
2873
2898
2904
2939
2945
2967
2970
2991
3006
3017
3018
3019
3025
3034
3035
3053
3066
3067
3079
3090
3095
3098
3102
3126
3133
3149
3158
3165
3172
3175
3181
3211
3217
3218
3220
3226
3244
3269
3292
3296
3312
3316
3317
3318
3319
3324
3341
3342
3347
3349
3358
3361
3364
3371
3391
3402
3424
3426
3429
3431
3435
3440
3444
3445
3449
3466
3476
3483
3487
3488
3495
3497
3502
3503
3505
3516
3542
3552
3573
3580
3601
3609
3634
3639
3646
3658
3665
3674
3675
3679
3680
3701
3707
3713
3736
3757
3779
3788
3799
3811
3818
3843
3854
3865
3875
3877
3887
3892
3895
3904
3923
3929
3930
3949
3959
3978
3992
3021
3022
3043
3057
3058
3060
3063
3064
3085
3087
3089
3092
3107
3125
3127
3129
3130
3132
3138
3148
3162
3182
3187
3189
3192
3213
3233
3261
3263
3264
3266
3282
3288
3289
3290
3307
3311
3314
3315
3325
3326
3335
3336
3340
3348
3350
3357
3365
3366
3367
3368
3374
3375
3380
3384
3396
3405
3407
3412
3439
3441
3464
3470
3473
3479
3480
3484
3496
3498
3507
3513
3514
3545
3549
3554
3592
3593
3598
3610
3613
3618
3628
3630
3641
3643
3653
3662
3698
3699
3705
3721
3732
3735
3737
3754
3758
3759
3766
3768
3774
3782
3785
3792
3794
3804
3806
3808
3823
3834
3836
3853
3856
3859
3879
3882
3889
3897
3900
3901
3922
3942
3950
3952
3960
3966
3969
3972
3979
3985
3986
3989
3991
4040
4044
4050
4054
4075
4106
4115
4140
4164
4187
4198
4282
4289
4300
4308
4331
4344
4362
4380
4382
4437
4462
4470
4486
4508
4509
4532
4553
4562
4609
4655
4658
4669
4676
4680
4701
4703
4705
4742
4792
4834
4840
4841
4867
4917
4946
4974
4992
4994
4004
4008
4013
4014
4016
4025
4028
4031
4035
4038
4048
4049
4062
4072
4073
4088
4092
4100
4107
4136
4147
4166
4173
4175
4186
4189
4247
4266
4276
4287
4292
4294
4313
4330
4347
4348
4356
4374
4393
4404
4410
4423
4426
4432
4433
4442
4446
4449
4457
4471
4473
4475
4480
4489
4493
4502
4504
4512
4514
4527
4529
4531
4537
4541
4546
4572
4591
4598
4608
4615
4616
4631
4632
4634
4636
4639
4649
4653
4671
4674
4675
4688
4690
4696
4710
4713
4725
4738
4740
4750
4754
4755
4763
4771
4776
4781
4787
4797
4798
4802
4806
4809
4810
4813
4821
4828
4833
4835
4838
4839
4844
4855
4863
4872
4873
4874
4877
4880
4884
4902
4911
4922
4923
4925
4926
4930
4933
4942
4960
4962
4964
4966
4975
4976
4986
4991
4997
4007
4009
4020
4026
4033
4034
4045
4051
4064
4065
4089
4090
4114
4123
4125
4130
4144
4153
4172
4179
4197
4213
4220
4254
4258
4270
4277
4299
4302
4309
4314
4327
4333
4340
4343
4346
4355
4386
4388
4411
4451
4467
4515
4518
4520
4521
4526
4530
4555
4556
4564
4565
4594
4613
4614
4620
4637
4640
4656
4662
4665
4666
4668
4681
4695
4707
4712
4736
4747
4748
4749
4775
4782
4786
4789
4853
4871
4886
4905
4972
4980
4983
5000
5005
5009
5033
5052
5065
5066
5070
5076
5078
5079
5080
5097
5099
5101
5102
5105
5111
5127
5132
5144
5169
5171
5182
5189
5193
5194
5214
5237
5244
5286
5290
5300
5306
5312
5315
5323
5346
5366
5387
5420
5421
5423
5467
5471
5474
5484
5496
5499
5507
5509
5565
5590
5613
5623
5625
5635
5644
5646
5660
5662
5688
5692
5701
5713
5714
5718
5747
5756
5770
5778
5784
5797
5811
5835
5860
5862
5863
5883
5941
5968
5981
5996
5002
5004
5010
5015
5016
5030
5042
5048
5054
5057
5060
5081
5112
5121
5122
5128
5130
5131
5137
5153
5156
5163
5176
5181
5211
5221
5238
5249
5251
5267
5275
5278
5309
5310
5317
5322
5328
5340
5351
5353
5357
5361
5362
5383
5392
5405
5406
5410
5475
5478
5495
5501
5505
5517
5518
5525
5537
5538
5539
5540
5542
5558
5560
5567
5580
5596
5617
5621
5629
5647
5651
5667
5686
5698
5700
5704
5721
5724
5739
5745
5746
5757
5790
5791
5817
5824
5828
5829
5838
5854
5859
5877
5878
5894
5904
5909
5915
5935
5944
5952
5954
5956
5958
5959
5966
5974
5978
5983
5989
5991
5040
5046
5074
5082
5086
5093
5119
5154
5155
5158
5180
5185
5205
5235
5245
5252
5296
5301
5337
5347
5348
5368
5376
5390
5407
5411
5427
5442
5490
5512
5519
5544
5571
5619
5630
5631
5661
5676
5677
5683
5703
5712
5720
5733
5762
5786
5812
5813
5841
5849
5910
5924
5943
5972
6007
6008
6012
6019
6031
6040
6041
6043
6045
6056
6057
6058
6075
6086
6103
6105
6109
6117
6126
6129
6131
6138
6173
6175
6182
6196
6197
6200
6215
6217
6219
6223
6224
6242
6244
6248
6250
6263
6269
6294
6309
6311
6315
6316
6319
6335
6342
6347
6349
6358
6363
6369
6370
6375
6388
6390
6400
6405
6422
6439
6441
6448
6458
6463
6471
6474
6477
6493
6495
6498
6502
6507
6508
6514
6517
6527
6537
6546
6554
6555
6565
6584
6605
6627
6636
6637
6642
6664
6680
6684
6692
6698
6703
6706
6724
6747
6750
6755
6758
6771
6776
6789
6795
6807
6808
6815
6818
6839
6857
6872
6880
6882
6885
6900
6902
6917
6927
6930
6932
6945
6954
6955
6964
6975
6984
6993
6995
6011
6153
6154
6165
6166
6181
6185
6228
6235
6236
6245
6306
6310
6325
6331
6332
6336
6379
6384
6389
6393
6404
6427
6429
6457
6494
6510
6519
6541
6571
6583
6604
6612
6624
6625
6626
6654
6672
6675
6682
6715
6801
6914
6918
6924
6005
6026
6027
6033
6034
6039
6044
6048
6050
6052
6077
6078
6088
6097
6106
6121
6132
6140
6143
6145
6164
6174
6179
6192
6203
6208
6211
6268
6271
6276
6281
6307
6326
6328
6361
6365
6381
6383
6415
6416
6432
6442
6443
6447
6475
6509
6515
6558
6562
6563
6567
6574
6575
6578
6579
6580
6586
6587
6603
6619
6639
6662
6687
6690
6691
6699
6719
6720
6767
6792
6814
6835
6847
6892
6901
6921
6928
6948
6967
6979
7049
7107
7251
7274
7293
7329
7374
7405
7435
7456
7482
7496
7546
7572
7574
7593
7622
7683
7711
7759
7842
7964
7043
7061
7080
7089
7135
7141
7165
7190
7260
7272
7275
7279
7284
7306
7316
7337
7343
7351
7355
7386
7391
7432
7440
7520
7521
7554
7567
7587
7612
7639
7640
7655
7702
7704
7721
7735
7752
7804
7827
7831
7835
7877
7885
7886
7892
7912
7929
7966
7969
7029
7041
7046
7053
7055
7065
7072
7097
7122
7162
7184
7189
7196
7210
7224
7225
7236
7253
7265
7294
7296
7298
7300
7313
7314
7323
7335
7340
7345
7347
7353
7360
7361
7364
7375
7390
7393
7419
7431
7433
7438
7450
7457
7466
7484
7491
7513
7514
7518
7523
7529
7535
7564
7571
7617
7625
7626
7630
7648
7659
7662
7670
7676
7684
7720
7729
7734
7743
7749
7767
7770
7783
7802
7820
7848
7854
7868
7874
7875
7888
7893
7894
7899
7907
7908
7919
7942
7953
7955
7975
7976
7980
7984
7994
7995
7997
7009
7011
7015
7038
7054
7066
7102
7104
7106
7112
7130
7134
7137
7139
7161
7170
7197
7207
7218
7222
7240
7302
7312
7319
7332
7348
7379
7397
7402
7404
7410
7443
7462
7488
7493
7505
7530
7595
7598
7616
7618
7636
7641
7643
7653
7664
7669
7693
7707
7756
7768
7813
7818
7822
7839
7840
7843
7851
7873
7901
7902
7921
7925
7935
7943
7957
7961
7968
7970
7977
8026
8065
8085
8120
8143
8154
8184
8213
8215
8241
8278
8292
8300
8339
8340
8385
8401
8432
8464
8518
8631
8639
8655
8661
8678
8679
8695
8733
8773
8793
8805
8813
8871
8876
8888
8943
8969
8972
8982
8992
8001
8002
8007
8011
8012
8013
8019
8022
8027
8037
8039
8045
8049
8050
8052
8056
8059
8061
8068
8073
8076
8086
8089
8093
8095
8097
8098
8100
8110
8111
8112
8127
8129
8135
8138
8139
8140
8152
8163
8167
8170
8173
8174
8175
8176
8177
8179
8192
8197
8206
8208
8218
8219
8225
8231
8232
8233
8250
8253
8255
8259
8261
8264
8269
8272
8273
8282
8287
8289
8290
8297
8312
8319
8327
8343
8348
8352
8355
8368
8381
8386
8387
8393
8419
8421
8437
8456
8472
8483
8491
8498
8500
8504
8505
8514
8524
8525
8543
8544
8546
8552
8553
8557
8558
8560
8561
8563
8569
8570
8572
8580
8582
8589
8590
8591
8607
8615
8616
8621
8624
8627
8632
8636
8638
8642
8646
8649
8650
8653
8654
8658
8664
8667
8668
8671
8673
8681
8704
8705
8709
8712
8718
8723
8727
8732
8737
8744
8748
8749
8750
8756
8766
8770
8774
8776
8780
8785
8790
8794
8809
8810
8822
8837
8840
8843
8845
8846
8863
8864
8870
8882
8883
8884
8885
8895
8898
8899
8902
8906
8910
8916
8917
8922
8926
8927
8934
8941
8942
8949
8953
8955
8973
8976
8977
8980
8984
8986
8988
8990
8998
9002
9009
9024
9028
9059
9068
9070
9078
9080
9081
9086
9096
9099
9103
9107
9108
9112
9155
9157
9181
9184
9189
9196
9198
9208
9216
9219
9238
9239
9262
9267
9271
9275
9294
9298
9301
9309
9310
9312
9317
9354
9358
9375
9382
9383
9402
9404
9407
9432
9433
9443
9445
9453
9477
9519
9530
9533
9539
9544
9562
9567
9576
9577
9594
9597
9598
9620
9626
9627
9631
9664
9699
9701
9709
9719
9720
9722
9734
9744
9747
9766
9767
9770
9778
9809
9829
9832
9836
9864
9879
9881
9887
9898
9916
9922
9945
9947
9952
9959
9961
9964
9969
9971
9974
9980
9995
9997
9044
9057
9069
9075
9088
9093
9114
9133
9146
9148
9223
9251
9300
9302
9350
9367
9374
9400
9422
9425
9448
9454
9461
9466
9506
9516
9517
9564
9575
9584
9586
9608
9680
9735
9755
9786
9802
9844
9846
9890
9891
9899
9924
9925
9926
9927
9950
9981
9988
9993
9007
9011
9014
9023
9029
9048
9050
9053
9056
9094
9102
9135
9142
9154
9173
9182
9203
9206
9209
9211
9213
9242
9245
9252
9259
9269
9286
9316
9318
9325
9353
9363
9373
9378
9388
9390
9398
9420
9440
9441
9451
9471
9499
9502
9512
9515
9522
9526
9538
9548
9557
9560
9578
9581
9589
9602
9618
9619
9624
9633
9636
9654
9655
9660
9665
9682
9694
9724
9727
9738
9746
9762
9787
9790
9791
9796
9800
9813
9831
9833
9839
9843
9847
9855
9877
9884
9894
9907
9919
9928
9938
9954
9965
9973
9975
9986
9989
9994
10023
10024
10046
10055
10058
10066
10093
10112
10113
10118
10120
10125
10126
10142
10147
10159
10171
10179
10180
10194
10203
10207
10214
10220
10234
10240
10241
10252
10258
10271
10278
10279
10280
10281
10292
10315
10324
10339
10380
10394
10406
10414
10419
10421
10441
10466
10487
10490
10493
10504
10513
10523
10531
10540
10557
10559
10563
10565
10569
10574
10578
10590
10595
10604
10619
10631
10637
10651
10657
10658
10665
10668
10672
10679
10697
10698
10722
10725
10733
10739
10744
10749
10761
10770
10775
10782
10790
10793
10797
10808
10825
10847
10848
10862
10882
10883
10893
10894
10897
10900
10907
10913
10915
10919
10930
10951
10957
10960
10964
10965
10966
10967
10970
10984
10985
10997
10033
10039
10092
10096
10132
10168
10209
10210
10363
10370
10424
10456
10467
10479
10507
10546
10588
10603
10635
10675
10676
10711
10873
10877
10888
10923
10929
10932
10981
10003
10004
10008
10035
10038
10042
10085
10086
10090
10107
10123
10124
10141
10149
10150
10156
10169
10172
10174
10178
10237
10238
10253
10262
10263
10268
10275
10286
10293
10323
10343
10353
10379
10430
10432
10438
10460
10464
10468
10471
10483
10491
10515
10520
10530
10532
10550
10555
10556
10562
10570
10573
10580
10587
10589
10594
10616
10633
10650
10678
10680
10690
10703
10704
10706
10707
10717
10732
10735
10741
10759
10766
10767
10805
10813
10851
10871
10875
10881
10886
10889
10896
10903
10944
10948
10962
10980
10986
10988
11007
11008
11235
11280
11292
11322
11373
11387
11394
11422
11512
11584
11633
11634
11678
11714
11727
11729
11734
11737
11757
11765
11775
11781
11804
11842
11863
11868
11969
11984
11024
11030
11035
11056
11067
11119
11122
11127
11150
11175
11189
11207
11219
11257
11284
11290
11317
11323
11328
11334
11350
11355
11362
11376
11389
11479
11501
11508
11515
11520
11522
11538
11547
11571
11579
11596
11608
11628
11640
11666
11690
11703
11710
11718
11733
11758
11820
11822
11836
11858
11873
11886
11889
11915
11924
11931
11948
11982
11006
11015
11026
11051
11098
11102
11105
11107
11109
11113
11116
11118
11132
11133
11151
11168
11183
11190
11195
11222
11233
11240
11270
11274
11275
11286
11294
11303
11318
11329
11340
11341
11343
11357
11364
11395
11400
11403
11404
11418
11421
11440
11443
11448
11452
11460
11461
11463
11474
11493
11494
11513
11514
11543
11548
11560
11576
11578
11595
11623
11624
11632
11642
11668
11680
11692
11713
11732
11739
11742
11767
11776
11780
11791
11833
11837
11844
11851
11852
11853
11860
11864
11865
11876
11879
11880
11899
11923
11940
11946
11951
11953
11959
11964
11973
11986
11992
11995
11010
11031
11040
11057
11065
11087
11097
11112
11124
11125
11126
11131
11142
11164
11193
11214
11231
11236
11261
11267
11271
11276
11299
11315
11339
11344
11347
11351
11354
11388
11412
11417
11420
11438
11449
11450
11470
11491
11504
11521
11524
11573
11590
11617
11625
11655
11657
11660
11681
11689
11736
11738
11754
11796
11840
11845
11856
11874
11891
11893
11898
11957
11977
11980
11981
12010
12013
12014
12015
12020
12028
12030
12033
12034
12036
12041
12043
12049
12055
12058
12061
12062
12066
12073
12079
12081
12084
12087
12094
12106
12108
12123
12127
12129
12133
12147
12156
12157
12158
12170
12174
12176
12181
12182
12183
12186
12188
12190
12191
12194
12198
12205
12219
12225
12226
12237
12240
12246
12249
12250
12252
12253
12254
12257
12264
12265
12278
12279
12287
12297
12300
12304
12305
12314
12324
12327
12349
12351
12353
12367
12369
12371
12373
12375
12382
12398
12404
12411
12413
12416
12419
12420
12425
12427
12440
12443
12449
12454
12455
12458
12459
12464
12481
12484
12485
12496
12497
12503
12506
12511
12520
12534
12540
12543
12547
12549
12553
12556
12562
12564
12566
12567
12569
12575
12578
12581
12582
12583
12595
12596
12601
12606
12607
12608
12609
12617
12621
12622
12630
12640
12644
12647
12650
12651
12657
12658
12663
12667
12680
12683
12685
12702
12703
12704
12713
12723
12727
12730
12735
12749
12752
12757
12770
12771
12776
12790
12793
12813
12815
12817
12822
12823
12828
12837
12842
12844
12845
12851
12861
12871
12878
12882
12883
12885
12889
12892
12907
12911
12923
12926
12930
12937
12942
12947
12960
12961
12963
12968
12969
12979
12980
12982
12990
12991
12996
12999
12005
12045
12052
12056
12063
12068
12090
12126
12134
12151
12169
12171
12178
12196
12207
12296
12347
12358
12385
12390
12414
12430
12445
12447
12451
12462
12469
12473
12508
12522
12524
12550
12559
12572
12586
12590
12627
12659
12687
12693
12700
12701
12726
12750
12751
12773
12841
12855
12863
12864
12867
12870
12896
12915
12933
12936
12959
12964
12966
12973
12978
13004
13005
13007
13012
13015
13020
13022
13027
13041
13047
13063
13068
13076
13079
13085
13101
13104
13106
13117
13123
13136
13142
13151
13162
13164
13173
13174
13193
13197
13206
13209
13231
13238
13244
13246
13251
13260
13262
13271
13272
13284
13300
13301
13318
13323
13327
13329
13342
13343
13344
13349
13358
13383
13390
13393
13412
13417
13420
13421
13422
13423
13439
13459
13461
13479
13511
13522
13523
13524
13529
13534
13542
13555
13563
13570
13597
13604
13605
13609
13611
13617
13627
13629
13636
13641
13674
13687
13694
13699
13719
13723
13725
13728
13735
13759
13773
13777
13785
13787
13796
13797
13823
13828
13839
13840
13845
13855
13857
13876
13883
13887
13889
13893
13904
13906
13921
13929
13936
13942
13964
13973
13974
13977
13980
13993
13003
13029
13039
13044
13055
13059
13069
13100
13105
13107
13118
13129
13130
13131
13140
13141
13148
13156
13185
13205
13216
13223
13225
13229
13230
13236
13237
13242
13254
13261
13267
13287
13307
13316
13326
13357
13369
13372
13396
13410
13413
13415
13418
13419
13427
13442
13444
13446
13449
13506
13525
13532
13533
13536
13544
13550
13554
13601
13603
13610
13630
13655
13658
13661
13676
13692
13702
13705
13712
13731
13738
13763
13770
13792
13793
13801
13804
13806
13808
13810
13821
13834
13836
13838
13851
13869
13880
13881
13888
13892
13901
13909
13923
13947
13952
13953
13955
13979
13986
13987
13988
13989
13990
14009
14010
14018
14026
14028
14030
14055
14075
14098
14109
14128
14138
14140
14142
14143
14145
14149
14153
14157
14159
14167
14178
14185
14188
14192
14197
14203
14206
14210
14211
14212
14215
14221
14226
14232
14235
14238
14243
14248
14257
14258
14259
14261
14264
14282
14286
14293
14298
14311
14319
14342
14353
14355
14367
14368
14369
14371
14374
14377
14383
14385
14387
14394
14399
14401
14403
14414
14415
14421
14425
14426
14429
14454
14456
14462
14463
14478
14482
14487
14498
14499
14501
14517
14520
14525
14534
14554
14559
14566
14568
14570
14576
14595
14596
14608
14609
14615
14631
14638
14646
14655
14659
14664
14676
14678
14679
14693
14695
14697
14709
14713
14718
14723
14729
14733
14735
14741
14748
14756
14763
14766
14773
14784
14786
14793
14796
14797
14809
14820
14825
14828
14846
14857
14874
14875
14878
14879
14880
14881
14896
14899
14914
14923
14952
14965
14977
14985
14989
14994
14999
14022
14036
14039
14045
14053
14063
14073
14081
14093
14096
14099
14129
14133
14139
14156
14160
14170
14171
14173
14179
14180
14196
14213
14251
14252
14254
14263
14267
14291
14300
14307
14315
14316
14318
14320
14332
14336
14340
14352
14370
14391
14397
14404
14428
14430
14432
14437
14439
14441
14460
14468
14477
14483
14512
14513
14532
14542
14543
14545
14551
14557
14562
14573
14579
14581
14582
14584
14587
14616
14624
14626
14628
14630
14633
14636
14648
14701
14714
14736
14752
14764
14775
14781
14789
14802
14808
14811
14814
14822
14824
14852
14858
14860
14863
14873
14883
14893
14972
14973
14976
14983
14984
14988
14995
15006
15007
15009
15011
15013
15045
15136
15141
15153
15161
15176
15189
15191
15202
15207
15227
15231
15234
15245
15255
15261
15280
15283
15302
15305
15313
15344
15359
15379
15387
15396
15411
15417
15433
15444
15447
15483
15513
15521
15527
15538
15541
15559
15584
15589
15642
15643
15645
15651
15680
15717
15744
15753
15762
15769
15770
15815
15831
15832
15873
15877
15878
15892
15930
15931
15943
15965
15978
15984
15988
15991
15002
15030
15057
15058
15061
15066
15067
15070
15100
15114
15124
15142
15146
15157
15159
15177
15201
15215
15230
15250
15254
15285
15297
15330
15338
15339
15356
15381
15382
15406
15409
15425
15431
15436
15445
15468
15474
15509
15512
15515
15529
15537
15543
15550
15566
15575
15585
15586
15598
15615
15620
15701
15728
15739
15741
15749
15783
15803
15811
15829
15850
15864
15872
15876
15894
15895
15906
15937
15951
15974
15995
15998
15010
15018
15036
15037
15042
15053
15064
15076
15088
15095
15107
15111
15112
15120
15127
15132
15133
15135
15144
15148
15162
15174
15188
15194
15204
15221
15224
15247
15252
15260
15265
15271
15288
15293
15303
15308
15324
15336
15348
15349
15362
15365
15372
15376
15377
15389
15393
15401
15415
15420
15422
15424
15426
15450
15456
15457
15463
15471
15473
15484
15494
15514
15522
15583
15596
15603
15610
15635
15654
15665
15673
15682
15688
15721
15722
15724
15730
15735
15758
15760
15766
15779
15784
15802
15804
15809
15810
15816
15839
15842
15853
15875
15881
15889
15897
15901
15925
15945
15962
15970
15994
15997
16015
16024
16025
16040
16047
16050
16055
16056
16060
16068
16069
16077
16094
16104
16110
16111
16123
16124
16126
16130
16131
16138
16143
16144
16150
16157
16158
16159
16163
16172
16175
16189
16195
16198
16204
16218
16226
16230
16235
16237
16238
16251
16253
16255
16262
16266
16272
16278
16295
16297
16311
16349
16383
16386
16388
16389
16390
16400
16402
16418
16437
16442
16455
16474
16484
16490
16502
16505
16518
16525
16538
16540
16545
16565
16572
16576
16582
16586
16587
16611
16613
16627
16629
16633
16648
16659
16661
16662
16688
16694
16705
16722
16726
16744
16746
16758
16760
16768
16775
16791
16803
16804
16819
16821
16833
16837
16858
16869
16880
16883
16888
16889
16908
16916
16929
16952
16969
16997
16016
16026
16038
16044
16057
16058
16059
16098
16112
16128
16132
16134
16165
16192
16193
16201
16206
16210
16211
16215
16216
16229
16236
16248
16265
16271
16283
16301
16321
16350
16353
16354
16379
16380
16381
16387
16392
16422
16424
16425
16439
16453
16454
16456
16462
16468
16477
16483
16492
16493
16497
16499
16509
16510
16511
16527
16559
16562
16568
16577
16592
16602
16607
16615
16616
16621
16649
16653
16658
16666
16675
16686
16687
16693
16713
16718
16719
16734
16748
16759
16761
16793
16795
16796
16800
16806
16817
16822
16829
16832
16840
16841
16845
16864
16868
16870
16871
16874
16875
16881
16911
16927
16931
16938
16944
16947
16951
16953
16954
16963
16977
16994
16996
17009
17014
17015
17025
17029
17038
17044
17046
17062
17072
17076
17077
17084
17086
17089
17104
17108
17121
17126
17129
17133
17146
17156
17174
17175
17191
17198
17217
17226
17238
17243
17267
17273
17274
17278
17281
17285
17290
17315
17319
17320
17321
17322
17329
17334
17335
17362
17363
17367
17374
17375
17380
17383
17384
17394
17396
17407
17408
17411
17416
17445
17460
17472
17473
17477
17479
17490
17494
17499
17500
17501
17505
17509
17519
17520
17522
17525
17546
17555
17558
17562
17565
17571
17582
17588
17592
17601
17602
17610
17611
17613
17618
17625
17627
17630
17647
17649
17656
17664
17666
17672
17682
17690
17695
17698
17704
17706
17709
17716
17729
17737
17742
17747
17767
17768
17774
17779
17792
17806
17810
17815
17817
17836
17842
17844
17853
17860
17871
17874
17877
17888
17894
17898
17900
17901
17913
17919
17921
17927
17931
17932
17939
17940
17942
17946
17956
17962
17966
17975
17976
17978
17002
17021
17033
17034
17041
17054
17055
17058
17075
17080
17092
17093
17094
17101
17106
17115
17118
17144
17147
17154
17165
17170
17171
17193
17220
17244
17248
17250
17252
17254
17261
17280
17287
17296
17305
17306
17308
17341
17347
17348
17353
17361
17368
17372
17377
17390
17391
17406
17410
17414
17425
17465
17486
17492
17493
17508
17516
17545
17564
17587
17589
17590
17595
17600
17605
17621
17626
17637
17644
17650
17651
17657
17669
17671
17675
17681
17683
17685
17691
17699
17703
17726
17728
17735
17736
17744
17753
17755
17764
17794
17802
17812
17824
17840
17858
17859
17880
17911
17914
17916
17930
17944
17950
17952
17960
17993
17998
18004
18008
18009
18010
18013
18014
18019
18021
18023
18034
18037
18040
18044
18049
18072
18076
18078
18081
18083
18085
18088
18089
18093
18099
18102
18104
18109
18112
18113
18117
18122
18123
18124
18127
18131
18135
18137
18141
18154
18155
18163
18172
18175
18177
18180
18185
18187
18196
18197
18199
18200
18202
18203
18216
18223
18224
18226
18236
18240
18257
18258
18260
18262
18268
18270
18273
18285
18291
18295
18296
18300
18311
18323
18344
18345
18349
18354
18375
18376
18377
18380
18383
18385
18389
18407
18410
18412
18431
18445
18448
18451
18462
18463
18481
18490
18506
18520
18527
18537
18547
18554
18556
18575
18576
18591
18595
18597
18602
18604
18606
18607
18613
18618
18623
18630
18632
18643
18650
18660
18663
18667
18675
18678
18683
18688
18689
18695
18696
18699
18700
18708
18711
18716
18717
18727
18736
18740
18742
18747
18750
18767
18783
18785
18791
18798
18805
18806
18811
18824
18829
18842
18848
18849
18863
18878
18883
18889
18892
18895
18901
18902
18904
18907
18908
18916
18919
18928
18930
18932
18934
18935
18940
18946
18956
18962
18967
18968
18970
18971
18975
18978
18983
18995
18005
18012
18020
18029
18048
18060
18064
18066
18108
18118
18161
18170
18209
18210
18211
18217
18231
18237
18241
18263
18269
18302
18315
18326
18334
18339
18360
18391
18402
18411
18414
18427
18450
18496
18509
18522
18546
18549
18550
18560
18567
18577
18583
18587
18589
18600
18605
18612
18628
18671
18680
18682
18705
18719
18720
18739
18753
18765
18768
18773
18776
18777
18793
18794
18795
18796
18803
18816
18821
18873
18903
18906
18947
18982
18987
18990
19004
19015
19022
19025
19027
19052
19062
19071
19079
19087
19118
19125
19130
19131
19139
19140
19183
19199
19204
19207
19219
19240
19252
19253
19263
19265
19279
19281
19288
19291
19298
19305
19306
19313
19324
19348
19356
19381
19384
19385
19386
19400
19405
19408
19419
19422
19438
19449
19452
19459
19487
19497
19503
19525
19527
19548
19563
19566
19571
19572
19575
19578
19586
19592
19602
19626
19643
19653
19668
19683
19688
19695
19708
19710
19712
19746
19748
19776
19786
19792
19805
19807
19809
19818
19894
19896
19898
19899
19903
19923
19928
19950
19955
19975
19997
19005
19058
19059
19072
19076
19081
19144
19161
19187
19218
19235
19260
19293
19341
19352
19360
19370
19383
19411
19440
19486
19499
19520
19557
19594
19613
19619
19631
19654
19690
19697
19702
19705
19707
19720
19725
19756
19758
19759
19766
19778
19779
19813
19817
19846
19848
19851
19891
19895
19900
19925
19926
19927
19936
19949
19963
19976
19981
19984
19988
19989
19013
19016
19019
19021
19030
19035
19041
19046
19047
19050
19056
19057
19103
19112
19175
19189
19192
19217
19225
19228
19231
19245
19261
19269
19286
19296
19312
19322
19326
19334
19342
19350
19351
19355
19359
19363
19371
19375
19376
19382
19391
19394
19426
19428
19436
19441
19455
19472
19488
19489
19555
19569
19577
19589
19601
19628
19647
19663
19672
19677
19682
19715
19741
19745
19762
19764
19768
19806
19823
19825
19832
19836
19844
19861
19869
19872
19901
19907
19910
19929
19941
19948
19953
19954
19957
19961
19962
19979
19980
19995
20006
20009
20023
20041
20043
20045
20066
20074
20082
20097
20107
20117
20159
20163
20170
20176
20209
20231
20232
20254
20257
20263
20270
20275
20303
20308
20317
20318
20321
20324
20325
20332
20335
20338
20345
20360
20375
20388
20390
20429
20431
20443
20446
20451
20459
20466
20469
20470
20476
20482
20485
20492
20506
20523
20543
20552
20591
20601
20614
20622
20637
20639
20651
20657
20665
20684
20689
20692
20724
20736
20740
20763
20773
20781
20789
20806
20818
20845
20846
20863
20868
20875
20886
20888
20893
20908
20922
20933
20936
20957
20978
20985
20991
20999
20022
20024
20028
20032
20046
20048
20052
20053
20057
20061
20065
20072
20075
20093
20106
20109
20122
20132
20145
20150
20153
20154
20162
20169
20181
20182
20184
20199
20200
20210
20214
20220
20222
20226
20230
20236
20238
20240
20247
20258
20264
20272
20274
20296
20302
20319
20329
20341
20361
20364
20371
20373
20387
20414
20421
20426
20432
20436
20440
20447
20449
20453
20456
20458
20463
20472
20478
20486
20490
20493
20495
20502
20505
20507
20515
20545
20549
20566
20570
20573
20575
20579
20580
20581
20607
20616
20623
20628
20631
20636
20638
20643
20661
20662
20668
20669
20671
20681
20691
20704
20707
20711
20725
20730
20748
20753
20759
20760
20772
20788
20799
20803
20805
20813
20815
20822
20829
20840
20841
20842
20861
20862
20866
20876
20899
20902
20923
20926
20927
20932
20935
20948
20949
20951
20963
20973
20980
20984
20987
20989
20994
20996
20998
21024
21038
21138
21204
21254
21265
21433
21485
21536
21678
21696
21772
21826
21931
21940
21990
21995
21997
21005
21011
21019
21047
21052
21057
21094
21098
21108
21110
21147
21159
21239
21246
21248
21251
21267
21308
21321
21327
21328
21331
21340
21383
21429
21437
21449
21452
21470
21491
21511
21518
21534
21541
21555
21571
21606
21608
21615
21658
21661
21671
21692
21698
21727
21752
21756
21760
21801
21819
21836
21869
21909
21921
21929
21930
21933
21967
21006
21016
21049
21051
21068
21070
21072
21074
21075
21090
21091
21097
21101
21120
21131
21144
21154
21161
21186
21199
21200
21224
21232
21245
21270
21277
21279
21281
21283
21287
21288
21289
21298
21319
21323
21325
21344
21347
21355
21363
21368
21381
21399
21424
21459
21471
21475
21483
21505
21516
21517
21519
21528
21556
21560
21562
21568
21574
21595
21600
21617
21623
21652
21663
21666
21673
21677
21685
21699
21707
21726
21731
21739
21744
21757
21758
21778
21781
21784
21785
21812
21814
21815
21816
21818
21833
21847
21848
21858
21863
21868
21870
21878
21886
21889
21892
21904
21907
21920
21923
21960
21962
21978
21980
21983
21987
21008
21015
21107
21123
21165
21168
21173
21195
21203
21205
21220
21244
21284
21314
21332
21393
21404
21444
21455
21468
21502
21514
21524
21566
21585
21625
21631
21646
21650
21651
21712
21737
21740
21743
21766
21797
21803
21806
21820
21832
21857
21891
21928
21944
21947
21966
21985
22016
22029
22040
22042
22053
22058
22077
22093
22098
22103
22104
22113
22116
22154
22161
22168
22181
22202
22215
22216
22219
22227
22234
22235
22238
22243
22248
22252
22258
22268
22274
22280
22281
22290
22293
22312
22350
22352
22379
22389
22402
22420
22430
22433
22436
22447
22448
22449
22455
22467
22468
22469
22476
22478
22491
22511
22516
22517
22526
22527
22530
22532
22535
22540
22545
22547
22552
22566
22596
22598
22616
22624
22629
22640
22673
22676
22695
22696
22701
22714
22716
22725
22732
22737
22741
22747
22767
22768
22771
22784
22801
22809
22815
22832
22835
22842
22847
22863
22870
22875
22896
22907
22917
22927
22929
22933
22956
22961
22962
22973
22978
22980
22981
22993
22999
22020
22031
22045
22071
22076
22094
22108
22120
22123
22130
22158
22163
22166
22189
22196
22205
22206
22210
22226
22240
22242
22289
22299
22302
22329
22339
22380
22401
22418
22425
22427
22428
22438
22440
22473
22489
22520
22538
22554
22557
22585
22592
22595
22601
22627
22631
22641
22657
22675
22682
22700
22712
22750
22754
22764
22770
22773
22800
22803
22823
22829
22840
22844
22849
22860
22868
22872
22878
22880
22902
22921
22932
22934
22942
22954
22970
22982
22992
22998
22036
22046
22066
22073
22134
22135
22149
22191
22214
22221
22237
22269
22296
22314
22326
22361
22369
22393
22398
22399
22432
22483
22524
22589
22614
22649
22688
22692
22702
22730
22734
22738
22796
22799
22807
22810
22817
22825
22865
22891
22913
22915
22930
22941
22957
22966
23013
23014
23016
23029
23034
23035
23040
23042
23044
23052
23064
23067
23076
23084
23091
23093
23095
23096
23102
23113
23121
23123
23134
23135
23137
23143
23148
23161
23174
23176
23188
23192
23203
23204
23206
23225
23228
23232
23233
23235
23242
23243
23247
23248
23265
23267
23276
23279
23289
23293
23294
23298
23299
23300
23304
23307
23315
23321
23327
23337
23341
23342
23348
23353
23355
23357
23362
23374
23375
23376
23377
23378
23379
23391
23396
23404
23405
23410
23414
23416
23418
23419
23420
23425
23426
23428
23429
23433
23439
23440
23443
23445
23452
23457
23477
23484
23487
23490
23495
23505
23509
23511
23515
23523
23531
23533
23534
23536
23543
23549
23552
23557
23558
23561
23563
23564
23565
23566
23571
23586
23589
23592
23596
23598
23599
23602
23604
23605
23608
23612
23627
23629
23637
23640
23649
23651
23659
23666
23670
23671
23674
23678
23680
23685
23686
23698
23715
23718
23722
23731
23732
23733
23734
23736
23740
23752
23757
23768
23783
23785
23791
23808
23810
23811
23813
23822
23823
23830
23831
23836
23837
23840
23848
23852
23859
23860
23866
23867
23868
23872
23874
23875
23879
23884
23894
23896
23903
23904
23910
23923
23925
23927
23933
23935
23940
23941
23953
23955
23964
23974
23979
23980
23981
23984
23986
23988
23991
23993
23996
23006
23038
23050
23053
23065
23069
23078
23080
23100
23127
23132
23136
23138
23139
23154
23178
23187
23200
23216
23218
23250
23280
23285
23301
23305
23316
23350
23422
23430
23444
23446
23488
23496
23497
23502
23528
23530
23542
23547
23594
23622
23624
23650
23652
23662
23667
23691
23708
23739
23755
23760
23816
23817
23863
23898
23909
23924
23931
23944
24000
24007
24028
24035
24039
24042
24043
24045
24058
24080
24081
24090
24095
24096
24102
24109
24139
24155
24171
24173
24180
24186
24192
24194
24208
24216
24234
24241
24246
24266
24272
24273
24275
24285
24292
24325
24334
24342
24346
24348
24352
24354
24357
24361
24366
24388
24420
24422
24425
24433
24436
24445
24456
24462
24464
24467
24473
24499
24506
24514
24521
24536
24539
24570
24573
24577
24580
24582
24588
24597
24600
24606
24613
24623
24627
24631
24632
24635
24665
24669
24678
24699
24701
24705
24707
24714
24720
24722
24726
24739
24747
24754
24755
24768
24777
24783
24786
24787
24791
24807
24812
24824
24832
24840
24841
24844
24845
24855
24858
24865
24869
24880
24922
24935
24943
24949
24955
24960
24964
24969
24976
24983
24999
24001
24009
24014
24019
24038
24044
24051
24053
24063
24073
24078
24079
24098
24104
24106
24113
24116
24117
24125
24133
24156
24159
24160
24162
24165
24166
24169
24170
24178
24200
24202
24220
24231
24236
24240
24244
24252
24262
24280
24290
24311
24321
24324
24341
24344
24345
24360
24362
24375
24387
24407
24413
24416
24430
24442
24453
24458
24460
24472
24488
24501
24508
24515
24522
24526
24538
24543
24544
24547
24549
24557
24559
24560
24571
24572
24585
24610
24614
24617
24649
24653
24655
24659
24673
24676
24677
24685
24695
24697
24715
24727
24738
24749
24764
24801
24804
24818
24820
24830
24850
24860
24861
24872
24875
24905
24913
24928
24931
24939
25003
25012
25019
25035
25046
25060
25068
25069
25077
25078
25082
25083
25084
25090
25101
25110
25123
25135
25147
25148
25152
25157
25158
25164
25167
25187
25196
25201
25228
25251
25260
25261
25271
25275
25285
25298
25299
25304
25307
25311
25314
25335
25347
25386
25400
25401
25404
25409
25413
25415
25423
25440
25443
25454
25456
25462
25465
25488
25495
25497
25501
25503
25507
25515
25529
25531
25556
25565
25593
25600
25601
25605
25608
25616
25621
25629
25634
25636
25637
25642
25644
25646
25653
25668
25678
25683
25688
25695
25702
25703
25709
25710
25711
25721
25725
25738
25743
25746
25758
25763
25766
25780
25793
25794
25797
25801
25806
25812
25816
25826
25830
25837
25845
25851
25854
25864
25869
25884
25888
25898
25915
25920
25923
25924
25925
25928
25933
25937
25947
25948
25967
25977
25981
25998
25011
25022
25040
25045
25067
25095
25097
25102
25125
25126
25128
25138
25154
25155
25166
25182
25189
25190
25204
25215
25218
25242
25245
25249
25255
25272
25274
25280
25281
25289
25292
25294
25305
25312
25317
25318
25321
25336
25338
25341
25359
25367
25369
25370
25374
25375
25379
25387
25405
25411
25424
25432
25434
25437
25438
25441
25463
25470
25482
25485
25486
25499
25511
25518
25519
25533
25552
25557
25558
25562
25574
25578
25587
25591
25602
25610
25614
25640
25641
25660
25685
25689
25707
25712
25715
25748
25769
25788
25790
25792
25800
25809
25834
25840
25843
25848
25859
25887
25889
25901
25903
25914
25940
25946
25956
25984
26002
26015
26019
26024
26030
26031
26043
26047
26050
26055
26073
26084
26086
26088
26095
26099
26112
26114
26123
26129
26138
26174
26190
26192
26193
26209
26215
26230
26237
26248
26252
26255
26260
26261
26269
26284
26291
26316
26325
26328
26330
26341
26347
26354
26358
26367
26374
26381
26386
26387
26388
26389
26391
26402
26406
26408
26409
26426
26428
26437
26443
26448
26451
26472
26477
26495
26497
26504
26514
26525
26543
26549
26553
26567
26574
26580
26585
26592
26599
26604
26612
26641
26659
26662
26663
26671
26678
26681
26684
26691
26701
26715
26721
26737
26751
26757
26759
26772
26798
26808
26815
26830
26842
26856
26863
26867
26872
26874
26897
26903
26904
26907
26922
26924
26929
26930
26968
26971
26981
26989
26005
26021
26051
26060
26103
26116
26133
26171
26183
26185
26200
26211
26222
26241
26268
26285
26295
26296
26298
26324
26333
26336
26340
26362
26364
26369
26377
26392
26421
26424
26427
26438
26440
26450
26452
26454
26456
26465
26469
26481
26486
26493
26507
26509
26510
26536
26538
26541
26551
26557
26560
26562
26573
26582
26583
26601
26613
26623
26650
26651
26687
26694
26706
26709
26730
26763
26769
26785
26800
26818
26835
26838
26845
26866
26873
26882
26908
26943
26960
26961
26987
26016
26049
26093
26102
26120
26159
26187
26194
26224
26244
26266
26278
26346
26359
26382
26401
26405
26418
26442
26459
26476
26480
26515
26527
26572
26578
26588
26636
26637
26640
26677
26756
26777
26799
26807
26828
26855
26857
26864
26892
26918
26935
26937
26945
26948
26955
26972
27007
27019
27067
27070
27096
27112
27137
27140
27141
27198
27209
27234
27284
27286
27293
27299
27301
27304
27315
27332
27334
27369
27371
27373
27387
27465
27481
27496
27537
27574
27597
27615
27623
27648
27665
27666
27675
27677
27688
27709
27714
27746
27868
27869
27940
27946
27953
27957
27965
27968
27972
27004
27024
27041
27058
27060
27065
27073
27074
27091
27099
27102
27111
27116
27117
27144
27150
27167
27169
27173
27176
27193
27194
27197
27203
27212
27216
27217
27233
27235
27240
27241
27247
27254
27255
27263
27264
27267
27272
27274
27275
27279
27288
27290
27291
27296
27306
27318
27321
27323
27335
27337
27339
27351
27358
27362
27363
27366
27367
27376
27383
27406
27423
27431
27432
27433
27441
27444
27450
27459
27470
27472
27473
27480
27482
27483
27485
27488
27491
27509
27515
27517
27520
27535
27538
27543
27555
27570
27581
27582
27588
27589
27591
27594
27605
27607
27614
27616
27618
27631
27647
27662
27664
27671
27672
27687
27692
27705
27721
27731
27737
27745
27752
27754
27768
27778
27780
27792
27794
27802
27808
27814
27816
27823
27825
27826
27837
27849
27851
27867
27871
27876
27877
27891
27901
27911
27913
27914
27915
27921
27926
27929
27939
27942
27943
27949
27952
27962
27967
27979
27988
27997
27999
27030
27033
27088
27107
27122
27126
27172
27188
27199
27210
27218
27243
27266
27269
27276
27277
27287
27294
27300
27308
27317
27324
27341
27345
27385
27422
27426
27440
27448
27505
27507
27529
27573
27619
27700
27730
27734
27763
27775
27787
27796
27805
27818
27821
27834
27855
27866
27886
27893
27919
27924
27925
27945
28001
28002
28005
28008
28035
28040
28043
28076
28077
28079
28092
28095
28107
28129
28151
28154
28161
28165
28169
28181
28186
28197
28204
28207
28211
28228
28238
28245
28246
28258
28262
28269
28282
28288
28292
28300
28301
28305
28313
28316
28333
28340
28348
28353
28363
28366
28368
28369
28379
28386
28391
28417
28426
28442
28488
28490
28506
28509
28515
28520
28522
28524
28531
28545
28557
28571
28576
28579
28580
28582
28589
28593
28595
28599
28602
28614
28621
28624
28630
28631
28659
28664
28672
28675
28680
28681
28709
28710
28713
28728
28742
28746
28755
28772
28776
28779
28790
28793
28800
28811
28873
28893
28896
28898
28905
28915
28919
28924
28935
28939
28957
28969
28973
28979
28981
28986
28006
28009
28021
28023
28036
28046
28047
28048
28052
28068
28074
28082
28083
28102
28104
28118
28127
28128
28130
28137
28143
28144
28148
28155
28164
28166
28173
28179
28184
28196
28220
28221
28234
28243
28267
28268
28277
28286
28287
28297
28326
28355
28358
28361
28362
28378
28380
28393
28410
28414
28424
28449
28453
28464
28466
28468
28471
28473
28480
28482
28494
28501
28508
28534
28561
28563
28564
28573
28583
28585
28592
28601
28606
28623
28628
28637
28644
28653
28670
28679
28682
28686
28705
28712
28717
28718
28732
28734
28770
28806
28808
28809
28815
28818
28820
28839
28849
28872
28875
28887
28889
28894
28895
28901
28916
28931
28938
28958
28959
28962
28972
28980
28982
28992
28996
29003
29016
29027
29028
29032
29037
29064
29069
29090
29101
29128
29149
29158
29163
29168
29171
29177
29180
29195
29211
29235
29237
29251
29267
29275
29278
29292
29296
29297
29307
29319
29323
29347
29353
29357
29361
29363
29369
29388
29398
29401
29405
29425
29432
29454
29457
29472
29489
29492
29493
29499
29523
29538
29541
29554
29563
29576
29578
29581
29613
29618
29629
29636
29637
29686
29698
29701
29717
29719
29720
29724
29736
29743
29751
29761
29763
29768
29778
29782
29785
29786
29791
29816
29857
29901
29913
29922
29932
29938
29947
29955
29957
29965
29966
29991
29029
29038
29096
29098
29100
29121
29134
29183
29206
29231
29283
29311
29318
29322
29402
29418
29476
29483
29535
29536
29568
29583
29612
29634
29689
29690
29811
29880
29985
29986
29046
29073
29074
29094
29097
29099
29124
29131
29141
29144
29146
29153
29159
29184
29196
29207
29215
29221
29228
29229
29250
29254
29262
29266
29273
29284
29315
29320
29330
29332
29341
29378
29383
29384
29397
29400
29406
29409
29416
29421
29437
29438
29448
29449
29456
29468
29470
29474
29496
29521
29525
29526
29532
29533
29545
29567
29569
29592
29599
29604
29607
29610
29626
29652
29656
29660
29663
29669
29673
29677
29682
29703
29710
29731
29732
29734
29739
29745
29759
29769
29794
29801
29804
29827
29830
29836
29846
29847
29875
29878
29884
29887
29910
29915
29923
29964
29975
29979
29989
29996
30000
30004
30029
30032
30045
30049
30065
30067
30082
30094
30097
30109
30115
30125
30132
30145
30147
30158
30159
30163
30164
30166
30173
30176
30199
30204
30217
30220
30224
30240
30245
30253
30263
30266
30298
30299
30324
30331
30343
30357
30381
30385
30386
30390
30394
30397
30405
30420
30423
30432
30435
30455
30461
30472
30477
30487
30492
30494
30496
30507
30514
30542
30552
30553
30555
30560
30561
30569
30575
30579
30582
30631
30642
30643
30659
30674
30678
30684
30693
30698
30716
30727
30731
30745
30756
30758
30763
30789
30793
30841
30845
30854
30863
30870
30890
30898
30900
30902
30930
30941
30955
30959
30960
30961
30969
30970
30972
30973
30974
30983
30984
30991
30996
30005
30009
30014
30027
30057
30064
30073
30084
30086
30098
30108
30128
30152
30161
30167
30179
30202
30210
30250
30272
30282
30290
30291
30306
30313
30319
30360
30376
30377
30428
30431
30444
30449
30484
30520
30528
30530
30533
30535
30537
30538
30556
30577
30590
30612
30614
30626
30640
30671
30708
30765
30778
30803
30804
30809
30828
30829
30846
30851
30856
30867
30868
30892
30895
30913
30924
30947
30964
30980
30987
30994
30023
30050
30078
30085
30089
30116
30138
30146
30175
30194
30209
30216
30230
30249
30275
30293
30310
30312
30335
30337
30346
30361
30398
30403
30415
30421
30438
30441
30448
30486
30503
30506
30545
30546
30562
30615
30620
30623
30668
30670
30691
30695
30697
30703
30721
30725
30733
30766
30785
30806
30811
30818
30819
30825
30834
30838
30843
30850
30874
30897
30906
30939
30943
30949
30950
30967
31007
31019
31020
31021
31033
31042
31045
31049
31054
31059
31072
31074
31086
31110
31111
31118
31131
31139
31154
31168
31182
31190
31195
31196
31204
31208
31217
31262
31263
31265
31270
31275
31280
31299
31300
31326
31329
31350
31365
31374
31402
31417
31424
31431
31461
31478
31506
31508
31512
31513
31521
31526
31537
31546
31552
31559
31573
31574
31611
31614
31622
31638
31655
31656
31660
31661
31663
31683
31705
31721
31732
31737
31752
31753
31781
31790
31796
31803
31814
31839
31847
31854
31865
31871
31898
31901
31925
31945
31949
31950
31952
31972
31974
31986
31988
31060
31083
31090
31113
31123
31127
31133
31146
31205
31214
31307
31321
31397
31400
31412
31426
31430
31436
31452
31453
31474
31477
31489
31507
31516
31544
31548
31577
31617
31636
31679
31682
31735
31739
31764
31775
31789
31794
31848
31864
31885
31908
31912
31937
31967
31983
31998
31004
31015
31016
31022
31041
31079
31082
31101
31103
31108
31119
31121
31125
31140
31142
31163
31165
31179
31185
31193
31194
31198
31201
31213
31236
31243
31252
31253
31260
31266
31271
31274
31293
31305
31328
31331
31338
31359
31360
31366
31380
31387
31411
31418
31420
31443
31444
31445
31446
31463
31471
31492
31502
31504
31511
31517
31519
31522
31539
31553
31585
31598
31607
31624
31637
31644
31667
31686
31690
31704
31733
31743
31760
31771
31774
31782
31801
31815
31826
31853
31878
31906
31907
31914
31920
31923
31936
31939
31942
31954
31955
31960
31980
31982
31996
32003
32017
32026
32042
32048
32050
32074
32076
32077
32082
32084
32092
32099
32101
32104
32105
32115
32141
32149
32150
32154
32160
32170
32174
32195
32217
32218
32219
32222
32227
32258
32274
32278
32289
32291
32310
32314
32332
32338
32348
32365
32370
32395
32398
32399
32404
32407
32408
32419
32420
32431
32434
32438
32443
32445
32457
32467
32469
32471
32476
32481
32501
32502
32505
32512
32513
32514
32523
32529
32531
32556
32567
32570
32590
32593
32595
32599
32601
32602
32610
32614
32615
32621
32626
32630
32653
32666
32669
32684
32690
32697
32708
32718
32729
32744
32745
32751
32756
32774
32783
32784
32788
32789
32790
32795
32806
32808
32825
32834
32866
32869
32871
32875
32906
32917
32918
32925
32947
32952
32955
32963
32981
32984
32985
32006
32046
32060
32175
32197
32215
32251
32252
32283
32364
32367
32428
32483
32515
32544
32547
32551
32605
32624
32633
32642
32742
32809
32857
32930
32965
32968
32973
32004
32015
32018
32029
32041
32054
32102
32103
32109
32135
32143
32157
32168
32186
32187
32209
32210
32212
32225
32233
32235
32246
32267
32270
32286
32287
32298
32303
32308
32331
32334
32343
32344
32346
32350
32351
32359
32368
32389
32391
32415
32425
32432
32436
32437
32453
32454
32461
32463
32472
32503
32520
32553
32572
32577
32596
32676
32679
32730
32746
32747
32770
32781
32787
32796
32815
32827
32856
32876
32890
32893
32942
32986
32990
32993
32997
32998
33002
33006
33014
33028
33029
33038
33056
33062
33074
33079
33096
33112
33116
33127
33134
33149
33153
33169
33194
33204
33207
33213
33218
33226
33238
33252
33263
33280
33290
33298
33300
33312
33313
33325
33332
33340
33395
33400
33409
33418
33434
33435
33444
33473
33491
33498
33499
33508
33511
33518
33539
33552
33553
33559
33565
33566
33567
33568
33570
33571
33581
33598
33602
33619
33621
33623
33625
33627
33633
33648
33649
33658
33659
33664
33683
33693
33699
33708
33714
33728
33734
33743
33748
33752
33771
33787
33814
33815
33833
33843
33847
33854
33862
33879
33886
33888
33892
33898
33899
33901
33903
33905
33911
33915
33919
33920
33933
33941
33947
33950
33952
33963
33986
33990
33991
33994
33009
33017
33041
33053
33057
33061
33081
33092
33107
33113
33117
33124
33125
33126
33154
33186
33221
33233
33239
33255
33281
33285
33296
33311
33327
33347
33358
33373
33378
33391
33438
33466
33480
33487
33497
33505
33544
33549
33579
33580
33584
33589
33594
33618
33653
33684
33698
33712
33715
33726
33741
33761
33765
33800
33841
33851
33864
33906
33910
33987
33031
33034
33047
33083
33104
33111
33141
33151
33157
33187
33196
33217
33224
33228
33230
33277
33293
33297
33304
33361
33368
33384
33407
33408
33413
33416
33431
33469
33471
33495
33527
33532
33535
33538
33550
33578
33603
33608
33610
33612
33638
33652
33689
33695
33701
33703
33717
33718
33753
33763
33774
33802
33817
33826
33827
33832
33868
33878
33884
33897
33914
33923
33925
33936
33958
33974
34001
34011
34027
34031
34037
34040
34043
34046
34047
34057
34081
34086
34087
34088
34092
34094
34099
34101
34108
34109
34123
34126
34127
34128
34135
34143
34159
34160
34161
34165
34176
34181
34191
34202
34211
34212
34214
34215
34218
34221
34224
34232
34234
34244
34254
34259
34265
34274
34279
34285
34288
34289
34295
34310
34321
34326
34333
34341
34350
34352
34353
34357
34378
34383
34384
34393
34399
34409
34412
34423
34428
34431
34443
34447
34448
34456
34457
34469
34493
34504
34513
34516
34520
34545
34550
34559
34570
34572
34581
34593
34595
34597
34602
34604
34608
34610
34617
34623
34630
34634
34648
34651
34662
34666
34680
34682
34683
34687
34689
34695
34702
34703
34723
34724
34735
34747
34755
34768
34769
34775
34777
34778
34792
34796
34797
34802
34806
34810
34821
34833
34834
34837
34849
34850
34851
34861
34867
34869
34875
34883
34888
34889
34891
34894
34898
34903
34904
34906
34910
34916
34933
34944
34970
34982
34985
34987
34991
34003
34004
34009
34010
34016
34019
34025
34029
34068
34073
34078
34079
34084
34091
34095
34098
34110
34113
34124
34131
34141
34158
34175
34194
34204
34208
34225
34242
34245
34260
34277
34281
34322
34327
34339
34345
34377
34401
34404
34420
34421
34453
34472
34526
34539
34546
34556
34594
34606
34636
34659
34672
34678
34681
34704
34722
34731
34733
34734
34751
34763
34780
34790
34799
34803
34811
34816
34831
34841
34843
34860
34897
34902
34912
34917
34918
34927
34928
34929
34941
34948
34960
34962
34973
34974
34983
34986
