# 169 12 501
0
5
10
21
22
29
32
37
40
50
52
53
54
56
60
61
69
81
83
88
91
98
99
137
144
148
153
155
158
166
173
188
191
200
202
215
223
236
239
249
257
259
267
273
305
309
312
314
317
326
328
332
334
340
347
351
354
356
368
373
375
378
382
390
392
395
396
400
402
411
412
413
415
416
429
435
444
451
452
454
469
480
482
485
486
494
498
499
501
509
510
514
518
519
521
528
533
536
541
547
566
572
579
583
597
599
607
611
615
617
626
629
632
638
644
648
654
655
659
663
666
674
677
682
685
686
691
692
696
699
700
701
714
720
721
731
736
748
753
755
763
764
779
786
795
811
819
823
837
839
840
845
856
860
863
868
884
895
898
904
931
934
949
952
959
968
976
992
994
