# 145 13 894
23
24
33
39
46
55
58
66
92
93
96
112
113
118
120
125
126
132
142
147
159
168
171
179
180
194
203
207
209
210
214
220
234
240
241
252
258
271
278
279
280
281
292
315
324
339
363
370
380
394
406
414
419
421
424
441
456
466
467
479
487
490
493
504
507
513
523
531
540
546
557
559
563
565
569
574
578
588
590
595
603
604
619
631
635
637
651
657
658
665
668
672
675
676
679
697
698
711
722
725
733
739
744
749
761
770
775
782
790
793
797
808
825
847
848
862
873
877
882
883
888
893
894
897
900
907
913
915
919
923
929
930
932
951
957
960
964
965
966
967
970
981
984
985
997
