# 272 12 243
0
5
6
10
14
21
22
25
28
29
30
32
37
40
41
44
50
52
53
54
56
60
61
65
69
81
83
88
91
94
98
99
105
109
110
115
134
137
144
148
152
153
154
155
158
166
173
183
188
191
199
200
202
206
215
216
217
223
236
239
243
249
250
254
257
259
267
273
277
283
290
298
305
309
312
314
316
317
326
328
332
334
340
347
350
351
354
356
357
360
361
364
368
373
375
378
382
383
384
385
389
390
392
395
396
400
402
410
411
412
413
415
416
425
427
429
435
444
451
452
453
454
455
469
480
482
484
485
486
488
494
498
499
500
501
509
510
514
517
518
519
521
524
528
533
536
538
541
547
549
551
566
572
576
579
582
583
586
597
599
600
606
607
611
615
617
623
626
627
629
630
632
634
636
638
639
640
643
644
647
648
649
654
655
659
663
664
666
669
673
674
677
682
685
686
691
692
696
699
700
701
705
714
716
718
720
721
730
731
736
738
748
751
753
755
758
760
763
764
769
779
786
787
788
794
795
796
804
811
819
821
823
824
837
839
840
841
845
846
850
855
856
860
863
864
868
869
878
879
884
887
895
898
904
910
921
927
931
934
936
943
949
952
959
968
976
977
982
987
992
994
998
