# 234 13 894
3
4
8
23
24
33
35
38
39
42
46
55
58
66
85
86
90
92
93
96
107
112
113
118
120
123
124
125
126
132
141
142
147
149
150
156
159
168
169
171
172
174
178
179
180
194
203
207
209
210
214
220
234
237
238
240
241
252
253
258
262
263
268
271
275
278
279
280
281
286
292
293
315
323
324
339
343
353
363
370
379
380
394
406
414
419
421
424
430
432
438
441
456
460
464
466
467
468
471
479
483
487
490
491
493
504
507
513
515
520
523
530
531
532
540
546
550
555
556
557
559
562
563
565
569
570
573
574
578
580
587
588
589
590
594
595
603
604
616
619
631
633
635
637
650
651
657
658
665
668
672
675
676
678
679
680
690
697
698
703
704
706
707
711
717
722
725
732
733
735
739
741
744
749
759
761
766
767
770
775
782
790
793
797
805
808
813
825
847
848
851
862
871
873
875
877
881
882
883
886
888
889
893
894
896
897
900
903
907
913
915
919
923
929
930
932
944
948
951
957
960
962
964
965
966
967
970
980
981
984
985
986
988
997
