# 163 14 270
12
20
48
51
70
75
77
80
82
87
97
104
114
117
119
121
122
128
131
135
136
138
140
143
170
182
185
187
193
205
213
221
224
225
226
228
232
242
246
248
269
270
272
276
289
296
301
307
310
313
318
321
337
338
341
342
344
346
348
355
359
366
371
372
376
377
388
398
401
403
407
408
417
423
433
442
449
457
463
465
474
475
481
495
497
511
516
544
554
564
575
577
584
585
601
608
612
614
618
622
625
628
641
642
652
656
670
681
683
688
694
702
710
726
727
734
754
756
757
762
773
774
780
783
799
801
806
809
810
820
826
831
833
838
842
843
852
853
859
861
867
874
880
885
911
914
920
926
928
933
937
953
955
956
963
971
973
978
989
990
991
996
999
