# 159 11 329
1
2
7
15
16
17
27
31
36
43
49
64
68
76
89
95
100
101
106
108
127
130
133
139
146
151
167
175
176
181
186
189
190
195
198
208
218
222
227
229
231
233
244
251
255
264
265
266
284
285
288
294
295
297
299
300
304
306
308
319
327
329
336
345
349
365
381
387
391
393
397
399
404
426
428
443
445
446
461
472
473
477
489
502
503
505
506
508
525
526
529
534
542
548
553
561
567
568
581
593
596
598
605
610
620
624
653
661
662
667
671
687
689
693
695
708
712
713
719
737
740
745
746
750
768
772
785
791
792
798
803
807
815
816
817
828
829
832
835
844
849
870
872
876
892
905
906
908
909
916
918
922
935
938
958
961
969
983
995
