# 131 12 29
0
5
10
21
29
32
37
40
50
52
53
56
60
61
81
88
91
137
153
158
166
188
200
202
215
223
236
249
257
259
267
273
305
309
312
326
328
332
334
347
351
354
356
368
373
375
382
390
392
395
396
402
411
412
413
415
416
429
435
444
452
454
469
482
485
494
499
509
510
514
519
521
528
533
536
541
547
566
572
579
583
597
599
607
611
615
617
626
629
632
644
648
654
655
659
674
677
682
685
686
691
692
699
701
714
721
736
753
755
764
779
786
795
811
819
823
837
839
840
856
860
868
895
898
931
934
952
959
976
992
994
