# 191 12 272
2
12
20
27
46
49
59
71
76
80
81
84
94
100
112
114
118
122
124
134
135
137
140
144
151
152
153
156
163
171
174
178
190
191
194
196
199
200
207
209
216
223
230
232
251
258
268
272
273
278
297
298
305
310
313
323
332
338
345
351
353
354
355
362
372
373
377
381
382
386
390
393
398
399
403
406
413
415
416
417
420
430
442
443
451
458
465
468
471
477
482
493
494
499
500
504
511
517
518
530
533
536
539
540
558
559
560
567
568
571
577
578
583
585
590
595
599
626
631
636
640
647
649
651
657
661
664
667
690
693
696
709
712
716
717
718
720
724
725
743
750
761
767
770
772
778
780
783
793
796
798
812
814
821
822
832
840
844
847
851
858
860
862
874
885
888
891
898
903
908
920
921
926
932
935
938
940
941
956
957
961
962
968
971
974
975
976
993
996
997
998
