# 167 13 67
6
17
18
19
21
25
34
35
53
58
63
64
66
67
79
85
89
90
92
95
98
102
107
125
126
133
149
158
165
172
175
181
211
217
218
220
226
233
244
263
269
288
289
292
296
307
311
312
314
316
317
318
319
324
336
340
341
342
347
348
349
350
358
361
364
366
367
371
374
375
391
402
405
407
424
426
429
431
435
440
444
445
449
464
466
470
476
480
483
487
488
495
496
497
498
502
503
505
507
513
516
542
552
554
573
580
593
601
609
610
618
630
634
639
641
643
646
658
662
665
674
675
679
680
698
701
707
713
721
732
735
736
754
757
758
759
766
779
788
799
806
811
818
843
854
865
875
877
879
887
892
895
900
904
922
923
929
930
942
949
959
969
972
978
979
985
992
