# 260 12 805
0
2
12
15
20
27
46
49
59
71
76
80
81
84
86
94
100
112
114
118
120
122
124
134
135
136
137
140
144
151
152
153
155
156
163
171
174
177
178
184
190
191
194
195
196
199
200
204
207
209
216
223
230
232
236
238
241
251
254
258
268
272
273
274
278
284
297
298
299
305
310
313
323
329
332
338
345
351
353
354
355
362
372
373
377
381
382
386
390
393
398
399
403
406
410
413
415
416
417
420
430
434
442
443
451
457
458
460
465
468
471
477
478
482
493
494
499
500
504
506
509
511
517
518
525
528
530
533
536
539
540
558
559
560
561
564
566
567
568
571
575
577
578
583
585
590
595
599
600
602
604
608
616
617
620
623
625
626
631
632
635
636
640
647
649
651
657
661
664
667
686
690
693
696
709
711
712
714
716
717
718
720
722
724
725
728
739
741
743
750
751
756
761
764
767
770
772
776
778
780
783
793
796
798
805
812
814
815
819
820
821
822
826
832
840
844
847
851
858
860
862
874
876
885
888
891
893
898
903
908
916
919
920
921
926
932
933
935
938
940
941
947
954
956
957
961
962
968
971
974
975
976
980
983
984
993
995
996
997
998
