# 241 13 853
6
17
18
19
21
22
25
34
35
43
53
57
58
60
63
64
66
67
79
85
87
89
90
92
95
98
102
107
125
126
127
129
130
132
133
138
148
149
158
162
165
172
175
181
182
187
189
192
211
213
217
218
220
226
233
244
261
263
264
266
269
282
288
289
290
292
296
307
311
312
314
315
316
317
318
319
324
325
326
335
336
340
341
342
347
348
349
350
357
358
361
364
365
366
367
368
371
374
375
380
384
391
396
402
405
407
412
424
426
429
431
435
439
440
441
444
445
449
464
466
470
473
476
479
480
483
484
487
488
495
496
497
498
502
503
505
507
513
514
516
542
545
549
552
554
573
580
592
593
598
601
609
610
613
618
628
630
634
639
641
643
646
653
658
662
665
674
675
679
680
698
699
701
705
707
713
721
732
735
736
737
754
757
758
759
766
768
774
779
782
785
788
792
794
799
804
806
808
811
818
823
834
836
843
853
854
856
859
865
875
877
879
882
887
889
892
895
897
900
901
904
922
923
929
930
942
949
950
952
959
960
966
969
972
978
979
985
986
989
991
992
