# 175 11 512
3
9
23
24
29
30
31
32
36
38
39
41
42
45
47
48
50
52
61
62
72
74
75
78
82
101
105
108
113
116
119
121
123
142
143
154
168
170
180
202
203
205
208
210
212
214
224
225
227
228
234
239
243
245
250
252
256
257
259
260
271
277
279
280
281
285
286
291
293
300
308
322
327
334
339
346
360
369
376
379
387
392
395
401
419
425
428
436
438
446
447
448
454
459
461
467
474
485
489
501
512
515
521
523
527
531
532
538
546
550
551
555
562
565
569
576
579
596
605
606
607
611
612
615
627
637
642
652
656
666
669
671
677
683
684
688
694
695
703
710
715
719
726
730
733
744
747
752
753
763
773
787
790
810
813
816
817
829
833
841
845
849
850
852
857
861
869
872
880
894
912
936
951
955
981
