# 154 14 173
1
4
5
7
8
10
14
16
28
40
44
51
54
65
69
70
77
83
88
93
96
99
103
139
145
146
150
157
160
166
169
173
176
215
219
231
247
248
249
255
265
267
275
283
287
301
304
306
309
337
344
359
378
383
389
397
400
404
408
409
411
414
421
422
423
432
453
455
469
475
490
508
524
526
529
534
547
548
556
557
570
572
581
584
586
588
589
594
597
614
621
633
638
644
670
673
678
681
682
692
697
702
708
727
729
731
734
740
742
748
771
777
781
784
786
789
803
809
824
828
830
831
835
837
848
867
870
873
881
884
905
906
909
913
915
918
924
925
928
931
934
939
943
944
948
953
958
965
973
977
982
988
990
999
