# 126 12 272
2
12
46
71
76
81
84
94
100
112
122
140
144
156
163
171
174
178
190
191
200
207
209
216
223
230
232
251
258
268
272
278
305
310
323
332
338
345
351
353
354
355
362
372
381
382
386
390
393
398
403
413
415
416
430
443
451
458
468
493
499
500
511
517
518
530
533
539
540
558
560
577
583
585
590
595
599
626
636
640
649
651
657
661
664
667
690
693
696
709
716
718
720
743
761
772
778
780
783
793
798
812
821
822
840
844
847
858
862
888
898
903
920
926
932
935
940
941
961
968
971
974
993
996
997
998
