# 529 _-1-1
0.000000000000000000e+00
1.000000000000000000e+00
2.000000000000000000e+00
1.300000000000000000e+01
1.500000000000000000e+01
1.700000000000000000e+01
2.000000000000000000e+01
2.200000000000000000e+01
2.300000000000000000e+01
2.400000000000000000e+01
2.500000000000000000e+01
2.900000000000000000e+01
3.100000000000000000e+01
3.400000000000000000e+01
3.600000000000000000e+01
4.000000000000000000e+01
4.100000000000000000e+01
4.400000000000000000e+01
4.500000000000000000e+01
4.600000000000000000e+01
4.900000000000000000e+01
5.200000000000000000e+01
6.100000000000000000e+01
6.200000000000000000e+01
6.700000000000000000e+01
7.600000000000000000e+01
7.900000000000000000e+01
8.400000000000000000e+01
8.500000000000000000e+01
8.700000000000000000e+01
9.100000000000000000e+01
9.200000000000000000e+01
1.010000000000000000e+02
1.020000000000000000e+02
1.070000000000000000e+02
1.090000000000000000e+02
1.140000000000000000e+02
1.230000000000000000e+02
1.280000000000000000e+02
1.310000000000000000e+02
1.340000000000000000e+02
1.350000000000000000e+02
1.370000000000000000e+02
1.410000000000000000e+02
1.480000000000000000e+02
1.510000000000000000e+02
1.520000000000000000e+02
1.530000000000000000e+02
1.650000000000000000e+02
1.670000000000000000e+02
1.730000000000000000e+02
1.740000000000000000e+02
1.750000000000000000e+02
1.790000000000000000e+02
1.860000000000000000e+02
1.880000000000000000e+02
1.890000000000000000e+02
1.910000000000000000e+02
1.920000000000000000e+02
1.990000000000000000e+02
2.020000000000000000e+02
2.030000000000000000e+02
2.060000000000000000e+02
2.090000000000000000e+02
2.140000000000000000e+02
2.290000000000000000e+02
2.300000000000000000e+02
2.320000000000000000e+02
2.340000000000000000e+02
2.440000000000000000e+02
2.460000000000000000e+02
2.480000000000000000e+02
2.490000000000000000e+02
2.530000000000000000e+02
2.570000000000000000e+02
2.620000000000000000e+02
2.630000000000000000e+02
2.650000000000000000e+02
2.770000000000000000e+02
2.790000000000000000e+02
2.860000000000000000e+02
2.870000000000000000e+02
2.980000000000000000e+02
2.990000000000000000e+02
3.030000000000000000e+02
3.060000000000000000e+02
3.070000000000000000e+02
3.120000000000000000e+02
3.170000000000000000e+02
3.180000000000000000e+02
3.210000000000000000e+02
3.220000000000000000e+02
3.250000000000000000e+02
3.270000000000000000e+02
3.290000000000000000e+02
3.340000000000000000e+02
3.350000000000000000e+02
3.360000000000000000e+02
3.370000000000000000e+02
3.380000000000000000e+02
3.440000000000000000e+02
3.470000000000000000e+02
3.480000000000000000e+02
3.510000000000000000e+02
3.520000000000000000e+02
3.550000000000000000e+02
3.600000000000000000e+02
3.640000000000000000e+02
3.690000000000000000e+02
3.700000000000000000e+02
3.710000000000000000e+02
3.750000000000000000e+02
3.770000000000000000e+02
3.780000000000000000e+02
3.790000000000000000e+02
3.810000000000000000e+02
3.920000000000000000e+02
3.960000000000000000e+02
4.050000000000000000e+02
4.060000000000000000e+02
4.070000000000000000e+02
4.080000000000000000e+02
4.110000000000000000e+02
4.160000000000000000e+02
4.170000000000000000e+02
4.200000000000000000e+02
4.260000000000000000e+02
4.280000000000000000e+02
4.320000000000000000e+02
4.330000000000000000e+02
4.400000000000000000e+02
4.420000000000000000e+02
4.430000000000000000e+02
4.450000000000000000e+02
4.510000000000000000e+02
4.570000000000000000e+02
4.630000000000000000e+02
4.740000000000000000e+02
4.780000000000000000e+02
4.800000000000000000e+02
4.830000000000000000e+02
4.860000000000000000e+02
4.890000000000000000e+02
4.900000000000000000e+02
4.950000000000000000e+02
5.000000000000000000e+02
5.010000000000000000e+02
5.080000000000000000e+02
5.090000000000000000e+02
5.120000000000000000e+02
5.150000000000000000e+02
5.190000000000000000e+02
5.200000000000000000e+02
5.290000000000000000e+02
5.310000000000000000e+02
5.330000000000000000e+02
5.340000000000000000e+02
5.440000000000000000e+02
5.490000000000000000e+02
5.510000000000000000e+02
5.520000000000000000e+02
5.570000000000000000e+02
5.600000000000000000e+02
5.640000000000000000e+02
5.700000000000000000e+02
5.710000000000000000e+02
5.740000000000000000e+02
5.780000000000000000e+02
5.800000000000000000e+02
5.840000000000000000e+02
5.890000000000000000e+02
5.920000000000000000e+02
5.930000000000000000e+02
5.970000000000000000e+02
5.980000000000000000e+02
6.020000000000000000e+02
6.040000000000000000e+02
6.060000000000000000e+02
6.110000000000000000e+02
6.120000000000000000e+02
6.140000000000000000e+02
6.150000000000000000e+02
6.200000000000000000e+02
6.210000000000000000e+02
6.290000000000000000e+02
6.310000000000000000e+02
6.330000000000000000e+02
6.370000000000000000e+02
6.400000000000000000e+02
6.410000000000000000e+02
6.420000000000000000e+02
6.450000000000000000e+02
6.600000000000000000e+02
6.640000000000000000e+02
6.650000000000000000e+02
6.710000000000000000e+02
6.740000000000000000e+02
6.780000000000000000e+02
6.820000000000000000e+02
6.880000000000000000e+02
6.950000000000000000e+02
6.960000000000000000e+02
6.970000000000000000e+02
7.010000000000000000e+02
7.060000000000000000e+02
7.090000000000000000e+02
7.120000000000000000e+02
7.140000000000000000e+02
7.150000000000000000e+02
7.180000000000000000e+02
7.230000000000000000e+02
7.280000000000000000e+02
7.320000000000000000e+02
7.340000000000000000e+02
7.360000000000000000e+02
7.380000000000000000e+02
7.430000000000000000e+02
7.570000000000000000e+02
7.640000000000000000e+02
7.750000000000000000e+02
7.770000000000000000e+02
7.790000000000000000e+02
7.810000000000000000e+02
7.830000000000000000e+02
7.850000000000000000e+02
7.870000000000000000e+02
7.910000000000000000e+02
7.930000000000000000e+02
7.950000000000000000e+02
7.990000000000000000e+02
8.000000000000000000e+02
8.090000000000000000e+02
8.110000000000000000e+02
8.120000000000000000e+02
8.220000000000000000e+02
8.270000000000000000e+02
8.290000000000000000e+02
8.300000000000000000e+02
8.310000000000000000e+02
8.330000000000000000e+02
8.390000000000000000e+02
8.430000000000000000e+02
8.450000000000000000e+02
8.470000000000000000e+02
8.490000000000000000e+02
8.500000000000000000e+02
8.520000000000000000e+02
8.570000000000000000e+02
8.580000000000000000e+02
8.590000000000000000e+02
8.600000000000000000e+02
8.670000000000000000e+02
8.680000000000000000e+02
8.730000000000000000e+02
8.740000000000000000e+02
8.760000000000000000e+02
8.770000000000000000e+02
8.800000000000000000e+02
8.840000000000000000e+02
8.870000000000000000e+02
8.940000000000000000e+02
8.960000000000000000e+02
9.060000000000000000e+02
9.150000000000000000e+02
9.160000000000000000e+02
9.230000000000000000e+02
9.250000000000000000e+02
9.270000000000000000e+02
9.290000000000000000e+02
9.350000000000000000e+02
9.390000000000000000e+02
9.410000000000000000e+02
9.420000000000000000e+02
9.430000000000000000e+02
9.510000000000000000e+02
9.520000000000000000e+02
9.620000000000000000e+02
9.670000000000000000e+02
9.690000000000000000e+02
9.740000000000000000e+02
9.750000000000000000e+02
9.760000000000000000e+02
9.770000000000000000e+02
9.790000000000000000e+02
9.800000000000000000e+02
9.810000000000000000e+02
9.860000000000000000e+02
9.910000000000000000e+02
9.970000000000000000e+02
9.980000000000000000e+02
