# 606 _-1-1-1
0.000000000000000000e+00
2.000000000000000000e+00
3.100000000000000000e+01
3.600000000000000000e+01
4.500000000000000000e+01
4.600000000000000000e+01
4.900000000000000000e+01
5.200000000000000000e+01
6.100000000000000000e+01
6.200000000000000000e+01
6.700000000000000000e+01
7.900000000000000000e+01
8.400000000000000000e+01
8.500000000000000000e+01
8.700000000000000000e+01
9.100000000000000000e+01
1.010000000000000000e+02
1.070000000000000000e+02
1.140000000000000000e+02
1.280000000000000000e+02
1.310000000000000000e+02
1.350000000000000000e+02
1.370000000000000000e+02
1.410000000000000000e+02
1.480000000000000000e+02
1.510000000000000000e+02
1.530000000000000000e+02
1.650000000000000000e+02
1.730000000000000000e+02
1.750000000000000000e+02
1.790000000000000000e+02
1.860000000000000000e+02
1.880000000000000000e+02
1.920000000000000000e+02
1.990000000000000000e+02
2.020000000000000000e+02
2.030000000000000000e+02
2.060000000000000000e+02
2.090000000000000000e+02
2.140000000000000000e+02
2.290000000000000000e+02
2.320000000000000000e+02
2.340000000000000000e+02
2.460000000000000000e+02
2.490000000000000000e+02
2.530000000000000000e+02
2.570000000000000000e+02
2.650000000000000000e+02
2.770000000000000000e+02
2.860000000000000000e+02
2.990000000000000000e+02
3.030000000000000000e+02
3.060000000000000000e+02
3.070000000000000000e+02
3.170000000000000000e+02
3.180000000000000000e+02
3.220000000000000000e+02
3.250000000000000000e+02
3.270000000000000000e+02
3.290000000000000000e+02
3.340000000000000000e+02
3.350000000000000000e+02
3.360000000000000000e+02
3.370000000000000000e+02
3.470000000000000000e+02
3.480000000000000000e+02
3.520000000000000000e+02
3.550000000000000000e+02
3.640000000000000000e+02
3.690000000000000000e+02
3.710000000000000000e+02
3.750000000000000000e+02
3.770000000000000000e+02
3.780000000000000000e+02
3.790000000000000000e+02
3.920000000000000000e+02
3.960000000000000000e+02
4.050000000000000000e+02
4.060000000000000000e+02
4.110000000000000000e+02
4.160000000000000000e+02
4.170000000000000000e+02
4.200000000000000000e+02
4.260000000000000000e+02
4.280000000000000000e+02
4.320000000000000000e+02
4.330000000000000000e+02
4.420000000000000000e+02
4.430000000000000000e+02
4.570000000000000000e+02
4.630000000000000000e+02
4.830000000000000000e+02
4.860000000000000000e+02
4.890000000000000000e+02
4.900000000000000000e+02
5.000000000000000000e+02
5.080000000000000000e+02
5.090000000000000000e+02
5.190000000000000000e+02
5.310000000000000000e+02
5.330000000000000000e+02
5.340000000000000000e+02
5.440000000000000000e+02
5.490000000000000000e+02
5.520000000000000000e+02
5.570000000000000000e+02
5.700000000000000000e+02
5.710000000000000000e+02
5.740000000000000000e+02
5.800000000000000000e+02
5.920000000000000000e+02
6.020000000000000000e+02
6.060000000000000000e+02
6.110000000000000000e+02
6.120000000000000000e+02
6.140000000000000000e+02
6.200000000000000000e+02
6.290000000000000000e+02
6.310000000000000000e+02
6.370000000000000000e+02
6.420000000000000000e+02
6.450000000000000000e+02
6.600000000000000000e+02
6.650000000000000000e+02
6.710000000000000000e+02
6.740000000000000000e+02
6.780000000000000000e+02
6.820000000000000000e+02
6.880000000000000000e+02
6.950000000000000000e+02
6.960000000000000000e+02
7.140000000000000000e+02
7.180000000000000000e+02
7.230000000000000000e+02
7.280000000000000000e+02
7.320000000000000000e+02
7.570000000000000000e+02
7.750000000000000000e+02
7.770000000000000000e+02
7.810000000000000000e+02
7.830000000000000000e+02
7.850000000000000000e+02
7.910000000000000000e+02
7.930000000000000000e+02
8.000000000000000000e+02
8.110000000000000000e+02
8.120000000000000000e+02
8.220000000000000000e+02
8.290000000000000000e+02
8.300000000000000000e+02
8.390000000000000000e+02
8.430000000000000000e+02
8.450000000000000000e+02
8.490000000000000000e+02
8.500000000000000000e+02
8.520000000000000000e+02
8.590000000000000000e+02
8.730000000000000000e+02
8.740000000000000000e+02
8.760000000000000000e+02
8.770000000000000000e+02
8.800000000000000000e+02
8.940000000000000000e+02
8.960000000000000000e+02
9.060000000000000000e+02
9.150000000000000000e+02
9.160000000000000000e+02
9.270000000000000000e+02
9.350000000000000000e+02
9.390000000000000000e+02
9.410000000000000000e+02
9.420000000000000000e+02
9.510000000000000000e+02
9.670000000000000000e+02
9.690000000000000000e+02
9.740000000000000000e+02
9.790000000000000000e+02
9.800000000000000000e+02
9.810000000000000000e+02
9.860000000000000000e+02
9.910000000000000000e+02
