# 907 _0
3.000000000000000000e+00
6.000000000000000000e+00
7.000000000000000000e+00
8.000000000000000000e+00
9.000000000000000000e+00
1.000000000000000000e+01
1.200000000000000000e+01
2.100000000000000000e+01
2.600000000000000000e+01
2.700000000000000000e+01
3.000000000000000000e+01
3.700000000000000000e+01
3.800000000000000000e+01
4.300000000000000000e+01
4.800000000000000000e+01
5.000000000000000000e+01
5.300000000000000000e+01
5.400000000000000000e+01
5.800000000000000000e+01
5.900000000000000000e+01
6.000000000000000000e+01
6.500000000000000000e+01
6.600000000000000000e+01
6.900000000000000000e+01
7.000000000000000000e+01
7.100000000000000000e+01
7.300000000000000000e+01
7.500000000000000000e+01
7.800000000000000000e+01
8.000000000000000000e+01
8.100000000000000000e+01
8.200000000000000000e+01
8.600000000000000000e+01
1.000000000000000000e+02
1.080000000000000000e+02
1.100000000000000000e+02
1.110000000000000000e+02
1.150000000000000000e+02
1.160000000000000000e+02
1.190000000000000000e+02
1.220000000000000000e+02
1.250000000000000000e+02
1.260000000000000000e+02
1.270000000000000000e+02
1.290000000000000000e+02
1.320000000000000000e+02
1.360000000000000000e+02
1.380000000000000000e+02
1.390000000000000000e+02
1.400000000000000000e+02
1.420000000000000000e+02
1.450000000000000000e+02
1.470000000000000000e+02
1.500000000000000000e+02
1.540000000000000000e+02
1.550000000000000000e+02
1.680000000000000000e+02
1.710000000000000000e+02
1.780000000000000000e+02
1.800000000000000000e+02
1.820000000000000000e+02
1.850000000000000000e+02
1.870000000000000000e+02
1.940000000000000000e+02
1.980000000000000000e+02
2.000000000000000000e+02
2.010000000000000000e+02
2.050000000000000000e+02
2.160000000000000000e+02
2.180000000000000000e+02
2.210000000000000000e+02
2.230000000000000000e+02
2.260000000000000000e+02
2.360000000000000000e+02
2.390000000000000000e+02
2.500000000000000000e+02
2.510000000000000000e+02
2.520000000000000000e+02
2.550000000000000000e+02
2.580000000000000000e+02
2.600000000000000000e+02
2.660000000000000000e+02
2.690000000000000000e+02
2.700000000000000000e+02
2.720000000000000000e+02
2.780000000000000000e+02
2.800000000000000000e+02
2.830000000000000000e+02
2.850000000000000000e+02
2.910000000000000000e+02
2.950000000000000000e+02
2.960000000000000000e+02
2.970000000000000000e+02
3.010000000000000000e+02
3.050000000000000000e+02
3.080000000000000000e+02
3.110000000000000000e+02
3.140000000000000000e+02
3.160000000000000000e+02
3.190000000000000000e+02
3.200000000000000000e+02
3.230000000000000000e+02
3.260000000000000000e+02
3.300000000000000000e+02
3.400000000000000000e+02
3.430000000000000000e+02
3.460000000000000000e+02
3.490000000000000000e+02
3.500000000000000000e+02
3.540000000000000000e+02
3.590000000000000000e+02
3.650000000000000000e+02
3.660000000000000000e+02
3.680000000000000000e+02
3.720000000000000000e+02
3.870000000000000000e+02
3.880000000000000000e+02
3.890000000000000000e+02
3.950000000000000000e+02
3.970000000000000000e+02
3.980000000000000000e+02
4.030000000000000000e+02
4.090000000000000000e+02
4.130000000000000000e+02
4.220000000000000000e+02
4.230000000000000000e+02
4.300000000000000000e+02
4.310000000000000000e+02
4.350000000000000000e+02
4.380000000000000000e+02
4.410000000000000000e+02
4.440000000000000000e+02
4.460000000000000000e+02
4.490000000000000000e+02
4.500000000000000000e+02
4.540000000000000000e+02
4.550000000000000000e+02
4.590000000000000000e+02
4.620000000000000000e+02
4.640000000000000000e+02
4.650000000000000000e+02
4.660000000000000000e+02
4.670000000000000000e+02
4.690000000000000000e+02
4.710000000000000000e+02
4.720000000000000000e+02
4.750000000000000000e+02
4.760000000000000000e+02
4.810000000000000000e+02
4.820000000000000000e+02
4.850000000000000000e+02
4.880000000000000000e+02
4.920000000000000000e+02
4.930000000000000000e+02
4.960000000000000000e+02
4.970000000000000000e+02
5.020000000000000000e+02
5.040000000000000000e+02
5.100000000000000000e+02
5.160000000000000000e+02
5.220000000000000000e+02
5.250000000000000000e+02
5.260000000000000000e+02
5.270000000000000000e+02
5.280000000000000000e+02
5.300000000000000000e+02
5.380000000000000000e+02
5.390000000000000000e+02
5.420000000000000000e+02
5.470000000000000000e+02
5.480000000000000000e+02
5.500000000000000000e+02
5.540000000000000000e+02
5.560000000000000000e+02
5.680000000000000000e+02
5.690000000000000000e+02
5.720000000000000000e+02
5.730000000000000000e+02
5.750000000000000000e+02
5.760000000000000000e+02
5.770000000000000000e+02
5.850000000000000000e+02
5.910000000000000000e+02
5.940000000000000000e+02
6.070000000000000000e+02
6.130000000000000000e+02
6.220000000000000000e+02
6.240000000000000000e+02
6.320000000000000000e+02
6.350000000000000000e+02
6.360000000000000000e+02
6.430000000000000000e+02
6.460000000000000000e+02
6.500000000000000000e+02
6.520000000000000000e+02
6.530000000000000000e+02
6.540000000000000000e+02
6.620000000000000000e+02
6.630000000000000000e+02
6.670000000000000000e+02
6.680000000000000000e+02
6.750000000000000000e+02
6.790000000000000000e+02
6.830000000000000000e+02
6.840000000000000000e+02
6.870000000000000000e+02
6.910000000000000000e+02
6.940000000000000000e+02
7.030000000000000000e+02
7.040000000000000000e+02
7.080000000000000000e+02
7.200000000000000000e+02
7.210000000000000000e+02
7.250000000000000000e+02
7.260000000000000000e+02
7.270000000000000000e+02
7.300000000000000000e+02
7.390000000000000000e+02
7.410000000000000000e+02
7.450000000000000000e+02
7.470000000000000000e+02
7.480000000000000000e+02
7.540000000000000000e+02
7.550000000000000000e+02
7.560000000000000000e+02
7.580000000000000000e+02
7.590000000000000000e+02
7.600000000000000000e+02
7.620000000000000000e+02
7.630000000000000000e+02
7.660000000000000000e+02
7.690000000000000000e+02
7.710000000000000000e+02
7.720000000000000000e+02
7.760000000000000000e+02
7.780000000000000000e+02
7.840000000000000000e+02
7.860000000000000000e+02
7.940000000000000000e+02
8.020000000000000000e+02
8.030000000000000000e+02
8.040000000000000000e+02
8.060000000000000000e+02
8.160000000000000000e+02
8.170000000000000000e+02
8.180000000000000000e+02
8.200000000000000000e+02
8.280000000000000000e+02
8.320000000000000000e+02
8.340000000000000000e+02
8.440000000000000000e+02
8.560000000000000000e+02
8.620000000000000000e+02
8.630000000000000000e+02
8.710000000000000000e+02
8.860000000000000000e+02
8.910000000000000000e+02
8.980000000000000000e+02
9.000000000000000000e+02
9.010000000000000000e+02
9.050000000000000000e+02
9.070000000000000000e+02
9.080000000000000000e+02
9.090000000000000000e+02
9.110000000000000000e+02
9.130000000000000000e+02
9.140000000000000000e+02
9.180000000000000000e+02
9.200000000000000000e+02
9.240000000000000000e+02
9.300000000000000000e+02
9.310000000000000000e+02
9.320000000000000000e+02
9.360000000000000000e+02
9.370000000000000000e+02
9.440000000000000000e+02
9.460000000000000000e+02
9.470000000000000000e+02
9.480000000000000000e+02
9.500000000000000000e+02
9.570000000000000000e+02
9.580000000000000000e+02
9.680000000000000000e+02
9.700000000000000000e+02
9.720000000000000000e+02
9.780000000000000000e+02
9.850000000000000000e+02
9.900000000000000000e+02
9.920000000000000000e+02
9.950000000000000000e+02
