# 738 _-1-1-1-1
2.400000000000000000e+01
2.700000000000000000e+01
2.800000000000000000e+01
3.000000000000000000e+01
3.200000000000000000e+01
3.600000000000000000e+01
4.500000000000000000e+01
4.800000000000000000e+01
5.100000000000000000e+01
5.500000000000000000e+01
6.000000000000000000e+01
8.500000000000000000e+01
8.600000000000000000e+01
1.000000000000000000e+02
1.200000000000000000e+02
1.230000000000000000e+02
1.240000000000000000e+02
1.260000000000000000e+02
1.300000000000000000e+02
1.310000000000000000e+02
1.370000000000000000e+02
1.380000000000000000e+02
1.400000000000000000e+02
1.450000000000000000e+02
1.530000000000000000e+02
1.610000000000000000e+02
1.680000000000000000e+02
1.750000000000000000e+02
1.820000000000000000e+02
1.890000000000000000e+02
1.950000000000000000e+02
1.980000000000000000e+02
2.120000000000000000e+02
2.140000000000000000e+02
2.270000000000000000e+02
2.300000000000000000e+02
2.350000000000000000e+02
2.410000000000000000e+02
2.500000000000000000e+02
2.510000000000000000e+02
2.530000000000000000e+02
2.620000000000000000e+02
2.720000000000000000e+02
2.740000000000000000e+02
2.770000000000000000e+02
2.780000000000000000e+02
2.790000000000000000e+02
2.820000000000000000e+02
2.840000000000000000e+02
2.890000000000000000e+02
2.970000000000000000e+02
2.980000000000000000e+02
3.060000000000000000e+02
3.110000000000000000e+02
3.170000000000000000e+02
3.190000000000000000e+02
3.320000000000000000e+02
3.350000000000000000e+02
3.370000000000000000e+02
3.510000000000000000e+02
3.550000000000000000e+02
3.570000000000000000e+02
3.580000000000000000e+02
3.690000000000000000e+02
3.780000000000000000e+02
3.830000000000000000e+02
3.840000000000000000e+02
3.860000000000000000e+02
3.880000000000000000e+02
3.980000000000000000e+02
4.000000000000000000e+02
4.010000000000000000e+02
4.020000000000000000e+02
4.140000000000000000e+02
4.180000000000000000e+02
4.210000000000000000e+02
4.340000000000000000e+02
4.420000000000000000e+02
4.460000000000000000e+02
4.690000000000000000e+02
4.740000000000000000e+02
4.810000000000000000e+02
4.840000000000000000e+02
4.850000000000000000e+02
4.880000000000000000e+02
4.890000000000000000e+02
5.060000000000000000e+02
5.120000000000000000e+02
5.140000000000000000e+02
5.170000000000000000e+02
5.190000000000000000e+02
5.340000000000000000e+02
5.400000000000000000e+02
5.440000000000000000e+02
5.450000000000000000e+02
5.580000000000000000e+02
5.700000000000000000e+02
5.720000000000000000e+02
5.760000000000000000e+02
5.820000000000000000e+02
5.830000000000000000e+02
6.050000000000000000e+02
6.110000000000000000e+02
6.330000000000000000e+02
6.410000000000000000e+02
6.440000000000000000e+02
6.450000000000000000e+02
6.550000000000000000e+02
6.590000000000000000e+02
6.610000000000000000e+02
6.670000000000000000e+02
6.810000000000000000e+02
6.880000000000000000e+02
6.950000000000000000e+02
7.000000000000000000e+02
7.050000000000000000e+02
7.160000000000000000e+02
7.230000000000000000e+02
7.260000000000000000e+02
7.320000000000000000e+02
7.330000000000000000e+02
7.380000000000000000e+02
7.440000000000000000e+02
7.470000000000000000e+02
7.490000000000000000e+02
7.500000000000000000e+02
7.530000000000000000e+02
7.620000000000000000e+02
7.640000000000000000e+02
7.700000000000000000e+02
7.740000000000000000e+02
7.810000000000000000e+02
7.850000000000000000e+02
7.910000000000000000e+02
7.920000000000000000e+02
8.050000000000000000e+02
8.080000000000000000e+02
8.190000000000000000e+02
8.300000000000000000e+02
8.420000000000000000e+02
8.580000000000000000e+02
8.650000000000000000e+02
8.720000000000000000e+02
8.800000000000000000e+02
8.890000000000000000e+02
8.920000000000000000e+02
9.010000000000000000e+02
9.040000000000000000e+02
9.100000000000000000e+02
9.120000000000000000e+02
9.160000000000000000e+02
9.170000000000000000e+02
9.210000000000000000e+02
9.410000000000000000e+02
9.480000000000000000e+02
9.500000000000000000e+02
9.550000000000000000e+02
9.690000000000000000e+02
9.710000000000000000e+02
9.830000000000000000e+02
9.970000000000000000e+02
