# 669 _0
6.000000000000000000e+00
7.000000000000000000e+00
9.000000000000000000e+00
1.000000000000000000e+01
1.100000000000000000e+01
1.200000000000000000e+01
1.300000000000000000e+01
1.400000000000000000e+01
1.600000000000000000e+01
1.900000000000000000e+01
2.200000000000000000e+01
2.300000000000000000e+01
2.900000000000000000e+01
3.400000000000000000e+01
3.500000000000000000e+01
3.700000000000000000e+01
3.800000000000000000e+01
3.900000000000000000e+01
4.200000000000000000e+01
4.300000000000000000e+01
5.800000000000000000e+01
5.900000000000000000e+01
6.100000000000000000e+01
6.600000000000000000e+01
6.700000000000000000e+01
7.000000000000000000e+01
7.800000000000000000e+01
7.900000000000000000e+01
8.200000000000000000e+01
8.300000000000000000e+01
8.400000000000000000e+01
9.000000000000000000e+01
9.200000000000000000e+01
9.300000000000000000e+01
9.500000000000000000e+01
9.800000000000000000e+01
9.900000000000000000e+01
1.010000000000000000e+02
1.030000000000000000e+02
1.070000000000000000e+02
1.120000000000000000e+02
1.130000000000000000e+02
1.160000000000000000e+02
1.170000000000000000e+02
1.220000000000000000e+02
1.280000000000000000e+02
1.350000000000000000e+02
1.360000000000000000e+02
1.470000000000000000e+02
1.480000000000000000e+02
1.510000000000000000e+02
1.640000000000000000e+02
1.730000000000000000e+02
1.740000000000000000e+02
1.780000000000000000e+02
1.790000000000000000e+02
1.920000000000000000e+02
1.960000000000000000e+02
2.000000000000000000e+02
2.020000000000000000e+02
2.030000000000000000e+02
2.050000000000000000e+02
2.060000000000000000e+02
2.070000000000000000e+02
2.080000000000000000e+02
2.090000000000000000e+02
2.100000000000000000e+02
2.150000000000000000e+02
2.160000000000000000e+02
2.190000000000000000e+02
2.220000000000000000e+02
2.240000000000000000e+02
2.320000000000000000e+02
2.330000000000000000e+02
2.340000000000000000e+02
2.390000000000000000e+02
2.420000000000000000e+02
2.430000000000000000e+02
2.440000000000000000e+02
2.460000000000000000e+02
2.470000000000000000e+02
2.480000000000000000e+02
2.580000000000000000e+02
2.650000000000000000e+02
2.670000000000000000e+02
2.680000000000000000e+02
2.690000000000000000e+02
2.700000000000000000e+02
2.710000000000000000e+02
2.730000000000000000e+02
2.750000000000000000e+02
2.760000000000000000e+02
2.830000000000000000e+02
2.860000000000000000e+02
2.870000000000000000e+02
2.880000000000000000e+02
2.920000000000000000e+02
2.960000000000000000e+02
3.040000000000000000e+02
3.070000000000000000e+02
3.100000000000000000e+02
3.120000000000000000e+02
3.130000000000000000e+02
3.160000000000000000e+02
3.200000000000000000e+02
3.240000000000000000e+02
3.260000000000000000e+02
3.280000000000000000e+02
3.290000000000000000e+02
3.310000000000000000e+02
3.330000000000000000e+02
3.340000000000000000e+02
3.390000000000000000e+02
3.400000000000000000e+02
3.440000000000000000e+02
3.500000000000000000e+02
3.520000000000000000e+02
3.530000000000000000e+02
3.540000000000000000e+02
3.560000000000000000e+02
3.590000000000000000e+02
3.600000000000000000e+02
3.620000000000000000e+02
3.630000000000000000e+02
3.640000000000000000e+02
3.650000000000000000e+02
3.680000000000000000e+02
3.700000000000000000e+02
3.730000000000000000e+02
3.750000000000000000e+02
3.760000000000000000e+02
3.770000000000000000e+02
3.850000000000000000e+02
3.870000000000000000e+02
3.930000000000000000e+02
3.990000000000000000e+02
4.030000000000000000e+02
4.050000000000000000e+02
4.070000000000000000e+02
4.090000000000000000e+02
4.110000000000000000e+02
4.150000000000000000e+02
4.190000000000000000e+02
4.200000000000000000e+02
4.220000000000000000e+02
4.230000000000000000e+02
4.250000000000000000e+02
4.260000000000000000e+02
4.270000000000000000e+02
4.300000000000000000e+02
4.320000000000000000e+02
4.330000000000000000e+02
4.360000000000000000e+02
4.380000000000000000e+02
4.410000000000000000e+02
4.430000000000000000e+02
4.470000000000000000e+02
4.480000000000000000e+02
4.500000000000000000e+02
4.520000000000000000e+02
4.530000000000000000e+02
4.540000000000000000e+02
4.600000000000000000e+02
4.610000000000000000e+02
4.620000000000000000e+02
4.650000000000000000e+02
4.660000000000000000e+02
4.680000000000000000e+02
4.750000000000000000e+02
4.770000000000000000e+02
4.790000000000000000e+02
4.920000000000000000e+02
4.930000000000000000e+02
4.940000000000000000e+02
4.950000000000000000e+02
4.970000000000000000e+02
5.010000000000000000e+02
5.030000000000000000e+02
5.080000000000000000e+02
5.100000000000000000e+02
5.210000000000000000e+02
5.220000000000000000e+02
5.240000000000000000e+02
5.260000000000000000e+02
5.270000000000000000e+02
5.280000000000000000e+02
5.300000000000000000e+02
5.310000000000000000e+02
5.350000000000000000e+02
5.370000000000000000e+02
5.390000000000000000e+02
5.420000000000000000e+02
5.430000000000000000e+02
5.490000000000000000e+02
5.510000000000000000e+02
5.550000000000000000e+02
5.610000000000000000e+02
5.640000000000000000e+02
5.670000000000000000e+02
5.680000000000000000e+02
5.730000000000000000e+02
5.740000000000000000e+02
5.790000000000000000e+02
5.800000000000000000e+02
5.840000000000000000e+02
5.850000000000000000e+02
5.960000000000000000e+02
5.990000000000000000e+02
6.000000000000000000e+02
6.010000000000000000e+02
6.040000000000000000e+02
6.070000000000000000e+02
6.080000000000000000e+02
6.090000000000000000e+02
6.120000000000000000e+02
6.150000000000000000e+02
6.210000000000000000e+02
6.250000000000000000e+02
6.280000000000000000e+02
6.320000000000000000e+02
6.360000000000000000e+02
6.380000000000000000e+02
6.400000000000000000e+02
6.420000000000000000e+02
6.460000000000000000e+02
6.470000000000000000e+02
6.490000000000000000e+02
6.520000000000000000e+02
6.540000000000000000e+02
6.570000000000000000e+02
6.650000000000000000e+02
6.660000000000000000e+02
6.680000000000000000e+02
6.690000000000000000e+02
6.700000000000000000e+02
6.710000000000000000e+02
6.820000000000000000e+02
6.830000000000000000e+02
6.840000000000000000e+02
6.870000000000000000e+02
6.890000000000000000e+02
6.920000000000000000e+02
6.930000000000000000e+02
6.980000000000000000e+02
6.990000000000000000e+02
7.090000000000000000e+02
7.120000000000000000e+02
7.130000000000000000e+02
7.150000000000000000e+02
7.170000000000000000e+02
7.190000000000000000e+02
7.200000000000000000e+02
7.240000000000000000e+02
7.280000000000000000e+02
7.290000000000000000e+02
7.300000000000000000e+02
7.340000000000000000e+02
7.360000000000000000e+02
7.370000000000000000e+02
7.390000000000000000e+02
7.400000000000000000e+02
7.410000000000000000e+02
7.420000000000000000e+02
7.450000000000000000e+02
7.550000000000000000e+02
7.560000000000000000e+02
7.570000000000000000e+02
7.590000000000000000e+02
7.610000000000000000e+02
7.650000000000000000e+02
7.660000000000000000e+02
7.670000000000000000e+02
7.690000000000000000e+02
7.710000000000000000e+02
7.720000000000000000e+02
7.770000000000000000e+02
7.800000000000000000e+02
7.830000000000000000e+02
7.880000000000000000e+02
7.900000000000000000e+02
7.940000000000000000e+02
7.950000000000000000e+02
7.960000000000000000e+02
7.970000000000000000e+02
7.990000000000000000e+02
8.010000000000000000e+02
8.060000000000000000e+02
8.070000000000000000e+02
8.090000000000000000e+02
8.130000000000000000e+02
8.170000000000000000e+02
8.180000000000000000e+02
8.200000000000000000e+02
8.220000000000000000e+02
8.230000000000000000e+02
8.240000000000000000e+02
8.250000000000000000e+02
8.260000000000000000e+02
8.280000000000000000e+02
8.290000000000000000e+02
8.320000000000000000e+02
8.340000000000000000e+02
8.410000000000000000e+02
8.460000000000000000e+02
8.480000000000000000e+02
8.510000000000000000e+02
8.550000000000000000e+02
8.560000000000000000e+02
8.570000000000000000e+02
8.590000000000000000e+02
8.600000000000000000e+02
8.610000000000000000e+02
8.640000000000000000e+02
8.670000000000000000e+02
8.700000000000000000e+02
8.710000000000000000e+02
8.740000000000000000e+02
8.770000000000000000e+02
8.780000000000000000e+02
8.790000000000000000e+02
8.810000000000000000e+02
8.850000000000000000e+02
8.860000000000000000e+02
8.870000000000000000e+02
8.930000000000000000e+02
8.970000000000000000e+02
8.980000000000000000e+02
9.000000000000000000e+02
9.050000000000000000e+02
9.090000000000000000e+02
9.110000000000000000e+02
9.200000000000000000e+02
9.260000000000000000e+02
9.270000000000000000e+02
9.300000000000000000e+02
9.310000000000000000e+02
9.370000000000000000e+02
9.390000000000000000e+02
9.430000000000000000e+02
9.440000000000000000e+02
9.450000000000000000e+02
9.460000000000000000e+02
9.530000000000000000e+02
9.600000000000000000e+02
9.610000000000000000e+02
9.630000000000000000e+02
9.640000000000000000e+02
9.770000000000000000e+02
9.810000000000000000e+02
9.820000000000000000e+02
9.840000000000000000e+02
9.860000000000000000e+02
9.880000000000000000e+02
9.890000000000000000e+02
9.900000000000000000e+02
9.910000000000000000e+02
9.920000000000000000e+02
9.930000000000000000e+02
9.940000000000000000e+02
9.950000000000000000e+02
9.960000000000000000e+02
9.980000000000000000e+02
9.990000000000000000e+02
