# 202 12 996
0
4
9
10
14
21
31
33
40
57
62
64
78
84
87
96
99
101
105
106
108
118
123
126
134
141
142
144
149
164
169
182
183
186
187
188
189
190
198
199
201
212
214
217
221
224
238
240
248
251
277
279
281
284
291
294
307
309
313
316
321
324
331
333
337
341
345
346
349
350
356
365
376
378
379
380
389
390
394
396
397
398
403
405
406
411
412
413
414
416
420
422
425
433
436
438
439
445
457
459
465
467
468
470
475
476
480
484
489
497
502
513
520
521
522
523
530
533
535
536
540
554
556
581
592
594
595
596
603
606
609
611
614
617
622
628
634
641
645
651
669
675
683
684
685
686
691
693
708
715
717
722
728
730
735
742
746
752
760
764
768
772
777
781
784
795
798
799
800
816
821
830
839
844
847
851
853
856
861
878
887
903
907
909
914
918
919
931
935
940
944
947
950
952
964
966
971
983
991
993
995
996
