# 195 13 646
1
7
11
12
13
19
22
26
27
49
50
59
61
65
68
73
76
85
86
89
93
97
110
111
112
120
127
129
135
139
143
154
163
173
174
175
177
179
184
192
197
206
208
213
215
218
225
231
232
233
241
250
255
259
261
264
269
273
278
282
287
292
300
312
327
339
340
343
352
355
368
381
385
386
387
393
401
419
421
432
456
464
491
498
500
504
505
514
518
524
544
546
552
553
557
558
560
561
563
569
570
572
582
590
591
607
615
616
624
627
631
639
642
646
653
654
655
658
661
664
667
668
671
673
678
679
681
695
705
712
718
723
727
732
733
737
744
748
749
750
756
766
770
773
774
776
785
790
793
794
805
810
813
837
840
843
845
846
863
864
870
871
876
882
883
884
885
888
895
898
899
902
906
917
922
926
927
934
941
942
943
949
953
955
969
972
973
976
977
982
984
986
990
992
998
