# 137 12 169
0
4
9
10
21
31
33
62
64
78
84
87
96
99
101
105
108
118
123
134
141
142
144
149
164
169
182
186
188
189
198
199
201
217
221
240
277
279
284
291
294
313
316
333
337
341
345
346
350
365
376
378
379
380
389
390
394
398
403
405
406
411
412
413
414
422
425
438
439
445
459
465
467
468
470
476
480
484
497
502
513
521
522
523
533
535
540
554
581
594
595
596
603
606
611
614
645
669
675
683
685
691
708
715
717
722
728
730
742
746
752
764
772
784
795
799
800
830
839
847
853
856
903
907
909
914
918
919
940
944
947
952
964
966
991
993
995
