# 162 11 549
3
8
18
29
32
38
41
55
69
82
83
92
94
109
119
125
136
137
145
148
151
156
159
185
194
196
200
202
203
204
222
227
229
230
235
236
237
242
243
244
246
256
257
267
275
286
288
298
299
305
317
318
320
322
326
330
336
347
364
370
375
384
388
391
399
404
409
415
427
428
431
434
442
450
451
455
460
462
463
477
478
485
493
494
501
503
506
519
527
528
534
547
549
550
567
568
571
573
585
601
608
625
630
633
643
644
647
648
662
663
666
676
694
696
703
710
713
716
736
738
745
747
751
754
759
761
762
778
779
792
797
804
808
812
817
824
826
827
831
838
867
869
872
873
875
877
880
886
889
893
904
908
913
929
932
939
958
961
967
968
970
989
