# 248 12 996
0
4
5
9
10
14
16
21
31
33
40
46
57
58
62
64
78
79
81
84
87
96
99
101
105
106
108
118
123
126
131
134
141
142
144
149
158
164
169
182
183
186
187
188
189
190
198
199
201
211
212
214
217
221
223
224
238
240
248
251
254
274
277
279
281
284
291
294
307
309
313
316
321
324
331
333
337
341
345
346
349
350
356
361
363
365
376
378
379
380
383
389
390
392
394
395
396
397
398
403
405
406
407
411
412
413
414
416
420
422
425
433
436
438
439
445
457
459
461
465
467
468
470
473
475
476
480
484
489
497
502
507
510
513
520
521
522
523
530
533
535
536
540
554
556
577
581
592
593
594
595
596
603
606
609
611
614
617
619
622
626
628
634
641
645
651
657
669
675
683
684
685
686
688
689
691
693
697
708
711
714
715
717
721
722
728
729
730
735
742
746
752
753
760
764
768
771
772
777
781
784
795
798
799
800
802
803
814
816
818
820
821
825
830
839
844
847
851
853
856
861
862
866
878
879
887
903
907
909
914
918
919
931
935
940
944
947
950
952
963
964
966
971
983
991
993
995
996
