# 202 11 549
3
8
18
29
32
38
41
43
55
66
69
72
82
83
91
92
94
109
119
125
136
137
145
148
151
156
159
168
185
191
194
196
200
202
203
204
222
226
227
228
229
230
235
236
237
242
243
244
246
256
257
258
267
275
286
288
298
299
301
305
310
314
317
318
320
322
326
328
329
330
335
336
344
347
364
370
375
384
388
391
399
404
409
410
415
427
428
429
431
434
441
442
448
450
451
455
460
462
463
477
478
485
486
493
494
501
503
506
519
527
528
532
534
547
549
550
555
567
568
571
573
585
586
601
608
610
620
625
630
633
637
643
644
647
648
656
662
663
666
676
690
692
694
696
703
710
713
716
724
725
736
738
745
747
751
754
759
761
762
775
778
779
792
797
804
808
812
817
824
826
827
831
838
867
869
872
873
875
877
880
886
889
893
904
908
911
913
929
932
938
939
945
951
954
957
958
961
967
968
970
987
989
