# 153 14 171
15
17
23
28
30
34
35
36
42
44
47
48
53
54
60
71
74
75
77
80
90
102
107
113
116
122
132
146
155
157
161
165
171
178
181
195
205
207
210
220
234
245
247
260
262
263
265
266
271
304
306
308
311
323
332
338
342
351
353
354
357
359
366
367
372
418
424
426
430
443
446
453
458
466
469
471
474
479
482
488
490
492
499
509
511
512
529
531
538
539
541
545
564
565
576
579
588
598
600
604
605
613
618
635
652
659
660
672
680
687
699
702
706
731
734
763
769
782
783
786
787
796
806
807
811
823
828
832
848
852
854
855
857
858
865
881
890
891
892
896
905
912
920
923
925
936
937
946
956
962
965
974
981
