# 108 _-1-1-1
1.000000000000000000e+00
2.000000000000000000e+00
3.000000000000000000e+00
4.000000000000000000e+00
9.000000000000000000e+00
1.200000000000000000e+01
1.900000000000000000e+01
2.500000000000000000e+01
3.700000000000000000e+01
4.100000000000000000e+01
4.200000000000000000e+01
4.500000000000000000e+01
5.800000000000000000e+01
6.400000000000000000e+01
6.500000000000000000e+01
6.700000000000000000e+01
7.300000000000000000e+01
8.000000000000000000e+01
1.020000000000000000e+02
1.040000000000000000e+02
1.080000000000000000e+02
1.200000000000000000e+02
1.260000000000000000e+02
1.270000000000000000e+02
1.290000000000000000e+02
1.310000000000000000e+02
1.340000000000000000e+02
1.390000000000000000e+02
1.470000000000000000e+02
1.490000000000000000e+02
1.510000000000000000e+02
1.630000000000000000e+02
1.710000000000000000e+02
1.730000000000000000e+02
1.770000000000000000e+02
1.780000000000000000e+02
1.820000000000000000e+02
1.940000000000000000e+02
1.960000000000000000e+02
2.000000000000000000e+02
2.020000000000000000e+02
2.170000000000000000e+02
2.190000000000000000e+02
2.220000000000000000e+02
2.230000000000000000e+02
2.290000000000000000e+02
2.320000000000000000e+02
2.480000000000000000e+02
2.500000000000000000e+02
2.560000000000000000e+02
2.580000000000000000e+02
2.600000000000000000e+02
2.630000000000000000e+02
2.720000000000000000e+02
2.730000000000000000e+02
2.740000000000000000e+02
2.920000000000000000e+02
2.940000000000000000e+02
2.980000000000000000e+02
3.150000000000000000e+02
3.190000000000000000e+02
3.340000000000000000e+02
3.420000000000000000e+02
3.470000000000000000e+02
3.580000000000000000e+02
3.720000000000000000e+02
3.800000000000000000e+02
3.880000000000000000e+02
3.900000000000000000e+02
3.940000000000000000e+02
3.950000000000000000e+02
4.050000000000000000e+02
4.080000000000000000e+02
4.090000000000000000e+02
4.170000000000000000e+02
4.300000000000000000e+02
4.330000000000000000e+02
4.370000000000000000e+02
4.410000000000000000e+02
4.480000000000000000e+02
4.500000000000000000e+02
4.520000000000000000e+02
4.550000000000000000e+02
4.590000000000000000e+02
4.600000000000000000e+02
4.630000000000000000e+02
4.700000000000000000e+02
4.710000000000000000e+02
4.760000000000000000e+02
4.930000000000000000e+02
4.990000000000000000e+02
5.010000000000000000e+02
5.020000000000000000e+02
5.030000000000000000e+02
5.070000000000000000e+02
5.080000000000000000e+02
5.140000000000000000e+02
5.270000000000000000e+02
5.280000000000000000e+02
5.300000000000000000e+02
5.330000000000000000e+02
5.370000000000000000e+02
5.440000000000000000e+02
5.540000000000000000e+02
5.560000000000000000e+02
5.590000000000000000e+02
5.650000000000000000e+02
5.680000000000000000e+02
5.690000000000000000e+02
5.730000000000000000e+02
5.840000000000000000e+02
5.910000000000000000e+02
6.060000000000000000e+02
6.110000000000000000e+02
6.150000000000000000e+02
6.200000000000000000e+02
6.220000000000000000e+02
6.270000000000000000e+02
6.310000000000000000e+02
6.360000000000000000e+02
6.410000000000000000e+02
6.420000000000000000e+02
6.570000000000000000e+02
6.640000000000000000e+02
6.650000000000000000e+02
6.740000000000000000e+02
6.840000000000000000e+02
6.930000000000000000e+02
6.960000000000000000e+02
6.970000000000000000e+02
6.980000000000000000e+02
7.000000000000000000e+02
7.030000000000000000e+02
7.080000000000000000e+02
7.090000000000000000e+02
7.210000000000000000e+02
7.230000000000000000e+02
7.240000000000000000e+02
7.260000000000000000e+02
7.290000000000000000e+02
7.300000000000000000e+02
7.330000000000000000e+02
7.470000000000000000e+02
7.490000000000000000e+02
7.520000000000000000e+02
7.550000000000000000e+02
7.780000000000000000e+02
7.800000000000000000e+02
7.850000000000000000e+02
7.890000000000000000e+02
7.950000000000000000e+02
7.980000000000000000e+02
8.080000000000000000e+02
8.090000000000000000e+02
8.210000000000000000e+02
8.310000000000000000e+02
8.330000000000000000e+02
8.340000000000000000e+02
8.390000000000000000e+02
8.480000000000000000e+02
8.500000000000000000e+02
8.550000000000000000e+02
8.570000000000000000e+02
8.650000000000000000e+02
8.720000000000000000e+02
8.730000000000000000e+02
8.760000000000000000e+02
8.820000000000000000e+02
8.850000000000000000e+02
8.940000000000000000e+02
8.970000000000000000e+02
8.990000000000000000e+02
9.020000000000000000e+02
9.030000000000000000e+02
9.040000000000000000e+02
9.160000000000000000e+02
9.170000000000000000e+02
9.190000000000000000e+02
9.290000000000000000e+02
9.320000000000000000e+02
9.380000000000000000e+02
9.440000000000000000e+02
9.540000000000000000e+02
9.550000000000000000e+02
9.630000000000000000e+02
9.640000000000000000e+02
9.660000000000000000e+02
9.680000000000000000e+02
9.690000000000000000e+02
9.720000000000000000e+02
9.730000000000000000e+02
9.740000000000000000e+02
9.810000000000000000e+02
9.850000000000000000e+02
9.860000000000000000e+02
9.900000000000000000e+02
9.930000000000000000e+02
9.940000000000000000e+02
9.950000000000000000e+02
