Finalized group 0.txt
30
37
137
169
228
236
244
318
449
600
660
688
724
744
745
856
908
984
52
63
73
95
216
227
261
284
340
346
389
422
469
470
550
561
690
725
763
792
851
868
894
945
1150
1171
1225
1299
1355
1358
1417
1440
1448
1508
1539
1571
1805
1830
1843
1943
2019
2095
2112
2166
2223
2274
2495
2561
2573
2673
2762
2787
2841
2924
2964
2978
2019
2059
2060
2074
2095
2102
2112
2166
2223
2274
2290
2351
2353
2355
2448
2495
2551
2560
2561
2573
2580
2589
2673
2736
2762
2787
2833
2841
2851
2919
2924
2964
2978
2005
2019
2021
2031
2034
2037
2059
2060
2067
2070
2074
2082
2084
2088
2092
2095
2102
2109
2111
2112
2135
2144
2166
2168
2169
2171
2178
2185
2191
2205
2207
2209
2223
2228
2246
2249
2254
2266
2267
2274
2276
2290
2293
2302
2303
2307
2311
2321
2336
2339
2341
2343
2350
2351
2352
2353
2355
2361
2362
2369
2382
2385
2405
2407
2418
2424
2426
2431
2434
2436
2439
2445
2448
2451
2453
2458
2469
2495
2514
2549
2551
2554
2559
2560
2561
2567
2573
2580
2587
2589
2596
2603
2606
2637
2639
2640
2643
2646
2654
2660
2666
2673
2677
2694
2699
2706
2711
2716
2721
2736
2762
2770
2787
2792
2796
2801
2804
2805
2808
2811
2826
2833
2841
2851
2864
2866
2868
2874
2886
2899
2919
2924
2929
2949
2962
2964
2978
2989
2019
2021
2037
2059
2060
2070
2074
2082
2095
2102
2112
2144
2166
2168
2169
2171
2205
2207
2209
2223
2266
2274
2276
2290
2293
2302
2350
2351
2352
2353
2355
2362
2369
2382
2405
2407
2439
2448
2458
2495
2514
2551
2554
2559
2560
2561
2573
2580
2589
2603
2606
2637
2673
2677
2716
2736
2762
2787
2801
2826
2833
2841
2851
2886
2899
2919
2924
2929
2964
2978
2989
3004
3005
3008
3014
3016
3051
3065
3069
3077
3088
3093
3096
3099
3146
3157
3166
3176
3219
3247
3248
3265
3267
3304
3309
3389
3397
3400
3404
3422
3453
3455
3469
3490
3524
3534
3548
3557
3581
3589
3597
3621
3670
3673
3681
3682
3692
3708
3729
3734
3740
3742
3777
3781
3784
3786
3803
3824
3831
3848
3870
3881
3884
3906
3909
3915
3924
3928
3931
3939
3944
3953
3965
3973
3990
3999
3001
3004
3005
3007
3008
3010
3014
3016
3028
3040
3044
3051
3054
3065
3069
3070
3077
3083
3088
3093
3096
3099
3103
3139
3145
3146
3150
3157
3160
3166
3169
3173
3176
3215
3219
3231
3247
3248
3249
3255
3265
3267
3275
3283
3287
3301
3304
3306
3309
3337
3344
3359
3378
3383
3389
3397
3400
3404
3408
3409
3411
3414
3421
3422
3423
3432
3453
3455
3469
3475
3490
3508
3524
3526
3529
3534
3547
3548
3556
3557
3570
3572
3581
3584
3586
3588
3589
3594
3597
3614
3621
3633
3638
3644
3670
3673
3678
3681
3682
3692
3697
3702
3708
3727
3729
3731
3734
3740
3742
3748
3771
3777
3781
3784
3786
3789
3803
3809
3824
3828
3830
3831
3835
3837
3848
3867
3870
3873
3881
3884
3905
3906
3909
3913
3915
3918
3924
3925
3928
3931
3934
3939
3943
3944
3948
3953
3958
3965
3973
3977
3982
3988
3990
3999
3001
3028
3070
3083
3103
3139
3145
3160
3169
3173
3215
3231
3275
3283
3287
3301
3306
3378
3383
3408
3414
3421
3432
3508
3529
3556
3572
3584
3588
3594
3644
3697
3727
3809
3828
3830
3835
3837
3873
3905
3913
3918
3925
3934
3948
3982
3988
4011
4041
4042
4068
4086
4155
4177
4181
4192
4211
4217
4221
4226
4232
4250
4301
4354
4398
4454
4536
4538
4551
4567
4672
4689
4718
4741
4791
4804
4849
4895
4944
4945
4011
4041
4042
4086
4177
4221
4232
4250
4354
4398
4454
4551
4689
4718
4804
4944
4945
5077
5085
5161
5162
5401
5428
5515
5523
5555
5674
5708
5717
5852
5882
5893
5919
5946
5012
5019
5020
5026
5034
5038
5039
5045
5047
5059
5064
5069
5077
5085
5091
5113
5124
5145
5147
5148
5157
5161
5162
5165
5167
5170
5191
5195
5196
5202
5203
5207
5230
5231
5232
5239
5242
5254
5268
5269
5282
5285
5297
5318
5326
5331
5338
5352
5360
5365
5369
5371
5375
5385
5401
5402
5403
5416
5417
5426
5428
5429
5432
5434
5436
5457
5480
5483
5489
5493
5494
5502
5515
5521
5523
5532
5535
5543
5546
5548
5549
5554
5555
5569
5570
5575
5576
5577
5581
5587
5589
5601
5605
5620
5637
5652
5657
5663
5664
5674
5682
5684
5694
5708
5711
5717
5727
5728
5742
5743
5752
5767
5773
5776
5779
5796
5799
5801
5802
5807
5814
5831
5844
5845
5852
5855
5857
5867
5875
5882
5884
5887
5892
5893
5897
5898
5906
5913
5919
5933
5934
5940
5942
5946
5947
5949
5953
5960
5964
5965
5973
5975
5979
5987
5993
5012
5038
5059
5157
5207
5285
5318
5417
5570
5575
5589
5711
5727
5742
5767
5906
5933
5947
5953
5987
5993
5026
5039
5232
5269
5326
5371
5402
5480
5493
5494
5532
5569
5577
5620
5637
5657
5694
5857
5875
5884
5887
5913
5934
5979
6038
6102
6104
6112
6134
6137
6152
6171
6222
6232
6258
6280
6295
6308
6313
6314
6324
6372
6395
6414
6426
6435
6446
6459
6511
6526
6533
6539
6549
6556
6568
6569
6591
6611
6615
6621
6622
6631
6643
6651
6659
6681
6714
6726
6728
6729
6734
6757
6764
6780
6798
6812
6833
6834
6848
6855
6865
6868
6873
6889
6890
6891
6893
6903
6909
6911
6920
6938
6994
6102
6104
6134
6171
6222
6232
6258
6372
6395
6459
6533
6556
6568
6569
6591
6611
6615
6622
6631
6726
6729
6780
6798
6833
6834
6848
6855
6865
6873
6903
6938
6994
7001
7021
7031
7079
7175
7202
7264
7268
7280
7421
7427
7452
7467
7479
7510
7600
7624
7658
7675
7687
7701
7744
7787
7986
7027
7100
7138
7145
7156
7159
7243
7255
7257
7261
7292
7322
7326
7341
7373
7416
7439
7473
7570
7577
7586
7592
7678
7692
7782
7788
7834
7838
7856
7861
7866
7876
7879
7905
7963
7096
7144
7158
7171
7227
7256
7328
7367
7413
7417
7487
7524
7583
7698
7754
7862
7872
7915
7987
7027
7100
7138
7159
7257
7261
7326
7341
7373
7416
7439
7473
7577
7782
7788
7834
7838
7861
7866
7879
7963
7001
7003
7004
7005
7019
7021
7026
7027
7031
7035
7057
7068
7079
7092
7095
7096
7100
7105
7118
7121
7123
7129
7138
7142
7144
7145
7155
7156
7158
7159
7171
7175
7185
7202
7204
7219
7221
7227
7243
7246
7249
7254
7255
7256
7257
7261
7264
7268
7280
7283
7290
7292
7301
7310
7311
7321
7322
7326
7328
7331
7339
7341
7367
7373
7378
7380
7383
7399
7406
7413
7416
7417
7418
7421
7427
7430
7439
7452
7467
7473
7475
7478
7479
7483
7485
7487
7492
7510
7511
7516
7524
7536
7569
7570
7576
7577
7583
7586
7592
7596
7600
7601
7610
7619
7621
7624
7627
7633
7638
7657
7658
7674
7675
7678
7687
7690
7692
7698
7701
7714
7719
7727
7741
7744
7753
7754
7761
7764
7771
7776
7778
7782
7785
7787
7788
7795
7828
7834
7838
7856
7861
7862
7864
7866
7872
7876
7879
7882
7905
7915
7932
7940
7948
7950
7954
7963
7983
7986
7987
7989
7001
7003
7004
7021
7027
7031
7057
7068
7079
7095
7096
7100
7121
7123
7138
7142
7144
7145
7155
7156
7158
7159
7171
7175
7202
7219
7227
7243
7254
7255
7256
7257
7261
7264
7268
7280
7292
7321
7322
7326
7328
7341
7367
7373
7380
7399
7413
7416
7417
7421
7427
7430
7439
7452
7467
7473
7478
7479
7483
7487
7510
7511
7524
7536
7569
7570
7577
7583
7586
7592
7600
7610
7621
7624
7627
7633
7638
7658
7675
7678
7687
7690
7692
7698
7701
7719
7727
7741
7744
7753
7754
7776
7782
7785
7787
7788
7828
7834
7838
7856
7861
7862
7864
7866
7872
7876
7879
7882
7905
7915
7940
7963
7986
7987
7989
8015
8017
8023
8028
8030
8034
8035
8042
8047
8048
8053
8060
8071
8074
8075
8077
8090
8102
8107
8113
8116
8122
8132
8155
8157
8161
8165
8178
8195
8205
8207
8234
8247
8260
8262
8263
8265
8266
8271
8306
8311
8323
8332
8338
8342
8351
8354
8357
8359
8366
8367
8372
8424
8426
8430
8443
8446
8453
8458
8466
8469
8474
8479
8488
8490
8492
8511
8529
8531
8538
8541
8545
8564
8579
8588
8598
8600
8604
8605
8613
8618
8652
8659
8660
8672
8680
8687
8699
8702
8706
8731
8734
8763
8769
8782
8783
8786
8787
8796
8806
8807
8811
8823
8828
8832
8854
8855
8858
8865
8881
8890
8892
8905
8912
8920
8923
8925
8936
8946
8956
8965
8974
8015
8017
8023
8028
8030
8034
8035
8036
8042
8044
8047
8048
8053
8054
8060
8071
8074
8075
8077
8080
8090
8102
8107
8113
8116
8122
8132
8146
8155
8157
8161
8165
8171
8178
8181
8195
8205
8207
8210
8220
8234
8245
8247
8260
8262
8263
8265
8266
8271
8304
8306
8308
8311
8323
8332
8338
8342
8351
8353
8354
8357
8359
8366
8367
8372
8418
8424
8426
8430
8443
8446
8453
8458
8466
8469
8471
8474
8479
8482
8488
8490
8492
8499
8509
8511
8512
8529
8531
8538
8539
8541
8545
8564
8565
8576
8579
8588
8598
8600
8604
8605
8613
8618
8635
8652
8659
8660
8672
8680
8687
8699
8702
8706
8731
8734
8763
8769
8782
8783
8786
8787
8796
8806
8807
8811
8823
8828
8832
8848
8852
8854
8855
8857
8858
8865
8881
8890
8891
8892
8896
8905
8912
8920
8923
8925
8936
8937
8946
8956
8962
8965
8974
8981
8015
8023
8047
8077
8102
8155
8161
8165
8207
8263
8323
8332
8338
8357
8366
8443
8466
8474
8492
8541
8579
8600
8604
8605
8659
8699
8702
8706
8731
8769
8782
8796
8807
8823
8854
8858
8905
8956
8965
9004
9027
9030
9049
9061
9063
9071
9084
9100
9110
9124
9130
9156
9168
9176
9186
9197
9225
9229
9234
9264
9272
9282
9284
9315
9328
9351
9384
9410
9419
9470
9473
9524
9527
9552
9553
9604
9609
9610
9615
9641
9646
9653
9663
9676
9681
9698
9712
9717
9774
9784
9812
9837
9852
9860
9862
9865
9867
9870
9880
9889
9897
9903
9942
9972
9985
9004
9027
9030
9033
9042
9049
9061
9063
9066
9071
9074
9083
9084
9100
9104
9110
9124
9130
9131
9156
9164
9166
9168
9176
9180
9186
9197
9207
9215
9222
9225
9229
9234
9247
9250
9260
9264
9272
9282
9284
9288
9295
9299
9304
9315
9322
9327
9328
9334
9341
9346
9349
9351
9356
9364
9365
9384
9386
9399
9410
9412
9417
9418
9419
9438
9452
9459
9465
9467
9470
9473
9487
9524
9527
9552
9553
9604
9609
9610
9615
9629
9639
9640
9641
9644
9645
9646
9653
9656
9661
9663
9674
9675
9676
9681
9687
9695
9698
9703
9711
9712
9717
9737
9759
9774
9783
9784
9785
9804
9806
9812
9837
9852
9853
9854
9860
9862
9863
9865
9867
9870
9876
9880
9889
9897
9903
9906
9913
9915
9930
9933
9935
9942
9943
9946
9957
9960
9972
9985
9996
9176
9186
9272
9284
9328
9351
9473
9524
9610
9676
9717
9784
9870
9972
9030
9071
9100
9130
9176
9186
9264
9272
9284
9315
9328
9351
9473
9524
9552
9610
9676
9717
9774
9784
9812
9865
9870
9880
9942
9972
9004
9027
9030
9049
9063
9071
9100
9124
9130
9176
9186
9197
9264
9272
9282
9284
9315
9328
9351
9470
9473
9524
9527
9552
9553
9609
9610
9615
9653
9676
9698
9712
9717
9774
9784
9812
9860
9862
9865
9867
9870
9880
9889
9897
9903
9942
9972
9061
9084
9110
9156
9168
9225
9229
9234
9384
9410
9419
9604
9641
9646
9663
9681
9837
9852
9985
10012
10051
10082
10131
10136
10140
10185
10213
10226
10276
10296
10337
10338
10344
10348
10372
10398
10449
10463
10511
10608
10614
10618
10622
10625
10683
10694
10727
10756
10774
10799
10809
10838
10853
10920
10926
10990
10012
10020
10048
10051
10080
10082
10104
10117
10121
10122
10128
10131
10135
10136
10138
10140
10143
10185
10187
10213
10224
10226
10242
10269
10276
10289
10296
10301
10313
10337
10338
10341
10342
10344
10348
10355
10359
10366
10372
10376
10388
10398
10401
10403
10408
10433
10449
10457
10463
10465
10475
10481
10495
10511
10544
10564
10575
10608
10612
10614
10618
10622
10625
10628
10642
10656
10681
10683
10694
10702
10726
10727
10734
10756
10774
10780
10783
10799
10809
10810
10826
10838
10843
10852
10853
10861
10874
10914
10920
10926
10933
10953
10955
10963
10971
10978
10990
10991
10999
11003
11017
11025
11027
11034
11041
11048
11054
11061
11062
11073
11079
11080
11082
11088
11093
11103
11106
11117
11121
11123
11137
11140
11144
11146
11147
11148
11155
11179
11181
11186
11196
11197
11215
11216
11230
11237
11245
11247
11249
11253
11254
11255
11324
11327
11331
11336
11360
11370
11378
11390
11399
11407
11411
11414
11415
11423
11439
11441
11442
11453
11468
11478
11486
11489
11500
11503
11530
11534
11562
11568
11570
11588
11592
11605
11606
11607
11629
11636
11646
11647
11665
11679
11693
11697
11699
11712
11728
11750
11760
11774
11779
11785
11786
11790
11793
11808
11811
11816
11821
11830
11831
11854
11857
11861
11862
11870
11884
11890
11896
11901
11907
11911
11914
11919
11921
11926
11930
11932
11937
11949
11952
11960
11976
11978
11991
11003
11062
11088
11103
11106
11155
11181
11196
11245
11331
11336
11370
11414
11439
11442
11453
11486
11500
11503
11530
11588
11607
11679
11786
11831
11907
11921
11932
11949
11003
11017
11027
11062
11088
11103
11106
11140
11155
11181
11196
11215
11245
11331
11336
11370
11414
11439
11442
11453
11478
11486
11500
11503
11530
11588
11607
11636
11647
11679
11786
11790
11816
11831
11854
11907
11921
11926
11930
11932
11949
11003
11062
11088
11181
11196
11245
11331
11442
11453
11486
11530
11679
11831
11907
11921
11932
12026
12238
12293
12312
12329
12343
12348
12355
12384
12395
12479
12593
12618
12649
12731
12803
12804
12921
12948
12958
12972
13000
13008
13061
13078
13089
13103
13113
13195
13227
13296
13355
13362
13366
13398
13457
13465
13472
13498
13509
13517
13571
13622
13672
13700
13754
13755
13764
13774
13816
13842
13853
13875
13944
13960
13962
13000
13001
13002
13008
13013
13014
13017
13030
13035
13049
13061
13067
13077
13078
13089
13097
13099
13103
13108
13113
13124
13125
13144
13149
13157
13165
13168
13171
13179
13180
13181
13186
13195
13200
13227
13232
13245
13249
13259
13270
13281
13282
13286
13288
13291
13296
13304
13317
13319
13340
13353
13355
13362
13365
13366
13368
13374
13398
13400
13402
13409
13435
13437
13448
13450
13457
13465
13469
13472
13484
13492
13496
13498
13508
13509
13517
13519
13521
13528
13530
13549
13556
13568
13571
13580
13619
13622
13623
13651
13659
13663
13670
13672
13677
13689
13690
13700
13713
13714
13733
13734
13741
13749
13751
13752
13754
13755
13758
13764
13774
13780
13781
13794
13803
13805
13813
13816
13817
13819
13824
13842
13848
13853
13872
13875
13877
13885
13890
13891
13910
13916
13917
13920
13924
13927
13944
13949
13951
13960
13961
13962
13971
13972
14065
14194
14324
14326
14339
14343
14372
14392
14420
14452
14466
14490
14505
14538
14563
14588
14663
14673
14689
14700
14707
14742
14745
14747
14785
14829
14838
14845
14865
14895
14902
14937
14944
14967
14986
14065
14194
14324
14326
14372
14392
14452
14466
14490
14663
14673
14700
14707
14745
14747
14785
14829
14838
14937
14967
14037
14043
14051
14065
14103
14105
14150
14155
14165
14189
14194
14209
14231
14244
14250
14268
14281
14285
14324
14326
14339
14343
14344
14363
14364
14372
14378
14392
14418
14420
14452
14458
14466
14471
14490
14504
14505
14506
14521
14538
14563
14565
14572
14585
14588
14597
14599
14604
14614
14634
14647
14650
14654
14663
14673
14689
14696
14700
14707
14734
14742
14745
14747
14750
14754
14770
14785
14798
14804
14805
14823
14829
14837
14838
14845
14865
14895
14902
14915
14929
14936
14937
14944
14966
14967
14974
14982
14986
14006
14020
14037
14043
14051
14052
14061
14065
14084
14085
14086
14087
14103
14105
14116
14150
14155
14162
14165
14189
14194
14201
14209
14217
14220
14227
14229
14231
14239
14244
14250
14268
14271
14281
14285
14324
14326
14339
14343
14344
14362
14363
14364
14372
14378
14392
14400
14413
14418
14420
14452
14457
14458
14466
14471
14490
14497
14504
14505
14506
14521
14529
14535
14538
14541
14548
14563
14565
14572
14574
14585
14588
14593
14597
14599
14604
14607
14614
14632
14634
14647
14650
14651
14654
14663
14673
14689
14696
14700
14707
14708
14722
14734
14742
14745
14747
14750
14754
14761
14770
14785
14787
14798
14800
14804
14805
14823
14829
14837
14838
14845
14856
14865
14887
14895
14902
14904
14910
14911
14915
14929
14936
14937
14940
14941
14944
14957
14966
14967
14974
14982
14986
15001
15008
15019
15052
15078
15091
15098
15103
15175
15178
15184
15192
15200
15213
15218
15243
15257
15263
15307
15375
15384
15402
15419
15452
15489
15493
15506
15525
15547
15549
15552
15555
15587
15597
15602
15631
15675
15691
15716
15736
15754
15755
15764
15800
15801
15828
15834
15848
15935
15001
15091
15098
15178
15200
15213
15218
15384
15402
15493
15547
15549
15587
15602
15675
15716
15800
15828
15848
15001
15004
15008
15014
15016
15019
15032
15043
15046
15050
15051
15052
15055
15063
15071
15078
15085
15087
15091
15092
15098
15103
15110
15126
15138
15151
15168
15173
15175
15178
15181
15184
15190
15192
15200
15213
15218
15222
15237
15238
15241
15243
15257
15262
15263
15267
15268
15278
15289
15307
15310
15320
15325
15347
15375
15384
15390
15392
15402
15410
15413
15414
15419
15430
15434
15437
15439
15449
15452
15465
15469
15478
15485
15489
15491
15493
15500
15505
15506
15507
15525
15539
15545
15547
15548
15549
15552
15554
15555
15576
15587
15597
15599
15602
15605
15606
15609
15612
15617
15625
15631
15638
15646
15655
15670
15675
15684
15691
15692
15696
15697
15699
15704
15708
15710
15716
15727
15736
15737
15754
15755
15764
15786
15787
15795
15798
15800
15801
15807
15808
15817
15828
15834
15848
15852
15854
15861
15862
15868
15871
15874
15880
15887
15890
15893
15900
15904
15910
15935
15956
15961
15972
15973
15977
15983
15985
15986
15987
15001
15004
15008
15019
15046
15050
15051
15052
15055
15078
15091
15098
15103
15126
15151
15173
15175
15178
15181
15184
15192
15200
15213
15218
15222
15237
15243
15257
15263
15268
15278
15289
15307
15310
15320
15375
15384
15392
15402
15413
15419
15434
15439
15452
15469
15489
15493
15505
15506
15507
15525
15539
15547
15548
15549
15552
15555
15587
15597
15599
15602
15605
15606
15609
15631
15638
15675
15684
15691
15697
15699
15704
15710
15716
15727
15736
15754
15755
15764
15787
15795
15798
15800
15801
15808
15817
15828
15834
15848
15871
15887
15893
15935
15956
15961
15973
15977
15983
15985
16085
16137
16140
16145
16241
16277
16282
16306
16335
16351
16357
16434
16512
16570
16605
16645
16655
16723
16747
16749
16774
16792
16842
16865
16901
16009
16022
16039
16061
16066
16082
16083
16116
16135
16148
16151
16179
16200
16243
16258
16268
16273
16275
16313
16328
16334
16339
16344
16352
16359
16363
16365
16370
16409
16432
16443
16494
16542
16549
16561
16574
16585
16608
16625
16640
16657
16665
16670
16684
16692
16698
16717
16740
16820
16823
16878
16905
16937
16946
16960
16991
16004
16005
16009
16018
16020
16022
16031
16033
16039
16054
16061
16066
16071
16082
16083
16085
16089
16096
16105
16116
16133
16135
16137
16140
16145
16148
16151
16171
16179
16181
16187
16199
16200
16240
16241
16243
16254
16256
16258
16264
16268
16273
16275
16277
16282
16285
16293
16305
16306
16313
16328
16334
16335
16338
16339
16342
16344
16345
16347
16348
16351
16352
16357
16359
16363
16365
16370
16372
16374
16397
16409
16417
16432
16434
16443
16445
16457
16458
16472
16494
16507
16512
16542
16549
16550
16556
16557
16561
16566
16570
16571
16574
16585
16605
16608
16622
16625
16626
16631
16640
16643
16645
16650
16655
16657
16665
16670
16676
16684
16691
16692
16698
16701
16717
16723
16725
16735
16740
16747
16749
16751
16754
16773
16774
16782
16792
16820
16823
16836
16838
16842
16844
16850
16865
16866
16878
16895
16896
16901
16905
16915
16918
16923
16937
16946
16949
16957
16960
16976
16985
16987
16991
16004
16005
16031
16033
16085
16137
16140
16145
16171
16181
16187
16199
16240
16241
16254
16256
16277
16282
16285
16306
16335
16347
16351
16357
16372
16397
16434
16507
16512
16550
16556
16570
16605
16622
16626
16631
16645
16655
16723
16735
16747
16749
16754
16774
16792
16842
16844
16850
16865
16866
16896
16901
16915
16923
16949
16957
16976
17001
17003
17006
17013
17042
17049
17064
17066
17069
17082
17085
17087
17096
17100
17109
17113
17122
17123
17125
17135
17137
17163
17189
17194
17201
17219
17258
17262
17309
17312
17316
17318
17325
17326
17328
17336
17344
17346
17355
17379
17381
17405
17431
17444
17447
17481
17485
17496
17527
17532
17544
17547
17549
17556
17568
17574
17584
17593
17606
17608
17615
17631
17643
17648
17661
17676
17734
17738
17740
17766
17771
17777
17781
17803
17811
17813
17814
17820
17829
17834
17854
17857
17862
17866
17868
17885
17890
17895
17902
17908
17935
17938
17941
17969
17973
17974
17980
17995
17996
17003
17013
17085
17122
17123
17189
17194
17258
17312
17328
17381
17447
17481
17485
17496
17527
17532
17547
17549
17584
17606
17631
17740
17777
17781
17820
17829
17834
17885
17974
17996
17001
17003
17005
17006
17008
17013
17020
17040
17042
17049
17053
17064
17066
17069
17082
17085
17087
17090
17096
17097
17100
17109
17113
17122
17123
17125
17130
17135
17137
17163
17185
17189
17190
17192
17194
17201
17205
17219
17247
17258
17262
17288
17309
17310
17312
17316
17318
17325
17326
17328
17336
17339
17344
17346
17355
17364
17365
17373
17379
17381
17405
17413
17426
17428
17431
17437
17444
17447
17452
17456
17481
17483
17485
17488
17489
17496
17515
17527
17532
17536
17544
17547
17549
17556
17566
17568
17574
17584
17593
17603
17606
17608
17615
17631
17643
17648
17661
17667
17676
17678
17721
17723
17724
17730
17732
17734
17738
17740
17754
17761
17763
17766
17770
17771
17772
17777
17780
17781
17783
17803
17811
17813
17814
17820
17829
17834
17854
17857
17862
17866
17868
17873
17885
17890
17895
17902
17908
17912
17935
17938
17941
17959
17965
17969
17973
17974
17980
17986
17991
17995
17996
17997
17001
17049
17064
17087
17096
17137
17163
17219
17309
17326
17336
17344
17346
17379
17431
17444
17556
17608
17643
17661
17676
17734
17738
17803
17811
17813
17814
17866
17868
17890
17902
17908
17935
17995
17003
17006
17013
17042
17066
17069
17082
17085
17100
17109
17113
17122
17123
17125
17135
17189
17194
17201
17258
17262
17312
17316
17318
17325
17328
17355
17381
17405
17447
17481
17485
17496
17527
17532
17544
17547
17549
17568
17574
17584
17593
17606
17615
17631
17648
17740
17766
17771
17777
17781
17820
17829
17834
17854
17857
17862
17885
17895
17938
17941
17969
17973
17974
17980
17996
17013
17085
17122
17258
17312
17328
17496
17532
17547
17549
17606
17631
17781
17829
17885
17996
17005
17008
17020
17040
17053
17090
17097
17130
17185
17190
17192
17205
17247
17288
17310
17339
17364
17365
17373
17413
17426
17428
17437
17452
17456
17483
17488
17489
17515
17536
17566
17603
17667
17678
17721
17723
17724
17730
17732
17754
17761
17763
17770
17772
17780
17783
17873
17912
17959
17965
17986
17991
17997
18018
18026
18033
18055
18057
18073
18119
18140
18148
18157
18164
18166
18183
18190
18195
18198
18208
18212
18225
18234
18248
18259
18282
18303
18320
18321
18337
18367
18371
18393
18395
18400
18406
18419
18425
18429
18430
18447
18469
18475
18482
18484
18485
18494
18497
18505
18514
18540
18601
18610
18624
18625
18640
18656
18659
18661
18690
18728
18734
18744
18754
18770
18780
18797
18807
18809
18820
18830
18847
18850
18855
18871
18872
18877
18891
18918
18920
18923
18977
18991
18018
18026
18033
18055
18057
18068
18069
18073
18074
18077
18095
18105
18110
18119
18130
18140
18144
18145
18148
18156
18157
18159
18164
18166
18178
18183
18190
18195
18198
18208
18212
18218
18225
18227
18234
18244
18247
18248
18255
18259
18264
18281
18282
18298
18301
18303
18320
18321
18336
18337
18348
18363
18365
18367
18368
18371
18373
18378
18381
18393
18395
18400
18403
18406
18409
18415
18419
18421
18425
18429
18430
18447
18469
18475
18476
18482
18484
18485
18494
18497
18505
18514
18519
18532
18540
18552
18566
18581
18594
18601
18603
18610
18620
18622
18624
18625
18626
18627
18640
18642
18653
18656
18659
18661
18677
18687
18690
18706
18728
18734
18744
18745
18754
18757
18770
18774
18780
18797
18807
18809
18814
18820
18830
18837
18840
18846
18847
18850
18855
18860
18871
18872
18877
18891
18897
18918
18920
18923
18924
18942
18953
18973
18977
18984
18988
18991
19011
19018
19038
19053
19069
19075
19089
19090
19095
19099
19143
19147
19155
19159
19163
19214
19274
19302
19362
19457
19469
19504
19505
19507
19533
19543
19558
19581
19583
19584
19614
19620
19621
19639
19652
19669
19731
19736
19752
19754
19772
19780
19788
19815
19831
19862
19865
19868
19886
19911
19913
19916
19943
19946
19958
19973
19974
19986
19011
19017
19018
19032
19038
19048
19053
19067
19069
19075
19086
19089
19090
19093
19095
19099
19117
19134
19136
19137
19143
19145
19147
19149
19155
19159
19162
19163
19193
19196
19205
19206
19211
19213
19214
19216
19226
19238
19246
19256
19271
19274
19301
19302
19303
19327
19328
19329
19338
19353
19362
19373
19392
19404
19409
19416
19421
19430
19432
19433
19439
19445
19451
19456
19457
19467
19469
19492
19495
19500
19504
19505
19507
19508
19512
19513
19523
19526
19532
19533
19538
19540
19541
19543
19550
19556
19558
19581
19582
19583
19584
19587
19588
19597
19611
19614
19620
19621
19630
19639
19649
19652
19666
19669
19691
19709
19717
19731
19735
19736
19740
19750
19752
19754
19760
19769
19772
19780
19787
19788
19790
19797
19810
19815
19830
19831
19835
19837
19842
19854
19858
19862
19865
19866
19868
19884
19886
19911
19913
19915
19916
19920
19935
19943
19944
19946
19958
19959
19968
19973
19974
19986
20015
20056
20326
20358
20384
20395
20405
20418
20484
20541
20551
20555
20586
20593
20608
20641
20658
20717
20778
20826
20839
20864
20964
20005
20007
20026
20040
20068
20077
20137
20149
20256
20300
20304
20511
20532
20538
20550
20653
20702
20703
20722
20723
20810
20830
20832
20915
20946
20005
20007
20015
20025
20026
20029
20037
20040
20056
20063
20064
20067
20068
20073
20076
20077
20085
20088
20091
20095
20113
20130
20137
20139
20149
20161
20168
20189
20190
20202
20223
20228
20233
20239
20256
20260
20262
20277
20288
20300
20304
20311
20322
20326
20333
20334
20358
20367
20378
20381
20384
20395
20405
20408
20411
20412
20418
20425
20430
20452
20460
20462
20468
20477
20484
20501
20511
20516
20521
20525
20532
20534
20538
20541
20550
20551
20554
20555
20563
20564
20568
20572
20574
20584
20586
20588
20590
20593
20597
20608
20612
20619
20627
20634
20641
20646
20653
20655
20658
20670
20697
20698
20702
20703
20713
20717
20722
20723
20732
20734
20741
20757
20771
20778
20785
20787
20793
20807
20810
20811
20816
20826
20827
20830
20832
20834
20839
20856
20864
20867
20874
20881
20883
20910
20915
20931
20934
20937
20941
20944
20946
20964
20966
20976
20983
21000
21007
21013
21023
21025
21033
21034
21039
21043
21078
21087
21116
21118
21124
21130
21140
21158
21167
21170
21176
21177
21183
21210
21217
21233
21238
21269
21272
21297
21303
21306
21311
21333
21334
21341
21353
21356
21359
21377
21403
21417
21425
21426
21431
21434
21441
21457
21464
21467
21481
21487
21496
21515
21545
21552
21554
21565
21576
21594
21596
21603
21610
21619
21622
21628
21629
21632
21640
21643
21648
21656
21664
21670
21672
21703
21705
21719
21728
21729
21776
21779
21788
21821
21827
21834
21839
21842
21844
21856
21861
21874
21879
21888
21911
21926
21927
21932
21939
21941
21942
21946
21948
21949
21956
21957
21958
21972
21984
21988
21993
21007
21013
21025
21033
21043
21087
21118
21124
21130
21140
21167
21170
21210
21217
21238
21303
21306
21334
21356
21359
21377
21425
21431
21554
21565
21594
21603
21629
21640
21656
21664
21672
21705
21719
21776
21788
21821
21827
21834
21839
21842
21844
21874
21879
21888
21932
21941
21948
21949
21958
21007
21025
21043
21118
21124
21140
21167
21170
21210
21217
21238
21306
21356
21359
21377
21425
21431
21554
21565
21594
21603
21640
21656
21664
21719
21788
21839
21842
21844
21888
21932
21941
21949
21007
21043
21167
21170
21210
21217
21238
21306
21554
21565
21594
21603
21640
21719
21839
21949
22062
22074
22081
22100
22121
22144
22203
22211
22255
22271
22287
22336
22340
22387
22408
22434
22531
22560
22569
22581
22588
22619
22638
22679
22703
22704
22740
22774
22833
22855
22874
22879
22889
22905
22923
22926
22959
22984
22005
22009
22015
22025
22028
22034
22049
22059
22062
22070
22074
22081
22100
22121
22133
22136
22143
22144
22155
22157
22159
22165
22179
22203
22211
22225
22236
22250
22255
22263
22266
22267
22271
22275
22277
22287
22291
22303
22306
22307
22316
22317
22321
22325
22336
22340
22341
22358
22360
22370
22372
22377
22382
22387
22390
22408
22411
22415
22434
22454
22486
22490
22501
22514
22515
22531
22539
22541
22542
22546
22560
22569
22573
22580
22581
22584
22588
22599
22602
22608
22611
22619
22621
22626
22634
22638
22650
22656
22667
22672
22679
22681
22686
22687
22690
22691
22694
22699
22703
22704
22709
22711
22717
22722
22724
22736
22740
22746
22751
22752
22758
22766
22774
22787
22806
22813
22828
22833
22845
22846
22854
22855
22866
22871
22874
22876
22879
22889
22898
22905
22910
22919
22923
22926
22928
22943
22944
22945
22953
22958
22959
22965
22983
22984
22986
22081
22100
22121
22203
22255
22336
22408
22434
22560
22569
22581
22588
22679
22703
22774
22833
22879
22923
22926
22984
22028
22049
22062
22074
22081
22100
22121
22143
22144
22165
22203
22211
22236
22255
22271
22275
22287
22291
22303
22317
22321
22336
22340
22377
22387
22408
22434
22531
22560
22569
22581
22588
22619
22638
22650
22679
22686
22687
22703
22704
22722
22740
22752
22774
22833
22846
22854
22855
22874
22876
22879
22889
22905
22923
22926
22945
22959
22984
22009
22025
22059
22133
22159
22225
22250
22263
22267
22277
22306
22307
22316
22325
22341
22372
22382
22411
22454
22490
22501
22514
22515
22541
22580
22584
22599
22608
22626
22667
22681
22691
22694
22699
22709
22711
22717
22736
22746
22751
22828
22845
22928
22943
22944
22953
22958
22965
22983
22986
23015
23020
23024
23031
23045
23049
23061
23087
23152
23165
23234
23262
23263
23286
23303
23312
23325
23336
23338
23344
23347
23352
23360
23407
23512
23578
23593
23615
23641
23660
23664
23665
23697
23777
23799
23800
23812
23916
23942
23951
23962
23975
23976
23003
23012
23026
23030
23054
23126
23140
23168
23171
23180
23221
23251
23255
23258
23269
23340
23366
23389
23454
23462
23464
23476
23504
23522
23569
23573
23643
23675
23687
23703
23730
23747
23769
23772
23778
23786
23794
23820
23834
23905
23932
23947
24025
24072
24126
24205
24209
24221
24224
24227
24247
24251
24255
24269
24301
24339
24371
24380
24386
24389
24396
24404
24427
24478
24500
24505
24595
24599
24636
24646
24672
24674
24675
24758
24781
24809
24911
24915
24962
24984
24995
24015
24025
24029
24072
24084
24107
24120
24126
24176
24188
24205
24209
24221
24224
24227
24247
24251
24255
24269
24301
24305
24312
24315
24326
24339
24371
24380
24386
24389
24396
24404
24427
24478
24481
24500
24505
24530
24569
24575
24586
24595
24599
24636
24646
24672
24674
24675
24700
24733
24758
24773
24781
24784
24806
24809
24811
24888
24890
24897
24898
24907
24911
24914
24915
24942
24962
24971
24984
24995
24205
24224
24251
24255
24301
24371
24380
24386
24636
24674
24675
24758
24781
24809
24911
24915
24962
24984
24015
24029
24084
24107
24120
24176
24188
24305
24312
24315
24326
24481
24530
24569
24575
24586
24700
24733
24773
24784
24806
24811
24888
24890
24897
24898
24907
24914
24942
24971
25020
25021
25058
25063
25080
25100
25103
25129
25188
25191
25220
25224
25230
25231
25235
25254
25263
25268
25279
25334
25354
25372
25421
25469
25473
25491
25535
25548
25569
25595
25626
25643
25672
25686
25719
25739
25750
25768
25771
25798
25861
25874
25880
25881
25895
25911
25955
25968
25979
25985
25999
25020
25021
25080
25100
25103
25188
25220
25235
25263
25279
25372
25421
25469
25491
25535
25548
25569
25686
25719
25739
25768
25771
25798
25861
25911
25955
25979
25985
26006
26020
26025
26027
26037
26039
26058
26061
26064
26066
26068
26075
26081
26101
26105
26122
26124
26128
26137
26161
26173
26189
26221
26246
26257
26258
26265
26272
26273
26281
26300
26302
26312
26331
26342
26355
26371
26372
26376
26394
26397
26398
26400
26425
26431
26449
26453
26473
26474
26530
26539
26542
26545
26558
26571
26576
26577
26579
26587
26593
26602
26606
26614
26615
26616
26624
26644
26646
26648
26657
26667
26682
26696
26697
26702
26710
26717
26724
26725
26732
26733
26748
26749
26753
26755
26760
26773
26795
26811
26823
26827
26836
26841
26852
26875
26883
26889
26896
26905
26911
26912
26917
26926
26934
26938
26947
26951
26980
26994
26006
26020
26025
26027
26037
26039
26058
26061
26064
26066
26068
26071
26075
26081
26083
26087
26101
26105
26118
26122
26124
26128
26131
26137
26141
26142
26161
26173
26181
26189
26196
26216
26221
26223
26246
26253
26257
26258
26265
26272
26273
26280
26281
26300
26302
26312
26331
26337
26342
26351
26355
26371
26372
26376
26394
26397
26398
26400
26414
26425
26431
26449
26453
26460
26464
26470
26473
26474
26496
26498
26519
26530
26539
26542
26545
26558
26566
26571
26576
26577
26579
26581
26587
26593
26602
26606
26608
26614
26615
26616
26624
26644
26646
26648
26657
26665
26667
26682
26690
26693
26696
26697
26702
26710
26717
26724
26725
26727
26732
26733
26748
26749
26753
26755
26760
26773
26782
26791
26794
26795
26797
26803
26811
26823
26827
26836
26837
26841
26843
26850
26852
26853
26861
26875
26883
26889
26896
26905
26911
26912
26917
26926
26933
26934
26938
26946
26947
26951
26957
26978
26980
26985
26994
26995
26020
26039
26058
26061
26075
26081
26105
26122
26124
26128
26137
26161
26173
26221
26257
26273
26300
26342
26355
26397
26453
26474
26530
26539
26558
26571
26602
26614
26648
26657
26667
26682
26725
26748
26749
26753
26760
26773
26795
26852
26896
26905
26912
26926
26934
26025
26068
26258
26272
26312
26398
26431
26644
26710
26733
26811
26823
26827
26841
26883
26889
26911
26938
26006
26025
26027
26064
26068
26101
26258
26265
26272
26312
26398
26400
26431
26449
26542
26576
26579
26593
26616
26624
26644
26646
26696
26697
26702
26710
26717
26733
26811
26823
26827
26841
26875
26883
26889
26911
26938
26947
26951
27014
27017
27032
27045
27049
27051
27053
27061
27083
27084
27089
27094
27104
27110
27125
27135
27149
27152
27153
27162
27163
27168
27171
27184
27189
27190
27211
27215
27219
27220
27228
27230
27239
27242
27248
27252
27253
27280
27281
27282
27292
27305
27316
27320
27326
27330
27333
27338
27347
27349
27352
27374
27379
27390
27391
27397
27403
27404
27413
27425
27430
27435
27449
27455
27460
27461
27464
27467
27475
27476
27489
27493
27499
27500
27508
27516
27527
27532
27540
27551
27557
27559
27593
27595
27599
27601
27611
27612
27629
27634
27643
27644
27645
27646
27652
27653
27661
27663
27703
27704
27713
27720
27725
27732
27733
27736
27750
27753
27756
27762
27769
27774
27781
27788
27791
27795
27797
27800
27813
27819
27824
27841
27847
27862
27863
27865
27878
27890
27894
27904
27906
27922
27975
27982
27985
28017
28018
28049
28061
28100
28141
28142
28145
28171
28254
28281
28284
28302
28307
28344
28356
28373
28395
28397
28421
28454
28546
28556
28575
28588
28594
28666
28721
28751
28765
28773
28803
28954
28984
28017
28018
28049
28061
28100
28142
28145
28171
28254
28281
28284
28302
28344
28356
28373
28395
28397
28556
28588
28721
28751
28803
28954
28044
28064
28117
28172
28224
28236
28275
28278
28351
28428
28460
28499
28526
28577
28615
28658
28696
28699
28799
28838
28863
28877
28937
28944
28964
28967
28970
28017
28018
28031
28037
28044
28049
28061
28063
28064
28071
28072
28084
28093
28100
28117
28119
28140
28141
28142
28145
28170
28171
28172
28177
28180
28190
28194
28201
28224
28236
28240
28241
28254
28256
28275
28278
28281
28284
28295
28302
28307
28319
28344
28351
28356
28373
28395
28397
28406
28408
28421
28428
28434
28443
28451
28454
28459
28460
28463
28467
28469
28474
28497
28499
28504
28526
28546
28556
28575
28577
28584
28588
28594
28611
28613
28615
28620
28627
28638
28657
28658
28666
28688
28696
28699
28706
28721
28727
28730
28731
28751
28756
28761
28764
28765
28771
28773
28797
28799
28803
28812
28829
28838
28851
28863
28866
28877
28910
28923
28937
28944
28945
28949
28951
28954
28964
28967
28970
28978
28984
28995
29013
29022
29054
29080
29102
29107
29156
29174
29201
29242
29308
29386
29394
29547
29571
29595
29611
29623
29644
29675
29756
29775
29807
29845
29890
29906
29974
29018
29039
29083
29093
29120
29130
29151
29154
29176
29191
29194
29200
29213
29240
29257
29299
29358
29475
29490
29534
29597
29614
29726
29767
29848
29877
29899
29951
29956
29973
29999
30008
30011
30015
30016
30019
30062
30066
30076
30081
30092
30099
30110
30123
30127
30131
30134
30141
30142
30149
30153
30155
30177
30178
30186
30187
30200
30206
30231
30232
30238
30239
30243
30246
30255
30273
30276
30277
30280
30285
30288
30300
30302
30304
30307
30309
30314
30316
30323
30325
30328
30340
30341
30345
30349
30358
30372
30378
30382
30384
30389
30391
30401
30402
30412
30417
30424
30425
30430
30437
30458
30502
30515
30518
30521
30536
30544
30550
30563
30565
30568
30576
30596
30599
30604
30619
30624
30625
30627
30628
30632
30636
30639
30644
30652
30660
30661
30662
30675
30682
30683
30692
30701
30710
30717
30728
30730
30732
30743
30747
30749
30759
30773
30796
30802
30805
30808
30814
30821
30836
30839
30840
30844
30847
30857
30859
30860
30871
30872
30875
30879
30887
30888
30911
30914
30925
30928
30934
30937
30942
30948
30954
30958
30962
30965
30978
30011
30231
30255
30277
30340
30378
30412
30417
30544
30565
30596
30599
30652
30682
30710
30728
30759
30844
30872
30887
30934
30937
30011
30015
30016
30131
30187
30231
30255
30276
30277
30280
30285
30304
30309
30340
30372
30378
30384
30389
30391
30412
30417
30544
30565
30596
30599
30624
30632
30636
30639
30652
30660
30682
30683
30710
30717
30728
30732
30743
30759
30836
30844
30857
30859
30860
30872
30887
30928
30934
30937
31006
31028
31055
31062
31066
31068
31075
31080
31107
31117
31129
31149
31152
31199
31219
31230
31235
31259
31272
31283
31297
31298
31352
31358
31370
31392
31399
31438
31447
31469
31479
31483
31484
31498
31538
31547
31551
31555
31556
31565
31569
31572
31593
31597
31608
31613
31627
31632
31647
31659
31664
31666
31673
31675
31680
31684
31695
31702
31717
31724
31738
31744
31763
31768
31770
31784
31806
31841
31859
31881
31892
31897
31905
31916
31924
31932
31959
31961
31963
31965
31989
31006
31062
31066
31199
31219
31230
31235
31259
31283
31352
31392
31447
31469
31479
31483
31484
31597
31608
31647
31673
31680
31684
31724
31738
31763
31768
31770
31806
31892
31905
31916
31924
31006
31028
31055
31062
31066
31068
31080
31107
31117
31129
31152
31199
31219
31230
31235
31259
31283
31352
31358
31370
31392
31447
31469
31479
31483
31484
31538
31547
31565
31593
31597
31608
31613
31632
31647
31666
31673
31675
31680
31684
31702
31724
31738
31763
31768
31770
31806
31859
31881
31892
31905
31916
31924
31932
31959
31965
32090
32093
32131
32134
32276
32313
32358
32362
32447
32558
32701
32709
32762
32034
32037
32090
32093
32112
32131
32134
32163
32271
32276
32313
32336
32358
32362
32418
32447
32465
32473
32558
32588
32701
32706
32709
32762
32798
32878
33001
33004
33019
33020
33040
33043
33051
33054
33072
33086
33089
33099
33148
33159
33174
33193
33249
33250
33265
33276
33342
33348
33370
33375
33383
33386
33387
33425
33459
33470
33475
33528
33543
33551
33555
33556
33557
33563
33564
33569
33576
33601
33611
33613
33622
33624
33634
33640
33661
33670
33673
33690
33697
33706
33762
33764
33784
33786
33791
33810
33811
33821
33823
33834
33835
33836
33839
33858
33861
33876
33885
33907
33916
33931
33956
33959
33976
33001
33004
33008
33019
33020
33040
33043
33051
33054
33064
33072
33078
33082
33086
33088
33089
33091
33093
33095
33097
33099
33103
33122
33144
33146
33148
33152
33159
33173
33174
33183
33184
33190
33193
33203
33209
33210
33232
33235
33243
33244
33249
33250
33251
33262
33265
33269
33271
33276
33288
33294
33299
33317
33321
33322
33333
33334
33342
33344
33348
33350
33357
33362
33370
33375
33383
33386
33387
33394
33406
33417
33419
33425
33428
33429
33459
33470
33475
33488
33502
33503
33506
33510
33515
33520
33528
33537
33540
33543
33551
33555
33556
33557
33558
33563
33564
33569
33573
33576
33586
33601
33604
33611
33613
33614
33615
33620
33622
33624
33631
33634
33640
33661
33662
33670
33673
33688
33690
33694
33697
33706
33709
33713
33719
33737
33738
33762
33764
33767
33768
33784
33785
33786
33791
33809
33810
33811
33813
33821
33823
33834
33835
33836
33839
33858
33861
33873
33876
33885
33890
33907
33908
33916
33931
33956
33959
33965
33971
33976
33981
33993
33998
