Finalized group 1.txt
7
38
59
62
74
80
122
127
128
163
164
178
212
259
306
313
341
366
372
413
457
460
472
512
520
527
540
658
670
704
721
749
752
810
820
823
836
877
887
896
902
918
949
958
975
979
987
990
7
24
38
54
59
61
62
74
80
108
122
127
128
159
163
164
178
181
212
230
241
259
306
313
341
366
372
390
413
421
457
460
472
512
520
527
530
532
540
611
622
658
670
704
721
749
752
808
810
819
820
823
836
877
883
887
891
896
902
917
918
924
927
949
958
975
979
987
990
1008
1022
1029
1031
1041
1046
1052
1054
1055
1056
1058
1063
1068
1075
1094
1117
1184
1209
1240
1247
1249
1258
1263
1269
1293
1296
1340
1399
1410
1425
1426
1428
1441
1455
1456
1461
1475
1495
1498
1507
1509
1564
1570
1572
1581
1586
1589
1599
1613
1616
1634
1641
1642
1666
1674
1677
1701
1707
1711
1719
1757
1759
1784
1832
1845
1874
1904
1907
1933
1936
1938
1962
1975
1982
1990
1022
1052
1055
1058
1063
1075
1117
1184
1209
1247
1249
1258
1263
1269
1426
1441
1456
1461
1475
1495
1572
1581
1586
1589
1599
1641
1666
1674
1707
1719
1784
1845
1933
1936
1938
1982
1000
1008
1013
1022
1027
1029
1031
1041
1046
1052
1054
1055
1056
1058
1061
1063
1066
1068
1075
1083
1085
1094
1095
1103
1109
1117
1122
1126
1127
1133
1135
1144
1159
1162
1169
1174
1184
1196
1199
1205
1209
1216
1226
1240
1247
1249
1253
1254
1256
1258
1263
1269
1271
1289
1292
1293
1296
1330
1333
1340
1346
1352
1375
1391
1399
1409
1410
1425
1426
1428
1441
1449
1452
1454
1455
1456
1457
1461
1475
1492
1495
1498
1507
1509
1526
1528
1544
1551
1562
1564
1567
1570
1572
1581
1586
1589
1594
1599
1603
1604
1613
1614
1616
1618
1627
1634
1641
1642
1659
1663
1666
1674
1677
1680
1681
1701
1707
1710
1711
1719
1720
1745
1757
1759
1770
1784
1806
1816
1820
1821
1826
1832
1845
1846
1863
1874
1881
1882
1884
1892
1899
1904
1907
1926
1933
1936
1938
1952
1962
1975
1982
1990
1008
1013
1022
1029
1031
1041
1046
1052
1054
1055
1056
1058
1063
1068
1075
1083
1094
1117
1135
1169
1174
1184
1196
1199
1209
1216
1226
1240
1247
1249
1258
1263
1269
1271
1293
1296
1340
1375
1399
1410
1425
1426
1428
1441
1452
1455
1456
1461
1475
1495
1498
1507
1509
1528
1564
1570
1572
1581
1586
1589
1594
1599
1603
1613
1614
1616
1634
1641
1642
1659
1666
1674
1677
1681
1701
1707
1710
1711
1719
1745
1757
1759
1784
1816
1820
1832
1845
1874
1881
1882
1884
1904
1907
1933
1936
1938
1962
1975
1982
1990
2000
2009
2011
2025
2027
2040
2106
2113
2118
2136
2142
2157
2195
2210
2211
2229
2232
2250
2262
2264
2301
2309
2313
2323
2340
2378
2393
2394
2399
2410
2428
2444
2449
2452
2454
2456
2463
2479
2499
2502
2508
2512
2517
2521
2528
2543
2558
2564
2568
2574
2577
2586
2608
2621
2629
2657
2680
2681
2684
2696
2697
2698
2709
2722
2737
2740
2742
2747
2757
2759
2764
2781
2789
2797
2849
2882
2890
2903
2908
2927
2938
2940
2960
2971
2973
2977
2983
2985
2995
2015
2039
2099
2101
2114
2127
2139
2143
2161
2165
2174
2183
2221
2225
2226
2237
2241
2242
2245
2269
2294
2329
2342
2349
2356
2364
2408
2415
2422
2470
2474
2476
2480
2489
2507
2516
2520
2548
2582
2583
2585
2649
2661
2750
2752
2775
2790
2800
2818
2828
2853
2873
2898
2904
2939
2945
2967
2970
2991
3021
3058
3063
3064
3085
3089
3092
3107
3125
3233
3263
3288
3289
3307
3311
3314
3336
3340
3348
3350
3366
3367
3374
3375
3405
3407
3464
3470
3480
3496
3498
3507
3513
3554
3593
3610
3618
3630
3641
3643
3662
3698
3721
3732
3735
3754
3758
3759
3766
3806
3879
3900
3922
3942
3969
3972
3979
3985
4031
4040
4044
4048
4049
4050
4054
4062
4075
4100
4106
4115
4140
4164
4166
4187
4198
4247
4282
4287
4289
4300
4308
4331
4344
4362
4380
4382
4410
4426
4437
4457
4462
4470
4471
4475
4486
4504
4508
4509
4514
4527
4529
4531
4532
4537
4546
4553
4562
4591
4609
4615
4616
4634
4636
4655
4658
4669
4675
4676
4680
4701
4703
4705
4710
4713
4725
4738
4742
4750
4792
4798
4809
4810
4834
4840
4841
4844
4863
4867
4873
4884
4902
4917
4922
4930
4946
4960
4962
4974
4986
4992
4994
5000
5005
5009
5033
5052
5065
5066
5070
5076
5078
5079
5080
5097
5099
5101
5102
5105
5111
5127
5132
5144
5169
5171
5182
5189
5193
5194
5214
5237
5244
5286
5290
5300
5306
5312
5315
5323
5346
5366
5387
5420
5421
5423
5467
5471
5474
5484
5496
5499
5507
5509
5565
5590
5613
5623
5625
5635
5644
5646
5660
5662
5688
5692
5701
5713
5714
5718
5747
5756
5770
5778
5784
5797
5811
5835
5860
5862
5863
5883
5941
5968
5981
5996
5000
5002
5004
5005
5009
5010
5015
5016
5030
5033
5042
5048
5052
5054
5057
5060
5065
5066
5070
5076
5078
5079
5080
5081
5097
5099
5101
5102
5105
5111
5112
5121
5122
5127
5128
5130
5131
5132
5137
5144
5153
5156
5163
5169
5171
5176
5181
5182
5189
5193
5194
5211
5214
5221
5237
5238
5244
5249
5251
5267
5275
5278
5286
5290
5300
5306
5309
5310
5312
5315
5317
5322
5323
5328
5340
5346
5351
5353
5357
5361
5362
5366
5383
5387
5392
5405
5406
5410
5420
5421
5423
5467
5471
5474
5475
5478
5484
5495
5496
5499
5501
5505
5507
5509
5517
5518
5525
5537
5538
5539
5540
5542
5558
5560
5565
5567
5580
5590
5596
5613
5617
5621
5623
5625
5629
5635
5644
5646
5647
5651
5660
5662
5667
5686
5688
5692
5698
5700
5701
5704
5713
5714
5718
5721
5724
5739
5745
5746
5747
5756
5757
5770
5778
5784
5790
5791
5797
5811
5817
5824
5828
5829
5835
5838
5854
5859
5860
5862
5863
5877
5878
5883
5894
5904
5909
5915
5935
5941
5944
5952
5954
5956
5958
5959
5966
5968
5974
5978
5981
5983
5989
5991
5996
5016
5042
5112
5128
5181
5267
5275
5278
5309
5383
5406
5410
5478
5505
5517
5538
5539
5560
5647
5698
5700
5704
5721
5724
5739
5757
5790
5829
5909
5915
5944
5004
5010
5048
5081
5121
5122
5130
5131
5176
5221
5238
5249
5310
5317
5362
5392
5475
5495
5501
5518
5540
5542
5558
5567
5596
5617
5629
5686
5824
5854
5859
5877
5952
5958
5966
5983
6007
6008
6012
6019
6031
6040
6041
6043
6045
6056
6057
6058
6075
6086
6103
6105
6109
6117
6126
6129
6131
6138
6173
6175
6182
6196
6197
6200
6215
6217
6219
6223
6224
6242
6244
6248
6250
6263
6269
6294
6309
6311
6315
6316
6319
6335
6342
6347
6349
6358
6363
6369
6370
6375
6388
6390
6400
6405
6422
6439
6441
6448
6458
6463
6471
6474
6477
6493
6495
6498
6502
6507
6508
6514
6517
6527
6537
6546
6554
6555
6565
6584
6605
6627
6636
6637
6642
6664
6680
6684
6692
6698
6703
6706
6724
6747
6750
6755
6758
6771
6776
6789
6795
6807
6808
6815
6818
6839
6857
6872
6880
6882
6885
6900
6902
6917
6927
6930
6932
6945
6954
6955
6964
6975
6984
6993
6995
6012
6019
6041
6045
6058
6126
6129
6131
6173
6182
6196
6200
6217
6219
6223
6248
6250
6263
6294
6315
6319
6342
6347
6358
6388
6390
6405
6441
6448
6463
6471
6493
6502
6507
6508
6514
6527
6537
6554
6565
6584
6627
6636
6642
6664
6684
6698
6703
6724
6747
6755
6789
6795
6808
6839
6857
6872
6882
6885
6902
6917
6932
6954
6955
6964
6993
6995
7049
7107
7251
7274
7293
7329
7374
7405
7435
7456
7482
7496
7546
7572
7574
7593
7622
7683
7711
7759
7842
7964
8026
8065
8085
8120
8143
8154
8184
8213
8215
8241
8278
8292
8300
8339
8340
8385
8401
8432
8464
8518
8631
8639
8655
8661
8678
8679
8695
8733
8773
8793
8805
8813
8871
8876
8888
8943
8969
8972
8982
8992
8007
8011
8012
8073
8093
8110
8112
8127
8163
8192
8206
8208
8225
8231
8264
8273
8282
8287
8343
8368
8419
8491
8504
8514
8553
8558
8561
8569
8570
8582
8590
8624
8664
8668
8671
8681
8723
8732
8737
8749
8766
8774
8785
8790
8794
8845
8846
8863
8882
8883
8899
8902
8941
8953
8977
8984
8990
9044
9057
9069
9075
9088
9093
9114
9133
9146
9148
9223
9251
9300
9302
9350
9367
9374
9400
9422
9425
9448
9454
9461
9466
9506
9516
9517
9564
9575
9584
9586
9608
9680
9735
9755
9786
9802
9844
9846
9890
9891
9899
9924
9925
9926
9927
9950
9981
9988
9993
10046
10055
10058
10120
10125
10142
10171
10179
10203
10214
10220
10234
10241
10252
10258
10279
10281
10292
10380
10394
10466
10504
10523
10531
10540
10557
10559
10569
10574
10578
10590
10595
10604
10631
10658
10668
10679
10697
10733
10739
10744
10749
10761
10775
10782
10797
10808
10825
10847
10848
10883
10893
10900
10907
10913
10930
10951
10957
10964
10965
10967
10970
10985
11006
11015
11024
11030
11035
11051
11056
11067
11098
11105
11107
11116
11119
11122
11127
11150
11168
11175
11189
11195
11207
11219
11240
11257
11274
11284
11290
11303
11317
11323
11328
11334
11350
11355
11362
11376
11389
11400
11448
11479
11493
11501
11508
11515
11520
11522
11538
11547
11548
11560
11571
11579
11596
11608
11628
11640
11642
11666
11668
11690
11703
11710
11713
11718
11733
11739
11758
11780
11820
11822
11833
11836
11837
11858
11873
11886
11889
11915
11923
11924
11931
11940
11948
11951
11964
11973
11982
11995
12010
12013
12014
12015
12020
12028
12030
12033
12034
12036
12041
12043
12049
12055
12058
12061
12062
12066
12073
12079
12081
12084
12087
12094
12106
12108
12123
12127
12129
12133
12147
12156
12157
12158
12170
12174
12176
12181
12182
12183
12186
12188
12190
12191
12194
12198
12205
12219
12225
12226
12237
12240
12246
12249
12250
12252
12253
12254
12257
12264
12265
12278
12279
12287
12297
12300
12304
12305
12314
12324
12327
12349
12351
12353
12367
12369
12371
12373
12375
12382
12398
12404
12411
12413
12416
12419
12420
12425
12427
12440
12443
12449
12454
12455
12458
12459
12464
12481
12484
12485
12496
12497
12503
12506
12511
12520
12534
12540
12543
12547
12549
12553
12556
12562
12564
12566
12567
12569
12575
12578
12581
12582
12583
12595
12596
12601
12606
12607
12608
12609
12617
12621
12622
12630
12640
12644
12647
12650
12651
12657
12658
12663
12667
12680
12683
12685
12702
12703
12704
12713
12723
12727
12730
12735
12749
12752
12757
12770
12771
12776
12790
12793
12813
12815
12817
12822
12823
12828
12837
12842
12844
12845
12851
12861
12871
12878
12882
12883
12885
12889
12892
12907
12911
12923
12926
12930
12937
12942
12947
12960
12961
12963
12968
12969
12979
12980
12982
12990
12991
12996
12999
12010
12030
12034
12036
12041
12043
12049
12058
12061
12079
12081
12084
12106
12108
12123
12170
12176
12182
12191
12194
12219
12225
12249
12250
12252
12253
12264
12278
12279
12287
12300
12305
12314
12324
12351
12353
12367
12371
12375
12413
12425
12449
12455
12481
12497
12511
12549
12553
12562
12564
12567
12582
12595
12601
12607
12608
12609
12630
12650
12685
12704
12723
12730
12735
12749
12771
12793
12822
12837
12861
12871
12878
12885
12892
12937
12963
12969
12982
12010
12013
12030
12033
12034
12036
12041
12043
12049
12055
12058
12061
12073
12079
12081
12084
12094
12106
12108
12123
12129
12133
12147
12170
12176
12182
12183
12191
12194
12205
12219
12225
12240
12249
12250
12252
12253
12254
12264
12265
12278
12279
12287
12300
12305
12314
12324
12327
12349
12351
12353
12367
12371
12375
12382
12398
12413
12420
12425
12440
12449
12455
12458
12464
12481
12485
12496
12497
12503
12506
12511
12520
12534
12549
12553
12556
12562
12564
12566
12567
12575
12578
12581
12582
12583
12595
12596
12601
12607
12608
12609
12622
12630
12644
12647
12650
12658
12685
12704
12713
12723
12727
12730
12735
12749
12752
12770
12771
12790
12793
12822
12837
12842
12844
12861
12871
12878
12882
12883
12885
12892
12907
12911
12923
12937
12942
12947
12960
12961
12963
12969
12979
12982
12005
12045
12052
12056
12063
12068
12090
12126
12134
12151
12169
12171
12178
12196
12207
12296
12347
12358
12385
12390
12414
12430
12445
12447
12451
12462
12469
12473
12508
12522
12524
12550
12559
12572
12586
12590
12627
12659
12687
12693
12700
12701
12726
12750
12751
12773
12841
12855
12863
12864
12867
12870
12896
12915
12933
12936
12959
12964
12966
12973
12978
13004
13005
13007
13012
13015
13020
13022
13027
13041
13047
13063
13068
13076
13079
13085
13101
13104
13106
13117
13123
13136
13142
13151
13162
13164
13173
13174
13193
13197
13206
13209
13231
13238
13244
13246
13251
13260
13262
13271
13272
13284
13300
13301
13318
13323
13327
13329
13342
13343
13344
13349
13358
13383
13390
13393
13412
13417
13420
13421
13422
13423
13439
13459
13461
13479
13511
13522
13523
13524
13529
13534
13542
13555
13563
13570
13597
13604
13605
13609
13611
13617
13627
13629
13636
13641
13674
13687
13694
13699
13719
13723
13725
13728
13735
13759
13773
13777
13785
13787
13796
13797
13823
13828
13839
13840
13845
13855
13857
13876
13883
13887
13889
13893
13904
13906
13921
13929
13936
13942
13964
13973
13974
13977
13980
13993
13004
13007
13027
13041
13063
13076
13085
13104
13117
13142
13162
13164
13173
13174
13193
13197
13238
13244
13251
13300
13301
13329
13343
13383
13393
13417
13420
13422
13423
13439
13459
13461
13522
13523
13524
13529
13542
13555
13563
13570
13597
13604
13609
13611
13627
13629
13636
13674
13694
13719
13728
13773
13777
13787
13797
13823
13828
13839
13845
13876
13889
13893
13904
13906
13929
13936
13942
13977
13980
13993
13004
13005
13007
13012
13015
13020
13022
13027
13041
13047
13055
13059
13063
13068
13076
13079
13085
13100
13101
13104
13106
13107
13117
13123
13131
13136
13140
13142
13151
13162
13164
13173
13174
13185
13193
13197
13205
13206
13209
13223
13229
13231
13238
13242
13244
13246
13251
13260
13262
13271
13272
13284
13300
13301
13318
13323
13326
13327
13329
13342
13343
13344
13349
13358
13369
13383
13390
13393
13396
13412
13417
13419
13420
13421
13422
13423
13439
13442
13444
13449
13459
13461
13479
13511
13522
13523
13524
13529
13534
13542
13554
13555
13563
13570
13597
13603
13604
13605
13609
13611
13617
13627
13629
13630
13636
13641
13655
13674
13676
13687
13694
13699
13705
13712
13719
13723
13725
13728
13731
13735
13738
13759
13773
13777
13785
13787
13792
13796
13797
13823
13828
13836
13838
13839
13840
13845
13855
13857
13876
13880
13883
13887
13889
13893
13904
13906
13909
13921
13923
13929
13936
13942
13955
13964
13973
13974
13977
13979
13980
13986
13993
14009
14026
14055
14098
14109
14138
14140
14143
14145
14153
14157
14159
14167
14178
14188
14192
14197
14203
14210
14211
14215
14232
14235
14238
14259
14282
14286
14298
14311
14319
14355
14368
14371
14377
14387
14399
14415
14425
14429
14454
14456
14462
14463
14487
14498
14499
14520
14559
14566
14568
14570
14596
14631
14655
14676
14679
14693
14695
14697
14713
14733
14735
14748
14784
14796
14825
14874
14875
14879
14880
14899
14965
14994
14999
15006
15007
15009
15011
15013
15045
15136
15141
15153
15161
15176
15189
15191
15202
15207
15227
15231
15234
15245
15255
15261
15280
15283
15302
15305
15313
15344
15359
15379
15387
15396
15411
15417
15433
15444
15447
15483
15513
15521
15527
15538
15541
15559
15584
15589
15642
15643
15645
15651
15680
15717
15744
15753
15762
15769
15770
15815
15831
15832
15873
15877
15878
15892
15930
15931
15943
15965
15978
15984
15988
15991
15002
15006
15007
15009
15011
15013
15030
15045
15057
15058
15061
15066
15067
15070
15100
15114
15124
15136
15141
15142
15146
15153
15157
15159
15161
15176
15177
15189
15191
15201
15202
15207
15215
15227
15230
15231
15234
15245
15250
15254
15255
15261
15280
15283
15285
15297
15302
15305
15313
15330
15338
15339
15344
15356
15359
15379
15381
15382
15387
15396
15406
15409
15411
15417
15425
15431
15433
15436
15444
15445
15447
15468
15474
15483
15509
15512
15513
15515
15521
15527
15529
15537
15538
15541
15543
15550
15559
15566
15575
15584
15585
15586
15589
15598
15615
15620
15642
15643
15645
15651
15680
15701
15717
15728
15739
15741
15744
15749
15753
15762
15769
15770
15783
15803
15811
15815
15829
15831
15832
15850
15864
15872
15873
15876
15877
15878
15892
15894
15895
15906
15930
15931
15937
15943
15951
15965
15974
15978
15984
15988
15991
15995
15998
15006
15011
15136
15141
15176
15189
15191
15207
15227
15231
15245
15283
15302
15305
15313
15344
15359
15396
15411
15417
15433
15483
15513
15521
15527
15541
15584
15645
15680
15717
15744
15753
15762
15769
15815
15892
15965
15978
15984
15988
15002
15006
15007
15009
15010
15011
15013
15018
15030
15036
15037
15042
15045
15053
15057
15058
15061
15064
15066
15067
15070
15076
15088
15095
15100
15107
15111
15112
15114
15120
15124
15127
15132
15133
15135
15136
15141
15142
15144
15146
15148
15153
15157
15159
15161
15162
15174
15176
15177
15188
15189
15191
15194
15201
15202
15204
15207
15215
15221
15224
15227
15230
15231
15234
15245
15247
15250
15252
15254
15255
15260
15261
15265
15271
15280
15283
15285
15288
15293
15297
15302
15303
15305
15308
15313
15324
15330
15336
15338
15339
15344
15348
15349
15356
15359
15362
15365
15372
15376
15377
15379
15381
15382
15387
15389
15393
15396
15401
15406
15409
15411
15415
15417
15420
15422
15424
15425
15426
15431
15433
15436
15444
15445
15447
15450
15456
15457
15463
15468
15471
15473
15474
15483
15484
15494
15509
15512
15513
15514
15515
15521
15522
15527
15529
15537
15538
15541
15543
15550
15559
15566
15575
15583
15584
15585
15586
15589
15596
15598
15603
15610
15615
15620
15635
15642
15643
15645
15651
15654
15665
15673
15680
15682
15688
15701
15717
15721
15722
15724
15728
15730
15735
15739
15741
15744
15749
15753
15758
15760
15762
15766
15769
15770
15779
15783
15784
15802
15803
15804
15809
15810
15811
15815
15816
15829
15831
15832
15839
15842
15850
15853
15864
15872
15873
15875
15876
15877
15878
15881
15889
15892
15894
15895
15897
15901
15906
15925
15930
15931
15937
15943
15945
15951
15962
15965
15970
15974
15978
15984
15988
15991
15994
15995
15997
15998
16024
16040
16055
16060
16068
16111
16123
16124
16126
16130
16131
16138
16143
16150
16157
16158
16163
16175
16189
16195
16198
16230
16235
16251
16253
16262
16272
16278
16295
16297
16311
16383
16386
16388
16400
16402
16418
16437
16442
16455
16474
16484
16505
16540
16545
16565
16572
16576
16582
16611
16633
16648
16659
16661
16662
16688
16705
16722
16726
16744
16775
16791
16803
16819
16858
16869
16880
16889
16908
16916
16969
16997
16016
16038
16058
16059
16098
16112
16128
16192
16206
16210
16215
16216
16248
16265
16271
16283
16350
16353
16354
16387
16422
16425
16453
16454
16462
16468
16477
16492
16493
16497
16510
16527
16568
16607
16615
16621
16649
16666
16687
16693
16713
16719
16734
16759
16761
16795
16796
16806
16817
16822
16829
16832
16841
16864
16870
16871
16874
16881
16911
16927
16931
16944
16953
16963
16977
16994
16996
16015
16025
16047
16050
16056
16069
16077
16094
16104
16110
16144
16159
16172
16204
16218
16226
16237
16238
16255
16266
16349
16389
16390
16490
16502
16518
16525
16538
16586
16587
16613
16627
16629
16694
16746
16758
16760
16768
16804
16821
16833
16837
16883
16888
16929
16952
17002
17009
17014
17015
17021
17025
17029
17033
17034
17038
17041
17044
17046
17054
17055
17058
17062
17072
17075
17076
17077
17080
17084
17086
17089
17092
17093
17094
17101
17104
17106
17108
17115
17118
17121
17126
17129
17133
17144
17146
17147
17154
17156
17165
17170
17171
17174
17175
17191
17193
17198
17217
17220
17226
17238
17243
17244
17248
17250
17252
17254
17261
17267
17273
17274
17278
17280
17281
17285
17287
17290
17296
17305
17306
17308
17315
17319
17320
17321
17322
17329
17334
17335
17341
17347
17348
17353
17361
17362
17363
17367
17368
17372
17374
17375
17377
17380
17383
17384
17390
17391
17394
17396
17406
17407
17408
17410
17411
17414
17416
17425
17445
17460
17465
17472
17473
17477
17479
17486
17490
17492
17493
17494
17499
17500
17501
17505
17508
17509
17516
17519
17520
17522
17525
17545
17546
17555
17558
17562
17564
17565
17571
17582
17587
17588
17589
17590
17592
17595
17600
17601
17602
17605
17610
17611
17613
17618
17621
17625
17626
17627
17630
17637
17644
17647
17649
17650
17651
17656
17657
17664
17666
17669
17671
17672
17675
17681
17682
17683
17685
17690
17691
17695
17698
17699
17703
17704
17706
17709
17716
17726
17728
17729
17735
17736
17737
17742
17744
17747
17753
17755
17764
17767
17768
17774
17779
17792
17794
17802
17806
17810
17812
17815
17817
17824
17836
17840
17842
17844
17853
17858
17859
17860
17871
17874
17877
17880
17888
17894
17898
17900
17901
17911
17913
17914
17916
17919
17921
17927
17930
17931
17932
17939
17940
17942
17944
17946
17950
17952
17956
17960
17962
17966
17975
17976
17978
17993
17998
17041
17054
17058
17094
17118
17147
17254
17305
17308
17347
17353
17390
17406
17410
17414
17425
17595
17605
17644
17669
17675
17685
17691
17755
17812
17916
17950
17952
17960
17998
17009
17014
17015
17025
17029
17038
17041
17044
17046
17054
17058
17062
17072
17076
17077
17084
17086
17089
17094
17104
17108
17118
17121
17126
17129
17133
17146
17147
17156
17174
17175
17191
17198
17217
17226
17238
17243
17254
17267
17273
17274
17278
17281
17285
17290
17305
17308
17315
17319
17320
17321
17322
17329
17334
17335
17347
17353
17362
17363
17367
17374
17375
17380
17383
17384
17390
17394
17396
17406
17407
17408
17410
17411
17414
17416
17425
17445
17460
17472
17473
17477
17479
17490
17494
17499
17500
17501
17505
17509
17519
17520
17522
17525
17546
17555
17558
17562
17565
17571
17582
17588
17592
17595
17601
17602
17605
17610
17611
17613
17618
17625
17627
17630
17644
17647
17649
17656
17664
17666
17669
17672
17675
17682
17685
17690
17691
17695
17698
17704
17706
17709
17716
17729
17737
17742
17747
17755
17767
17768
17774
17779
17792
17806
17810
17812
17815
17817
17836
17842
17844
17853
17860
17871
17874
17877
17888
17894
17898
17900
17901
17913
17916
17919
17921
17927
17931
17932
17939
17940
17942
17946
17950
17952
17956
17960
17962
17966
17975
17976
17978
17998
18004
18008
18009
18010
18013
18014
18019
18021
18023
18034
18037
18040
18044
18049
18072
18076
18078
18081
18083
18085
18088
18089
18093
18099
18102
18104
18109
18112
18113
18117
18122
18123
18124
18127
18131
18135
18137
18141
18154
18155
18163
18172
18175
18177
18180
18185
18187
18196
18197
18199
18200
18202
18203
18216
18223
18224
18226
18236
18240
18257
18258
18260
18262
18268
18270
18273
18285
18291
18295
18296
18300
18311
18323
18344
18345
18349
18354
18375
18376
18377
18380
18383
18385
18389
18407
18410
18412
18431
18445
18448
18451
18462
18463
18481
18490
18506
18520
18527
18537
18547
18554
18556
18575
18576
18591
18595
18597
18602
18604
18606
18607
18613
18618
18623
18630
18632
18643
18650
18660
18663
18667
18675
18678
18683
18688
18689
18695
18696
18699
18700
18708
18711
18716
18717
18727
18736
18740
18742
18747
18750
18767
18783
18785
18791
18798
18805
18806
18811
18824
18829
18842
18848
18849
18863
18878
18883
18889
18892
18895
18901
18902
18904
18907
18908
18916
18919
18928
18930
18932
18934
18935
18940
18946
18956
18962
18967
18968
18970
18971
18975
18978
18983
18995
18004
18008
18009
18010
18013
18014
18023
18034
18040
18049
18076
18078
18083
18085
18088
18109
18112
18113
18117
18123
18127
18135
18137
18141
18154
18155
18163
18177
18185
18187
18196
18197
18200
18202
18203
18224
18226
18236
18240
18268
18270
18273
18291
18295
18300
18311
18376
18380
18385
18389
18445
18462
18463
18481
18490
18506
18527
18537
18554
18602
18606
18607
18613
18623
18632
18643
18650
18660
18663
18667
18675
18683
18688
18689
18700
18716
18717
18727
18736
18740
18747
18767
18783
18791
18811
18829
18842
18848
18863
18878
18883
18916
18919
18928
18930
18934
18935
18940
18946
18956
18967
18971
18995
18004
18005
18008
18009
18010
18012
18013
18014
18019
18020
18021
18023
18029
18034
18037
18040
18044
18048
18049
18060
18064
18066
18072
18076
18078
18081
18083
18085
18088
18089
18093
18099
18102
18104
18108
18109
18112
18113
18117
18118
18122
18123
18124
18127
18131
18135
18137
18141
18154
18155
18161
18163
18170
18172
18175
18177
18180
18185
18187
18196
18197
18199
18200
18202
18203
18209
18210
18211
18216
18217
18223
18224
18226
18231
18236
18237
18240
18241
18257
18258
18260
18262
18263
18268
18269
18270
18273
18285
18291
18295
18296
18300
18302
18311
18315
18323
18326
18334
18339
18344
18345
18349
18354
18360
18375
18376
18377
18380
18383
18385
18389
18391
18402
18407
18410
18411
18412
18414
18427
18431
18445
18448
18450
18451
18462
18463
18481
18490
18496
18506
18509
18520
18522
18527
18537
18546
18547
18549
18550
18554
18556
18560
18567
18575
18576
18577
18583
18587
18589
18591
18595
18597
18600
18602
18604
18605
18606
18607
18612
18613
18618
18623
18628
18630
18632
18643
18650
18660
18663
18667
18671
18675
18678
18680
18682
18683
18688
18689
18695
18696
18699
18700
18705
18708
18711
18716
18717
18719
18720
18727
18736
18739
18740
18742
18747
18750
18753
18765
18767
18768
18773
18776
18777
18783
18785
18791
18793
18794
18795
18796
18798
18803
18805
18806
18811
18816
18821
18824
18829
18842
18848
18849
18863
18873
18878
18883
18889
18892
18895
18901
18902
18903
18904
18906
18907
18908
18916
18919
18928
18930
18932
18934
18935
18940
18946
18947
18956
18962
18967
18968
18970
18971
18975
18978
18982
18983
18987
18990
18995
20009
20045
20082
20107
20159
20163
20170
20176
20209
20232
20254
20257
20263
20270
20275
20303
20308
20317
20324
20325
20338
20345
20360
20429
20431
20443
20451
20466
20470
20476
20482
20492
20506
20523
20552
20614
20657
20665
20684
20692
20724
20736
20740
20763
20781
20845
20846
20863
20875
20893
20908
20936
20957
20985
20991
20999
21024
21038
21138
21204
21254
21265
21433
21485
21536
21678
21696
21772
21826
21931
21940
21990
21995
21997
21005
21006
21011
21016
21019
21024
21038
21047
21049
21051
21052
21057
21068
21070
21072
21074
21075
21090
21091
21094
21097
21098
21101
21108
21110
21120
21131
21138
21144
21147
21154
21159
21161
21186
21199
21200
21204
21224
21232
21239
21245
21246
21248
21251
21254
21265
21267
21270
21277
21279
21281
21283
21287
21288
21289
21298
21308
21319
21321
21323
21325
21327
21328
21331
21340
21344
21347
21355
21363
21368
21381
21383
21399
21424
21429
21433
21437
21449
21452
21459
21470
21471
21475
21483
21485
21491
21505
21511
21516
21517
21518
21519
21528
21534
21536
21541
21555
21556
21560
21562
21568
21571
21574
21595
21600
21606
21608
21615
21617
21623
21652
21658
21661
21663
21666
21671
21673
21677
21678
21685
21692
21696
21698
21699
21707
21726
21727
21731
21739
21744
21752
21756
21757
21758
21760
21772
21778
21781
21784
21785
21801
21812
21814
21815
21816
21818
21819
21826
21833
21836
21847
21848
21858
21863
21868
21869
21870
21878
21886
21889
21892
21904
21907
21909
21920
21921
21923
21929
21930
21931
21933
21940
21960
21962
21967
21978
21980
21983
21987
21990
21995
21997
21008
21015
21107
21123
21165
21168
21173
21195
21203
21205
21220
21244
21284
21314
21332
21393
21404
21444
21455
21468
21502
21514
21524
21566
21585
21625
21631
21646
21650
21651
21712
21737
21740
21743
21766
21797
21803
21806
21820
21832
21857
21891
21928
21944
21947
21966
21985
22016
22029
22040
22042
22053
22058
22077
22093
22098
22103
22104
22113
22116
22154
22161
22168
22181
22202
22215
22216
22219
22227
22234
22235
22238
22243
22248
22252
22258
22268
22274
22280
22281
22290
22293
22312
22350
22352
22379
22389
22402
22420
22430
22433
22436
22447
22448
22449
22455
22467
22468
22469
22476
22478
22491
22511
22516
22517
22526
22527
22530
22532
22535
22540
22545
22547
22552
22566
22596
22598
22616
22624
22629
22640
22673
22676
22695
22696
22701
22714
22716
22725
22732
22737
22741
22747
22767
22768
22771
22784
22801
22809
22815
22832
22835
22842
22847
22863
22870
22875
22896
22907
22917
22927
22929
22933
22956
22961
22962
22973
22978
22980
22981
22993
22999
23006
23038
23050
23053
23065
23069
23078
23080
23100
23127
23132
23136
23138
23139
23154
23178
23187
23200
23216
23218
23250
23280
23285
23301
23305
23316
23350
23422
23430
23444
23446
23488
23496
23497
23502
23528
23530
23542
23547
23594
23622
23624
23650
23652
23662
23667
23691
23708
23739
23755
23760
23816
23817
23863
23898
23909
23924
23931
23944
24000
24007
24028
24035
24039
24042
24043
24045
24058
24080
24081
24090
24095
24096
24102
24109
24139
24155
24171
24173
24180
24186
24192
24194
24208
24216
24234
24241
24246
24266
24272
24273
24275
24285
24292
24325
24334
24342
24346
24348
24352
24354
24357
24361
24366
24388
24420
24422
24425
24433
24436
24445
24456
24462
24464
24467
24473
24499
24506
24514
24521
24536
24539
24570
24573
24577
24580
24582
24588
24597
24600
24606
24613
24623
24627
24631
24632
24635
24665
24669
24678
24699
24701
24705
24707
24714
24720
24722
24726
24739
24747
24754
24755
24768
24777
24783
24786
24787
24791
24807
24812
24824
24832
24840
24841
24844
24845
24855
24858
24865
24869
24880
24922
24935
24943
24949
24955
24960
24964
24969
24976
24983
24999
24000
24028
24043
24045
24095
24096
24139
24171
24173
24180
24186
24192
24208
24216
24234
24266
24275
24285
24325
24342
24346
24354
24388
24425
24433
24456
24462
24464
24473
24499
24506
24521
24536
24539
24570
24577
24582
24588
24597
24600
24606
24613
24627
24631
24632
24665
24669
24678
24699
24701
24707
24714
24720
24726
24747
24755
24783
24787
24791
24812
24840
24841
24844
24858
24865
24869
24943
24949
24964
24969
24976
24007
24035
24039
24042
24058
24080
24081
24090
24102
24109
24155
24194
24241
24246
24272
24273
24292
24334
24348
24352
24357
24361
24366
24420
24422
24436
24445
24467
24514
24573
24580
24623
24635
24705
24722
24739
24754
24768
24777
24786
24807
24824
24832
24845
24855
24880
24922
24935
24955
24960
24983
24999
25035
25078
25083
25110
25123
25135
25157
25158
25164
25228
25298
25299
25401
25423
25440
25462
25488
25495
25501
25503
25515
25529
25565
25600
25605
25608
25616
25621
25629
25634
25678
25683
25688
25695
25703
25725
25743
25746
25780
25793
25806
25812
25816
25826
25854
25864
25884
25923
25924
25925
25928
25967
25981
25998
25035
25060
25077
25078
25083
25110
25123
25135
25157
25158
25164
25201
25228
25251
25271
25275
25285
25298
25299
25307
25311
25314
25347
25400
25401
25409
25413
25415
25423
25440
25454
25462
25488
25495
25501
25503
25515
25529
25531
25556
25565
25593
25600
25601
25605
25608
25616
25621
25629
25634
25636
25637
25646
25653
25668
25678
25683
25688
25695
25703
25725
25738
25743
25746
25758
25763
25766
25780
25793
25797
25806
25812
25816
25826
25845
25854
25864
25884
25915
25923
25924
25925
25928
25948
25967
25977
25981
25998
26024
26031
26084
26095
26099
26123
26192
26193
26215
26230
26248
26260
26269
26316
26325
26341
26358
26374
26386
26391
26402
26426
26428
26437
26443
26448
26477
26514
26525
26574
26585
26604
26662
26678
26681
26701
26715
26721
26798
26856
26863
26874
26897
26929
26968
26971
26981
26002
26030
26043
26047
26050
26055
26073
26086
26088
26112
26129
26174
26190
26209
26237
26252
26255
26261
26328
26330
26381
26387
26406
26408
26451
26472
26504
26543
26567
26580
26592
26599
26641
26691
26737
26759
26808
26842
26903
26904
26922
26930
26989
27007
27019
27067
27070
27096
27112
27137
27140
27141
27198
27209
27234
27284
27286
27293
27299
27301
27304
27315
27332
27334
27369
27371
27373
27387
27465
27481
27496
27537
27574
27597
27615
27623
27648
27665
27666
27675
27677
27688
27709
27714
27746
27868
27869
27940
27946
27953
27957
27965
27968
27972
27004
27007
27019
27024
27041
27058
27060
27065
27067
27070
27073
27074
27091
27096
27099
27102
27111
27112
27116
27117
27137
27140
27141
27144
27150
27167
27169
27173
27176
27193
27194
27197
27198
27203
27209
27212
27216
27217
27233
27234
27235
27240
27241
27247
27254
27255
27263
27264
27267
27272
27274
27275
27279
27284
27286
27288
27290
27291
27293
27296
27299
27301
27304
27306
27315
27318
27321
27323
27332
27334
27335
27337
27339
27351
27358
27362
27363
27366
27367
27369
27371
27373
27376
27383
27387
27406
27423
27431
27432
27433
27441
27444
27450
27459
27465
27470
27472
27473
27480
27481
27482
27483
27485
27488
27491
27496
27509
27515
27517
27520
27535
27537
27538
27543
27555
27570
27574
27581
27582
27588
27589
27591
27594
27597
27605
27607
27614
27615
27616
27618
27623
27631
27647
27648
27662
27664
27665
27666
27671
27672
27675
27677
27687
27688
27692
27705
27709
27714
27721
27731
27737
27745
27746
27752
27754
27768
27778
27780
27792
27794
27802
27808
27814
27816
27823
27825
27826
27837
27849
27851
27867
27868
27869
27871
27876
27877
27891
27901
27911
27913
27914
27915
27921
27926
27929
27939
27940
27942
27943
27946
27949
27952
27953
27957
27962
27965
27967
27968
27972
27979
27988
27997
27999
27004
27007
27019
27024
27030
27033
27041
27058
27060
27065
27067
27070
27073
27074
27088
27091
27096
27099
27102
27107
27111
27112
27116
27117
27122
27126
27137
27140
27141
27144
27150
27167
27169
27172
27173
27176
27188
27193
27194
27197
27198
27199
27203
27209
27210
27212
27216
27217
27218
27233
27234
27235
27240
27241
27243
27247
27254
27255
27263
27264
27266
27267
27269
27272
27274
27275
27276
27277
27279
27284
27286
27287
27288
27290
27291
27293
27294
27296
27299
27300
27301
27304
27306
27308
27315
27317
27318
27321
27323
27324
27332
27334
27335
27337
27339
27341
27345
27351
27358
27362
27363
27366
27367
27369
27371
27373
27376
27383
27385
27387
27406
27422
27423
27426
27431
27432
27433
27440
27441
27444
27448
27450
27459
27465
27470
27472
27473
27480
27481
27482
27483
27485
27488
27491
27496
27505
27507
27509
27515
27517
27520
27529
27535
27537
27538
27543
27555
27570
27573
27574
27581
27582
27588
27589
27591
27594
27597
27605
27607
27614
27615
27616
27618
27619
27623
27631
27647
27648
27662
27664
27665
27666
27671
27672
27675
27677
27687
27688
27692
27700
27705
27709
27714
27721
27730
27731
27734
27737
27745
27746
27752
27754
27763
27768
27775
27778
27780
27787
27792
27794
27796
27802
27805
27808
27814
27816
27818
27821
27823
27825
27826
27834
27837
27849
27851
27855
27866
27867
27868
27869
27871
27876
27877
27886
27891
27893
27901
27911
27913
27914
27915
27919
27921
27924
27925
27926
27929
27939
27940
27942
27943
27945
27946
27949
27952
27953
27957
27962
27965
27967
27968
27972
27979
27988
27997
27999
27007
27019
27024
27067
27070
27073
27074
27091
27096
27099
27102
27111
27112
27116
27137
27140
27141
27150
27167
27169
27173
27176
27193
27194
27197
27198
27203
27209
27212
27233
27234
27241
27247
27254
27255
27264
27267
27272
27274
27275
27284
27286
27288
27290
27291
27293
27296
27299
27301
27304
27306
27315
27318
27321
27323
27332
27334
27339
27358
27362
27363
27367
27369
27371
27373
27376
27383
27387
27406
27423
27431
27432
27441
27444
27459
27465
27470
27473
27480
27481
27482
27483
27485
27488
27491
27496
27509
27515
27517
27520
27535
27537
27538
27555
27570
27574
27588
27589
27591
27594
27597
27605
27614
27615
27618
27623
27647
27648
27665
27666
27672
27675
27677
27687
27688
27692
27709
27714
27721
27737
27745
27746
27754
27780
27792
27794
27808
27816
27849
27851
27868
27869
27876
27877
27891
27911
27921
27926
27929
27940
27942
27943
27946
27949
27953
27957
27965
27968
27972
27979
27997
27999
28001
28002
28005
28008
28035
28040
28043
28076
28077
28079
28092
28095
28107
28129
28151
28154
28161
28165
28169
28181
28186
28197
28204
28207
28211
28228
28238
28245
28246
28258
28262
28269
28282
28288
28292
28300
28301
28305
28313
28316
28333
28340
28348
28353
28363
28366
28368
28369
28379
28386
28391
28417
28426
28442
28488
28490
28506
28509
28515
28520
28522
28524
28531
28545
28557
28571
28576
28579
28580
28582
28589
28593
28595
28599
28602
28614
28621
28624
28630
28631
28659
28664
28672
28675
28680
28681
28709
28710
28713
28728
28742
28746
28755
28772
28776
28779
28790
28793
28800
28811
28873
28893
28896
28898
28905
28915
28919
28924
28935
28939
28957
28969
28973
28979
28981
28986
28001
28005
28076
28077
28079
28092
28151
28154
28181
28207
28238
28245
28246
28258
28262
28282
28301
28316
28340
28348
28369
28417
28488
28506
28515
28531
28545
28557
28579
28580
28589
28593
28595
28599
28602
28621
28624
28630
28631
28672
28680
28681
28709
28713
28772
28776
28779
28800
28811
28873
28893
28896
28915
28919
28924
28935
28939
28969
28986
28001
28002
28005
28006
28008
28009
28035
28036
28040
28043
28047
28052
28068
28074
28076
28077
28079
28082
28092
28095
28107
28118
28128
28129
28137
28143
28148
28151
28154
28155
28161
28164
28165
28169
28173
28181
28186
28197
28204
28207
28211
28220
28228
28234
28238
28245
28246
28258
28262
28267
28268
28269
28277
28282
28287
28288
28292
28300
28301
28305
28313
28316
28333
28340
28348
28353
28361
28362
28363
28366
28368
28369
28379
28380
28386
28391
28393
28414
28417
28426
28442
28449
28453
28464
28466
28468
28473
28482
28488
28490
28494
28501
28506
28508
28509
28515
28520
28522
28524
28531
28545
28557
28571
28573
28576
28579
28580
28582
28585
28589
28592
28593
28595
28599
28602
28606
28614
28621
28623
28624
28630
28631
28644
28653
28659
28664
28672
28675
28680
28681
28682
28686
28709
28710
28712
28713
28718
28728
28732
28734
28742
28746
28755
28772
28776
28779
28790
28793
28800
28808
28811
28815
28818
28820
28839
28872
28873
28875
28887
28889
28893
28895
28896
28898
28905
28915
28916
28919
28924
28935
28938
28939
28957
28958
28962
28969
28972
28973
28979
28980
28981
28986
28996
28001
28002
28005
28008
28076
28077
28079
28092
28095
28129
28151
28154
28161
28169
28181
28197
28207
28211
28238
28245
28246
28258
28262
28269
28282
28288
28292
28301
28316
28333
28340
28348
28353
28369
28386
28417
28426
28442
28488
28506
28509
28515
28520
28522
28524
28531
28545
28557
28571
28579
28580
28589
28593
28595
28599
28602
28621
28624
28630
28631
28664
28672
28675
28680
28681
28709
28713
28742
28746
28755
28772
28776
28779
28790
28800
28811
28873
28893
28896
28915
28919
28924
28935
28939
28957
28969
28973
28979
28986
28035
28040
28043
28107
28165
28186
28204
28228
28300
28305
28313
28363
28366
28368
28379
28391
28490
28576
28582
28614
28659
28710
28728
28793
28898
28905
28981
28006
28009
28036
28047
28052
28068
28074
28082
28118
28128
28137
28143
28148
28155
28164
28173
28220
28234
28267
28268
28277
28287
28361
28362
28380
28393
28414
28449
28453
28464
28466
28468
28473
28482
28494
28501
28508
28573
28585
28592
28606
28623
28644
28653
28682
28686
28712
28718
28732
28734
28808
28815
28818
28820
28839
28872
28875
28887
28889
28895
28916
28938
28958
28962
28972
28980
28996
28001
28005
28076
28077
28079
28151
28154
28181
28238
28245
28258
28282
28301
28340
28369
28417
28488
28506
28515
28545
28557
28579
28589
28593
28599
28602
28621
28624
28630
28631
28672
28680
28681
28709
28713
28779
28800
28811
28873
28893
28896
28919
28924
28935
28939
28986
29003
29016
29027
29028
29032
29037
29064
29069
29090
29101
29128
29149
29158
29163
29168
29171
29177
29180
29195
29211
29235
29237
29251
29267
29275
29278
29292
29296
29297
29307
29319
29323
29347
29353
29357
29361
29363
29369
29388
29398
29401
29405
29425
29432
29454
29457
29472
29489
29492
29493
29499
29523
29538
29541
29554
29563
29576
29578
29581
29613
29618
29629
29636
29637
29686
29698
29701
29717
29719
29720
29724
29736
29743
29751
29761
29763
29768
29778
29782
29785
29786
29791
29816
29857
29901
29913
29922
29932
29938
29947
29955
29957
29965
29966
29991
29016
29027
29032
29064
29149
29158
29171
29195
29211
29237
29267
29297
29307
29323
29347
29353
29398
29541
29581
29629
29636
29686
29698
29717
29743
29751
29761
29768
29816
29857
29901
29913
29922
29965
29991
29029
29038
29096
29098
29100
29121
29134
29183
29206
29231
29283
29311
29318
29322
29402
29418
29476
29483
29535
29536
29568
29583
29612
29634
29689
29690
29811
29880
29985
29986
30000
30004
30045
30065
30115
30125
30158
30159
30166
30173
30176
30199
30204
30217
30224
30245
30253
30263
30266
30298
30299
30324
30331
30343
30357
30381
30385
30386
30394
30397
30432
30435
30455
30472
30477
30492
30494
30496
30514
30552
30553
30555
30561
30631
30642
30659
30674
30678
30684
30693
30716
30763
30789
30793
30854
30863
30870
30890
30955
30969
30974
30983
30991
30996
31004
31007
31015
31016
31019
31020
31021
31022
31033
31041
31042
31045
31049
31054
31059
31060
31072
31074
31079
31082
31083
31086
31090
31101
31103
31108
31110
31111
31113
31118
31119
31121
31123
31125
31127
31131
31133
31139
31140
31142
31146
31154
31163
31165
31168
31179
31182
31185
31190
31193
31194
31195
31196
31198
31201
31204
31205
31208
31213
31214
31217
31236
31243
31252
31253
31260
31262
31263
31265
31266
31270
31271
31274
31275
31280
31293
31299
31300
31305
31307
31321
31326
31328
31329
31331
31338
31350
31359
31360
31365
31366
31374
31380
31387
31397
31400
31402
31411
31412
31417
31418
31420
31424
31426
31430
31431
31436
31443
31444
31445
31446
31452
31453
31461
31463
31471
31474
31477
31478
31489
31492
31502
31504
31506
31507
31508
31511
31512
31513
31516
31517
31519
31521
31522
31526
31537
31539
31544
31546
31548
31552
31553
31559
31573
31574
31577
31585
31598
31607
31611
31614
31617
31622
31624
31636
31637
31638
31644
31655
31656
31660
31661
31663
31667
31679
31682
31683
31686
31690
31704
31705
31721
31732
31733
31735
31737
31739
31743
31752
31753
31760
31764
31771
31774
31775
31781
31782
31789
31790
31794
31796
31801
31803
31814
31815
31826
31839
31847
31848
31853
31854
31864
31865
31871
31878
31885
31898
31901
31906
31907
31908
31912
31914
31920
31923
31925
31936
31937
31939
31942
31945
31949
31950
31952
31954
31955
31960
31967
31972
31974
31980
31982
31983
31986
31988
31996
31998
31007
31019
31021
31033
31045
31049
31054
31059
31086
31110
31131
31182
31190
31195
31217
31263
31265
31270
31275
31280
31299
31300
31326
31329
31365
31402
31424
31461
31478
31506
31508
31512
31513
31546
31552
31559
31573
31574
31611
31614
31622
31655
31660
31663
31705
31721
31732
31752
31781
31790
31796
31803
31854
31898
31901
31925
31945
31950
31952
31974
31986
32042
32076
32082
32084
32099
32101
32104
32115
32154
32222
32258
32278
32289
32310
32332
32338
32370
32399
32434
32438
32445
32457
32471
32512
32513
32531
32556
32567
32570
32595
32599
32601
32610
32621
32630
32669
32697
32718
32744
32745
32751
32788
32825
32834
32871
32875
32906
32918
32984
32985
33002
33006
33009
33014
33017
33028
33029
33038
33041
33053
33056
33057
33061
33062
33074
33079
33081
33092
33096
33107
33112
33113
33116
33117
33124
33125
33126
33127
33134
33149
33153
33154
33169
33186
33194
33204
33207
33213
33218
33221
33226
33233
33238
33239
33252
33255
33263
33280
33281
33285
33290
33296
33298
33300
33311
33312
33313
33325
33327
33332
33340
33347
33358
33373
33378
33391
33395
33400
33409
33418
33434
33435
33438
33444
33466
33473
33480
33487
33491
33497
33498
33499
33505
33508
33511
33518
33539
33544
33549
33552
33553
33559
33565
33566
33567
33568
33570
33571
33579
33580
33581
33584
33589
33594
33598
33602
33618
33619
33621
33623
33625
33627
33633
33648
33649
33653
33658
33659
33664
33683
33684
33693
33698
33699
33708
33712
33714
33715
33726
33728
33734
33741
33743
33748
33752
33761
33765
33771
33787
33800
33814
33815
33833
33841
33843
33847
33851
33854
33862
33864
33879
33886
33888
33892
33898
33899
33901
33903
33905
33906
33910
33911
33915
33919
33920
33933
33941
33947
33950
33952
33963
33986
33987
33990
33991
33994
33002
33006
33009
33014
33017
33028
33029
33031
33034
33038
33041
33047
33053
33056
33057
33061
33062
33074
33079
33081
33083
33092
33096
33104
33107
33111
33112
33113
33116
33117
33124
33125
33126
33127
33134
33141
33149
33151
33153
33154
33157
33169
33186
33187
33194
33196
33204
33207
33213
33217
33218
33221
33224
33226
33228
33230
33233
33238
33239
33252
33255
33263
33277
33280
33281
33285
33290
33293
33296
33297
33298
33300
33304
33311
33312
33313
33325
33327
33332
33340
33347
33358
33361
33368
33373
33378
33384
33391
33395
33400
33407
33408
33409
33413
33416
33418
33431
33434
33435
33438
33444
33466
33469
33471
33473
33480
33487
33491
33495
33497
33498
33499
33505
33508
33511
33518
33527
33532
33535
33538
33539
33544
33549
33550
33552
33553
33559
33565
33566
33567
33568
33570
33571
33578
33579
33580
33581
33584
33589
33594
33598
33602
33603
33608
33610
33612
33618
33619
33621
33623
33625
33627
33633
33638
33648
33649
33652
33653
33658
33659
33664
33683
33684
33689
33693
33695
33698
33699
33701
33703
33708
33712
33714
33715
33717
33718
33726
33728
33734
33741
33743
33748
33752
33753
33761
33763
33765
33771
33774
33787
33800
33802
33814
33815
33817
33826
33827
33832
33833
33841
33843
33847
33851
33854
33862
33864
33868
33878
33879
33884
33886
33888
33892
33897
33898
33899
33901
33903
33905
33906
33910
33911
33914
33915
33919
33920
33923
33925
33933
33936
33941
33947
33950
33952
33958
33963
33974
33986
33987
33990
33991
33994
33029
33038
33056
33074
33079
33116
33149
33204
33263
33300
33313
33325
33400
33434
33435
33444
33491
33498
33539
33559
33565
33566
33581
33598
33602
33619
33621
33625
33648
33658
33693
33699
33714
33728
33752
33771
33815
33833
33888
33898
33899
33901
33903
33905
33915
33933
33941
33991
33028
33029
33038
33056
33062
33074
33079
33112
33116
33134
33149
33153
33194
33204
33207
33213
33263
33298
33300
33313
33325
33395
33400
33418
33434
33435
33444
33491
33498
33508
33511
33539
33559
33565
33566
33567
33568
33570
33571
33581
33598
33602
33619
33621
33623
33625
33633
33648
33649
33658
33683
33693
33699
33714
33728
33752
33771
33815
33833
33843
33847
33854
33879
33886
33888
33898
33899
33901
33903
33905
33911
33915
33920
33933
33941
33947
33952
33991
33994
34011
34031
34040
34043
34046
34047
34057
34081
34086
34087
34088
34094
34108
34109
34123
34126
34127
34128
34135
34143
34160
34161
34165
34176
34191
34211
34212
34215
34224
34232
34234
34244
34254
34259
34274
34279
34295
34310
34321
34326
34341
34350
34357
34378
34383
34384
34393
34399
34409
34412
34428
34431
34443
34447
34448
34456
34469
34493
34516
34520
34545
34550
34559
34572
34581
34593
34595
34597
34602
34604
34608
34617
34623
34630
34634
34648
34680
34682
34683
34689
34695
34702
34723
34724
34755
34769
34777
34797
34810
34821
34833
34834
34849
34867
34875
34889
34891
34910
34916
34982
34987
