Finalized group 10.txt
39
50
89
92
100
119
152
161
189
209
239
258
271
275
298
301
321
407
427
429
440
488
500
514
553
563
590
602
620
635
662
699
720
728
742
790
826
852
911
932
962
980
991
0
20
26
39
44
49
50
65
68
75
76
81
89
92
100
103
104
106
112
119
121
124
130
131
134
152
160
161
170
182
189
190
194
196
205
209
211
215
219
239
245
247
250
257
258
262
265
267
271
274
275
277
283
287
293
298
301
305
308
311
321
327
332
347
353
355
357
360
369
371
373
374
386
393
397
402
407
410
412
415
417
423
425
426
427
428
429
439
440
446
473
477
483
488
490
492
500
514
515
516
522
523
525
538
544
545
546
549
553
557
559
563
571
573
581
587
588
589
590
596
598
602
609
610
620
621
626
631
635
636
641
649
655
656
659
662
669
672
673
682
683
689
699
710
714
717
718
720
726
727
728
742
748
754
757
780
781
789
790
797
798
817
824
826
828
832
837
852
857
861
866
871
873
876
885
886
897
907
911
916
930
932
933
955
962
966
980
989
991
995
44
81
130
134
170
196
265
274
311
327
426
428
483
525
544
546
589
598
609
655
659
757
797
876
995
44
134
170
196
265
274
311
426
546
659
757
797
995
0
20
44
81
124
130
134
170
196
250
265
274
311
327
369
397
425
426
428
483
522
525
544
546
589
596
598
609
626
641
649
655
659
673
682
689
710
717
748
757
781
797
828
861
866
876
897
916
933
955
995
0
20
39
44
49
50
68
81
89
92
100
119
121
124
130
134
152
160
161
170
189
194
196
209
211
219
239
247
250
258
265
267
271
274
275
277
298
301
308
311
321
327
332
347
355
357
369
373
397
402
407
417
423
425
426
427
428
429
440
483
488
500
514
522
523
525
544
546
549
553
563
571
573
588
589
590
596
598
602
609
620
626
635
636
641
649
655
656
659
662
672
673
682
683
689
699
710
717
720
728
742
748
754
757
781
789
790
797
824
826
828
852
857
861
866
873
876
886
897
911
916
932
933
955
962
980
989
991
995
1019
1116
1194
1197
1212
1220
1268
1376
1547
1560
1624
1664
1761
1795
1801
1855
1868
1875
1921
1922
1950
1969
1989
1019
1116
1197
1220
1376
1547
1560
1664
1761
1795
1801
1855
1875
1950
1969
1989
1003
1004
1014
1018
1019
1024
1034
1040
1042
1045
1049
1059
1064
1072
1086
1091
1102
1105
1110
1114
1116
1124
1143
1146
1148
1176
1179
1187
1189
1194
1195
1197
1201
1203
1204
1210
1212
1220
1222
1228
1231
1234
1238
1242
1245
1251
1261
1266
1267
1268
1276
1277
1278
1281
1294
1309
1310
1311
1313
1314
1320
1322
1328
1329
1332
1335
1354
1359
1366
1370
1374
1376
1382
1392
1393
1406
1418
1421
1423
1433
1451
1464
1481
1512
1518
1524
1537
1538
1545
1546
1547
1554
1556
1560
1566
1577
1579
1588
1602
1605
1606
1607
1608
1610
1611
1615
1621
1624
1626
1628
1633
1639
1643
1658
1660
1661
1664
1670
1684
1685
1692
1698
1699
1730
1731
1733
1736
1754
1761
1763
1767
1780
1786
1788
1789
1795
1801
1802
1807
1811
1834
1837
1847
1855
1857
1862
1864
1868
1875
1885
1897
1901
1908
1909
1914
1917
1918
1921
1922
1925
1927
1939
1948
1950
1953
1954
1960
1969
1976
1983
1989
1991
1004
1019
1059
1091
1110
1116
1189
1194
1197
1212
1220
1245
1261
1268
1310
1322
1332
1376
1538
1546
1547
1560
1566
1606
1615
1621
1624
1633
1643
1664
1731
1761
1795
1801
1855
1868
1875
1921
1922
1950
1969
1989
1004
1014
1019
1040
1059
1086
1091
1110
1116
1143
1148
1176
1179
1189
1194
1197
1210
1212
1220
1222
1242
1245
1251
1261
1268
1276
1281
1294
1310
1320
1322
1328
1329
1332
1354
1359
1366
1370
1376
1421
1538
1546
1547
1556
1560
1566
1577
1606
1607
1615
1621
1624
1626
1628
1633
1643
1660
1661
1664
1730
1731
1733
1736
1754
1761
1789
1795
1801
1802
1807
1847
1855
1868
1875
1885
1901
1909
1921
1922
1950
1953
1969
1983
1989
1004
1014
1018
1019
1024
1034
1040
1045
1049
1059
1072
1086
1091
1102
1105
1110
1114
1116
1124
1143
1146
1148
1176
1179
1189
1194
1197
1203
1204
1210
1212
1220
1222
1231
1238
1242
1245
1251
1261
1268
1276
1277
1278
1281
1294
1310
1311
1313
1320
1322
1328
1329
1332
1354
1359
1366
1370
1376
1406
1418
1421
1433
1451
1464
1481
1512
1518
1538
1546
1547
1556
1560
1566
1577
1605
1606
1607
1608
1610
1611
1615
1621
1624
1626
1628
1633
1639
1643
1660
1661
1664
1670
1684
1685
1692
1698
1699
1730
1731
1733
1736
1754
1761
1786
1789
1795
1801
1802
1807
1834
1837
1847
1855
1862
1864
1868
1875
1885
1897
1901
1908
1909
1914
1917
1918
1921
1922
1925
1939
1950
1953
1969
1983
1989
2001
2014
2020
2032
2038
2061
2064
2083
2087
2100
2203
2218
2244
2259
2279
2299
2308
2346
2412
2437
2440
2441
2450
2455
2482
2556
2617
2627
2633
2634
2687
2715
2717
2725
2793
2880
2881
2896
2943
2986
2001
2014
2083
2087
2203
2308
2450
2455
2556
2617
2634
2725
2896
2943
2986
2001
2007
2014
2018
2020
2029
2032
2035
2038
2046
2052
2058
2061
2064
2077
2081
2083
2087
2100
2105
2122
2126
2128
2129
2131
2132
2133
2134
2140
2147
2149
2155
2162
2163
2177
2184
2187
2197
2200
2201
2203
2217
2218
2220
2231
2243
2244
2247
2252
2259
2265
2273
2279
2280
2284
2289
2296
2299
2304
2308
2322
2324
2328
2330
2333
2335
2344
2346
2347
2358
2359
2374
2379
2383
2384
2396
2398
2400
2401
2402
2412
2421
2423
2430
2437
2440
2441
2442
2450
2455
2461
2471
2475
2477
2482
2484
2486
2492
2497
2503
2518
2522
2525
2532
2538
2540
2553
2555
2556
2557
2572
2584
2595
2599
2600
2607
2614
2617
2620
2623
2624
2627
2633
2634
2636
2665
2671
2686
2687
2691
2700
2703
2705
2707
2712
2715
2717
2719
2725
2733
2734
2738
2739
2741
2751
2754
2771
2779
2782
2786
2791
2793
2807
2810
2834
2844
2845
2855
2876
2880
2881
2883
2896
2901
2910
2916
2921
2943
2947
2951
2957
2958
2966
2968
2981
2984
2986
2993
2996
2998
2999
2001
2007
2014
2020
2029
2032
2038
2058
2061
2064
2077
2081
2083
2087
2100
2122
2128
2129
2131
2133
2134
2155
2163
2203
2217
2218
2244
2247
2259
2265
2273
2279
2289
2299
2308
2335
2346
2347
2359
2396
2401
2402
2412
2423
2437
2440
2441
2450
2455
2461
2477
2482
2492
2522
2538
2556
2557
2572
2584
2614
2617
2620
2624
2627
2633
2634
2665
2687
2691
2715
2717
2725
2733
2738
2771
2793
2876
2880
2881
2883
2896
2910
2921
2943
2947
2958
2986
2993
2105
2140
2147
2149
2177
2200
2201
2220
2243
2252
2284
2304
2322
2333
2344
2374
2384
2398
2421
2430
2442
2475
2484
2486
2525
2540
2555
2595
2607
2636
2703
2705
2707
2779
2782
2786
2951
2957
2966
2984
2996
2998
2018
2035
2046
2052
2126
2132
2162
2184
2187
2197
2231
2280
2296
2324
2328
2330
2358
2379
2383
2400
2471
2497
2503
2518
2532
2553
2599
2600
2623
2671
2686
2700
2712
2719
2734
2739
2741
2751
2754
2791
2807
2810
2834
2844
2845
2855
2901
2916
2968
2981
2999
2001
2007
2014
2020
2029
2032
2038
2058
2061
2064
2077
2081
2083
2087
2100
2105
2122
2128
2129
2131
2133
2134
2140
2147
2149
2155
2163
2177
2200
2201
2203
2217
2218
2220
2243
2244
2247
2252
2259
2265
2273
2279
2284
2289
2299
2304
2308
2322
2333
2335
2344
2346
2347
2359
2374
2384
2396
2398
2401
2402
2412
2421
2423
2430
2437
2440
2441
2442
2450
2455
2461
2475
2477
2482
2484
2486
2492
2522
2525
2538
2540
2555
2556
2557
2572
2584
2595
2607
2614
2617
2620
2624
2627
2633
2634
2636
2665
2687
2691
2703
2705
2707
2715
2717
2725
2733
2738
2771
2779
2782
2786
2793
2876
2880
2881
2883
2896
2910
2921
2943
2947
2951
2957
2958
2966
2984
2986
2993
2996
2998
3003
3009
3023
3024
3029
3030
3031
3032
3036
3038
3039
3041
3042
3045
3047
3048
3050
3052
3061
3062
3072
3074
3075
3078
3082
3101
3105
3108
3113
3116
3119
3121
3123
3142
3143
3154
3168
3170
3180
3202
3203
3205
3208
3210
3212
3214
3224
3225
3227
3228
3234
3239
3243
3245
3250
3252
3256
3257
3259
3260
3271
3277
3279
3280
3281
3285
3286
3291
3293
3300
3308
3322
3327
3334
3339
3346
3360
3369
3376
3379
3387
3392
3395
3401
3419
3425
3428
3436
3438
3446
3447
3448
3454
3459
3461
3467
3474
3485
3489
3501
3512
3515
3521
3523
3527
3531
3532
3538
3546
3550
3551
3555
3562
3565
3569
3576
3579
3596
3605
3606
3607
3611
3612
3615
3627
3637
3642
3652
3656
3666
3669
3671
3677
3683
3684
3688
3694
3695
3703
3710
3715
3719
3726
3730
3733
3744
3747
3752
3753
3763
3773
3787
3790
3810
3813
3816
3817
3829
3833
3841
3845
3849
3850
3852
3857
3861
3869
3872
3880
3894
3912
3936
3951
3955
3981
3023
3113
3154
3168
3245
3277
3308
3334
3379
3419
3447
3454
3656
3666
3683
3703
3763
3813
3869
3036
3041
3050
3061
3105
3123
3142
3143
3212
3214
3224
3250
3256
3259
3286
3293
3339
3346
3360
3369
3376
3392
3401
3428
3446
3461
3467
3474
3489
3538
3546
3550
3562
3606
3615
3637
3652
3688
3715
3753
3810
3829
3852
3861
3872
3880
3912
3951
3955
3009
3023
3029
3030
3032
3038
3042
3047
3052
3074
3075
3082
3101
3108
3113
3119
3154
3168
3180
3225
3228
3239
3245
3257
3271
3277
3281
3291
3308
3327
3334
3379
3395
3419
3425
3447
3448
3454
3459
3501
3512
3521
3523
3569
3605
3611
3656
3666
3669
3683
3684
3694
3695
3703
3710
3719
3726
3733
3744
3747
3752
3763
3773
3787
3813
3816
3817
3833
3845
3849
3869
3894
3936
3003
3024
3031
3039
3045
3048
3062
3072
3078
3116
3121
3170
3202
3203
3205
3208
3210
3227
3234
3243
3252
3260
3279
3280
3285
3300
3322
3387
3436
3438
3485
3515
3527
3531
3532
3551
3555
3565
3576
3579
3596
3607
3612
3627
3642
3671
3677
3730
3790
3841
3850
3857
3981
3009
3023
3029
3030
3032
3036
3038
3041
3042
3047
3050
3052
3061
3074
3075
3082
3101
3105
3108
3113
3119
3123
3142
3143
3154
3168
3180
3212
3214
3224
3225
3228
3239
3245
3250
3256
3257
3259
3271
3277
3281
3286
3291
3293
3308
3327
3334
3339
3346
3360
3369
3376
3379
3392
3395
3401
3419
3425
3428
3446
3447
3448
3454
3459
3461
3467
3474
3489
3501
3512
3521
3523
3538
3546
3550
3562
3569
3605
3606
3611
3615
3637
3652
3656
3666
3669
3683
3684
3688
3694
3695
3703
3710
3715
3719
3726
3733
3744
3747
3752
3753
3763
3773
3787
3810
3813
3816
3817
3829
3833
3845
3849
3852
3861
3869
3872
3880
3894
3912
3936
3951
3955
4043
4046
4052
4084
4097
4120
4127
4134
4135
4171
4191
4199
4200
4203
4218
4225
4227
4231
4233
4238
4255
4262
4265
4296
4305
4317
4326
4337
4338
4363
4364
4370
4381
4395
4399
4401
4419
4436
4440
4453
4455
4460
4497
4540
4545
4547
4549
4571
4576
4582
4584
4589
4595
4596
4604
4627
4630
4651
4711
4728
4751
4762
4772
4777
4805
4808
4812
4818
4826
4837
4842
4843
4845
4850
4851
4859
4869
4904
4909
4919
4921
4939
4949
4951
4961
4967
4968
4978
4995
4120
4200
4233
4255
4305
4436
4460
4540
4547
4772
4818
4845
4967
4046
4120
4200
4233
4238
4255
4296
4305
4338
4436
4460
4497
4540
4545
4547
4576
4584
4630
4728
4751
4762
4772
4818
4843
4845
4850
4851
4967
4995
4017
4018
4043
4046
4052
4074
4082
4084
4087
4094
4097
4120
4121
4127
4129
4134
4135
4145
4150
4158
4159
4171
4190
4191
4199
4200
4202
4203
4204
4218
4225
4227
4231
4233
4238
4242
4248
4251
4255
4262
4265
4275
4296
4305
4317
4319
4325
4326
4337
4338
4342
4360
4361
4363
4364
4370
4376
4381
4395
4399
4401
4402
4408
4419
4435
4436
4440
4453
4455
4458
4460
4472
4488
4491
4497
4503
4516
4522
4533
4540
4545
4547
4549
4550
4558
4560
4571
4576
4582
4584
4588
4589
4595
4596
4601
4604
4626
4627
4629
4630
4641
4651
4661
4673
4711
4728
4735
4751
4762
4766
4769
4772
4774
4777
4784
4805
4808
4812
4818
4826
4837
4842
4843
4845
4850
4851
4859
4861
4869
4883
4888
4901
4904
4909
4916
4919
4921
4928
4936
4939
4949
4951
4956
4961
4965
4967
4968
4971
4978
4987
4993
4995
4017
4018
4074
4082
4087
4094
4121
4129
4145
4150
4158
4159
4190
4202
4204
4242
4248
4251
4275
4319
4325
4342
4360
4361
4376
4402
4408
4435
4458
4472
4488
4491
4503
4516
4522
4533
4550
4558
4560
4588
4601
4626
4629
4641
4661
4673
4735
4766
4769
4774
4784
4861
4883
4888
4901
4916
4928
4936
4956
4965
4971
4987
4993
5149
5256
5276
5298
5363
5381
5419
5424
5425
5435
5447
5469
5482
5500
5528
5541
5559
5574
5636
5639
5648
5655
5670
5675
5707
5726
5732
5804
5816
5977
5007
5103
5136
5150
5174
5190
5209
5213
5219
5303
5333
5354
5378
5632
5699
5729
5777
5839
5870
5921
5936
5008
5013
5035
5044
5051
5058
5072
5129
5152
5240
5295
5391
5412
5430
5451
5466
5488
5520
5530
5602
5618
5638
5765
5775
5847
5885
5900
5916
5927
5980
5999
5007
5008
5013
5035
5044
5051
5058
5072
5103
5129
5136
5149
5150
5152
5174
5190
5209
5213
5219
5240
5256
5276
5295
5298
5303
5333
5354
5363
5378
5381
5391
5412
5419
5424
5425
5430
5435
5447
5451
5466
5469
5482
5488
5500
5520
5528
5530
5541
5559
5574
5602
5618
5632
5636
5638
5639
5648
5655
5670
5675
5699
5707
5726
5729
5732
5765
5775
5777
5804
5816
5839
5847
5870
5885
5900
5916
5921
5927
5936
5977
5980
5999
5007
5008
5011
5013
5029
5035
5044
5051
5058
5061
5063
5067
5072
5083
5092
5103
5129
5136
5149
5150
5152
5168
5174
5178
5190
5192
5209
5212
5213
5219
5220
5240
5256
5261
5263
5265
5270
5276
5277
5283
5287
5294
5295
5298
5302
5303
5304
5311
5313
5320
5321
5333
5336
5339
5354
5356
5363
5374
5378
5381
5391
5395
5412
5414
5419
5424
5425
5430
5431
5435
5440
5443
5447
5451
5452
5463
5464
5466
5468
5469
5470
5482
5485
5488
5500
5511
5513
5520
5524
5527
5528
5530
5533
5541
5545
5559
5561
5563
5564
5574
5602
5603
5618
5624
5628
5632
5636
5638
5639
5645
5648
5650
5655
5658
5665
5670
5672
5675
5679
5695
5696
5699
5707
5719
5726
5729
5732
5736
5748
5753
5759
5760
5765
5775
5777
5780
5785
5794
5795
5803
5804
5806
5816
5820
5830
5832
5836
5837
5839
5843
5847
5853
5870
5873
5885
5896
5900
5907
5908
5914
5916
5921
5922
5927
5928
5931
5932
5936
5948
5955
5957
5961
5977
5980
5982
5988
5992
5998
5999
5044
5051
5072
5240
5391
5466
5530
5602
5618
5775
5847
5927
5007
5008
5013
5029
5035
5044
5051
5058
5061
5063
5067
5072
5103
5129
5136
5149
5150
5152
5168
5174
5190
5209
5212
5213
5219
5220
5240
5256
5263
5265
5270
5276
5294
5295
5298
5302
5303
5304
5311
5313
5333
5354
5363
5378
5381
5391
5395
5412
5414
5419
5424
5425
5430
5435
5443
5447
5451
5452
5464
5466
5468
5469
5482
5488
5500
5520
5528
5530
5533
5541
5559
5574
5602
5618
5624
5632
5636
5638
5639
5645
5648
5655
5665
5670
5672
5675
5679
5696
5699
5707
5726
5729
5732
5765
5775
5777
5780
5803
5804
5816
5820
5830
5832
5839
5847
5870
5885
5900
5908
5914
5916
5921
5927
5928
5931
5932
5936
5955
5957
5961
5977
5980
5999
6015
6018
6021
6032
6060
6062
6065
6079
6080
6087
6089
6096
6099
6124
6150
6167
6172
6176
6178
6183
6184
6187
6194
6207
6209
6210
6213
6225
6231
6233
6238
6254
6255
6264
6266
6272
6285
6291
6293
6296
6302
6303
6304
6305
6323
6344
6345
6359
6360
6364
6367
6373
6376
6382
6386
6396
6398
6399
6403
6412
6418
6419
6425
6436
6450
6453
6456
6460
6461
6465
6480
6481
6484
6485
6486
6487
6488
6496
6506
6512
6518
6520
6524
6528
6542
6545
6552
6560
6570
6576
6589
6593
6600
6602
6608
6613
6614
6618
6620
6623
6629
6630
6634
6638
6641
6649
6655
6656
6658
6660
6665
6668
6671
6688
6705
6718
6723
6725
6732
6742
6743
6745
6746
6761
6768
6775
6779
6782
6785
6786
6788
6811
6813
6819
6822
6823
6826
6829
6838
6850
6852
6859
6866
6871
6877
6894
6895
6897
6907
6908
6910
6925
6926
6935
6936
6939
6941
6952
6953
6956
6961
6974
6983
6991
6998
6065
6080
6178
6194
6272
6450
6460
6528
6620
6641
6665
6723
6785
6850
6894
6897
6974
6018
6065
6080
6089
6124
6176
6178
6183
6187
6194
6209
6210
6272
6293
6302
6367
6373
6376
6396
6450
6460
6465
6480
6484
6506
6520
6528
6560
6570
6593
6608
6613
6614
6618
6620
6629
6634
6641
6656
6658
6660
6665
6668
6705
6723
6745
6746
6779
6785
6788
6811
6813
6822
6850
6866
6894
6897
6907
6908
6935
6941
6953
6974
6021
6032
6062
6079
6087
6099
6150
6172
6213
6225
6231
6233
6238
6254
6255
6264
6285
6291
6296
6303
6304
6323
6344
6345
6359
6360
6364
6382
6386
6398
6412
6436
6453
6456
6461
6481
6486
6487
6488
6496
6512
6545
6600
6602
6623
6638
6649
6655
6688
6718
6742
6743
6768
6782
6786
6819
6823
6826
6829
6838
6852
6871
6877
6910
6925
6926
6936
6939
6956
6983
6998
6015
6018
6060
6065
6080
6089
6096
6124
6167
6176
6178
6183
6184
6187
6194
6207
6209
6210
6266
6272
6293
6302
6305
6367
6373
6376
6396
6399
6403
6418
6419
6425
6450
6460
6465
6480
6484
6485
6506
6518
6520
6524
6528
6542
6552
6560
6570
6576
6589
6593
6608
6613
6614
6618
6620
6629
6630
6634
6641
6656
6658
6660
6665
6668
6671
6705
6723
6725
6732
6745
6746
6761
6775
6779
6785
6788
6811
6813
6822
6850
6859
6866
6894
6895
6897
6907
6908
6935
6941
6952
6953
6961
6974
6991
7016
7022
7023
7024
7025
7037
7039
7045
7059
7062
7063
7091
7103
7110
7119
7124
7128
7149
7150
7154
7160
7181
7206
7211
7213
7216
7229
7233
7252
7262
7286
7315
7324
7327
7334
7357
7366
7370
7372
7381
7382
7394
7401
7447
7453
7454
7458
7474
7481
7502
7531
7537
7539
7541
7542
7544
7551
7552
7553
7557
7560
7563
7584
7590
7605
7609
7613
7629
7634
7645
7649
7660
7672
7694
7706
7709
7715
7736
7740
7742
7745
7763
7769
7797
7798
7800
7806
7807
7812
7819
7830
7833
7844
7852
7857
7859
7883
7889
7895
7903
7909
7910
7931
7936
7937
7938
7944
7991
7998
7022
7045
7059
7154
7211
7229
7262
7334
7381
7382
7394
7454
7474
7481
7537
7542
7544
7553
7557
7590
7605
7609
7709
7800
7830
7844
7857
7895
7931
7937
7016
7022
7023
7024
7025
7037
7039
7045
7052
7056
7059
7062
7063
7078
7091
7094
7099
7103
7110
7117
7119
7124
7128
7149
7150
7154
7160
7168
7181
7182
7183
7186
7206
7209
7211
7213
7216
7229
7233
7242
7252
7262
7267
7276
7278
7285
7286
7297
7315
7324
7327
7334
7357
7363
7366
7370
7372
7377
7381
7382
7394
7396
7401
7403
7407
7415
7445
7447
7453
7454
7458
7474
7476
7481
7490
7499
7502
7504
7519
7522
7527
7528
7531
7537
7539
7541
7542
7544
7548
7551
7552
7553
7557
7560
7563
7584
7589
7590
7599
7605
7609
7613
7614
7629
7634
7644
7645
7649
7656
7660
7668
7672
7688
7689
7694
7705
7706
7709
7715
7725
7733
7736
7740
7742
7745
7746
7757
7763
7769
7780
7791
7797
7798
7800
7806
7807
7812
7814
7819
7830
7833
7844
7847
7852
7857
7859
7863
7883
7887
7889
7895
7903
7909
7910
7923
7927
7931
7936
7937
7938
7944
7971
7979
7982
7991
7998
7037
7062
7149
7160
7181
7213
7252
7327
7357
7552
7584
7645
7660
7706
7736
7807
7812
7819
7852
7859
7903
7936
7991
7063
7091
7110
7128
7150
7286
7315
7447
7551
7694
7742
7745
7797
7833
7889
7938
7998
7022
7037
7045
7059
7062
7063
7091
7110
7128
7149
7150
7154
7160
7181
7211
7213
7229
7252
7262
7286
7315
7327
7334
7357
7381
7382
7394
7447
7454
7474
7481
7537
7542
7544
7551
7552
7553
7557
7584
7590
7605
7609
7645
7660
7694
7706
7709
7736
7742
7745
7797
7800
7807
7812
7819
7830
7833
7844
7852
7857
7859
7889
7895
7903
7931
7936
7937
7938
7991
7998
7022
7045
7211
7381
7382
7454
7474
7542
7557
7590
7609
7709
7800
7857
7937
8041
8137
8156
8230
8235
8317
8326
8364
8370
8388
8485
8519
8550
8754
8778
8779
8812
8831
8880
8908
8913
8958
8003
8008
8018
8029
8032
8038
8041
8043
8055
8066
8069
8072
8082
8083
8091
8092
8094
8109
8119
8125
8136
8137
8145
8148
8151
8156
8159
8168
8185
8191
8194
8196
8200
8202
8203
8204
8222
8226
8227
8228
8229
8230
8235
8236
8237
8242
8243
8244
8246
8256
8257
8258
8267
8275
8286
8288
8298
8299
8301
8305
8310
8314
8317
8318
8320
8322
8326
8328
8329
8330
8335
8336
8344
8347
8364
8370
8375
8384
8388
8391
8399
8404
8409
8410
8415
8427
8428
8429
8431
8434
8441
8442
8448
8450
8451
8455
8460
8462
8463
8477
8478
8485
8486
8493
8494
8501
8503
8506
8519
8527
8528
8532
8534
8547
8549
8550
8555
8567
8568
8571
8573
8585
8586
8601
8608
8610
8620
8625
8630
8633
8637
8643
8644
8647
8648
8656
8662
8663
8666
8676
8690
8692
8694
8696
8703
8710
8713
8716
8724
8725
8736
8738
8745
8747
8751
8754
8759
8761
8762
8775
8778
8779
8792
8797
8804
8808
8812
8817
8824
8826
8827
8831
8838
8867
8869
8872
8873
8875
8877
8880
8886
8889
8893
8904
8908
8911
8913
8929
8932
8938
8939
8945
8951
8954
8957
8958
8961
8967
8968
8970
8987
8989
8029
8083
8092
8094
8109
8125
8200
8202
8203
8204
8236
8244
8267
8298
8318
8330
8336
8375
8399
8409
8415
8451
8463
8477
8478
8493
8506
8534
8547
8567
8568
8571
8573
8625
8663
8676
8696
8710
8713
8747
8751
8762
8797
8804
8826
8827
8873
8875
8877
8893
8932
8939
8967
8041
8055
8137
8156
8230
8235
8243
8317
8326
8364
8370
8388
8428
8450
8485
8519
8527
8550
8754
8778
8779
8812
8831
8880
8908
8913
8958
8968
8029
8041
8055
8083
8092
8094
8109
8125
8137
8156
8200
8202
8203
8204
8230
8235
8236
8243
8244
8267
8298
8317
8318
8326
8330
8336
8364
8370
8375
8388
8399
8409
8415
8428
8450
8451
8463
8477
8478
8485
8493
8506
8519
8527
8534
8547
8550
8567
8568
8571
8573
8625
8663
8676
8696
8710
8713
8747
8751
8754
8762
8778
8779
8797
8804
8812
8826
8827
8831
8873
8875
8877
8880
8893
8908
8913
8932
8939
8958
8967
8968
8003
8008
8018
8029
8032
8038
8041
8055
8069
8082
8083
8092
8094
8109
8119
8125
8136
8137
8145
8148
8151
8156
8159
8185
8194
8196
8200
8202
8203
8204
8222
8227
8229
8230
8235
8236
8237
8242
8243
8244
8246
8256
8257
8267
8275
8286
8288
8298
8299
8305
8317
8318
8320
8322
8326
8330
8336
8347
8364
8370
8375
8384
8388
8391
8399
8404
8409
8415
8427
8428
8431
8434
8442
8450
8451
8455
8460
8462
8463
8477
8478
8485
8493
8494
8501
8503
8506
8519
8527
8528
8534
8547
8549
8550
8567
8568
8571
8573
8585
8601
8608
8625
8630
8633
8643
8644
8647
8648
8662
8663
8666
8676
8694
8696
8703
8710
8713
8716
8736
8738
8745
8747
8751
8754
8759
8761
8762
8778
8779
8792
8797
8804
8808
8812
8817
8824
8826
8827
8831
8838
8867
8869
8872
8873
8875
8877
8880
8886
8889
8893
8904
8908
8913
8929
8932
8939
8958
8961
8967
8968
8970
8989
9020
9034
9043
9052
9079
9092
9105
9116
9118
9162
9224
9233
9253
9255
9344
9376
9377
9395
9405
9414
9444
9450
9455
9484
9492
9509
9511
9521
9580
9588
9637
9659
9677
9693
9696
9705
9714
9740
9750
9775
9788
9801
9815
9857
9873
9882
9892
9958
9990
9012
9020
9021
9025
9034
9035
9043
9046
9047
9052
9060
9079
9091
9092
9097
9105
9115
9116
9118
9126
9127
9134
9143
9152
9162
9179
9187
9191
9194
9200
9201
9202
9210
9224
9226
9227
9228
9232
9233
9235
9236
9241
9253
9255
9258
9278
9290
9303
9307
9319
9326
9330
9331
9336
9337
9344
9347
9361
9376
9377
9379
9380
9381
9391
9395
9396
9405
9406
9413
9414
9415
9426
9427
9430
9434
9444
9447
9449
9450
9455
9458
9460
9464
9468
9484
9489
9491
9492
9494
9498
9509
9511
9518
9521
9525
9529
9531
9532
9550
9554
9555
9561
9563
9569
9571
9580
9585
9588
9592
9599
9634
9635
9637
9638
9647
9651
9659
9666
9673
9677
9689
9692
9693
9696
9697
9704
9705
9706
9714
9721
9730
9731
9740
9745
9748
9749
9750
9764
9765
9768
9769
9775
9776
9777
9788
9792
9801
9815
9821
9826
9827
9828
9840
9857
9859
9871
9873
9874
9878
9882
9892
9902
9918
9932
9936
9937
9939
9955
9958
9962
9970
9979
9982
9990
9118
9224
9253
9255
9344
9377
9414
9580
9588
9637
9693
9696
9750
9801
9857
9892
9958
9020
9034
9092
9118
9224
9233
9253
9255
9344
9376
9377
9414
9580
9588
9637
9693
9696
9750
9801
9857
9882
9892
9958
9990
9035
9115
9232
9307
9319
9336
9347
9380
9391
9460
9464
9468
9494
9531
9554
9563
9571
9634
9638
9647
9689
9706
9721
9745
9765
9768
9776
9792
9902
9918
9020
9034
9035
9043
9052
9079
9092
9105
9115
9116
9118
9162
9224
9232
9233
9253
9255
9307
9319
9336
9344
9347
9376
9377
9380
9391
9395
9405
9414
9444
9450
9455
9460
9464
9468
9484
9492
9494
9509
9511
9521
9531
9554
9563
9571
9580
9588
9634
9637
9638
9647
9659
9677
9689
9693
9696
9705
9706
9714
9721
9740
9745
9750
9765
9768
9775
9776
9788
9792
9801
9815
9857
9873
9882
9892
9902
9918
9958
9990
10001
10002
10007
10015
10016
10027
10043
10049
10064
10076
10089
10100
10106
10108
10127
10133
10139
10181
10186
10190
10195
10198
10208
10229
10231
10233
10251
10255
10266
10294
10295
10300
10304
10306
10345
10349
10365
10381
10399
10404
10426
10445
10472
10473
10506
10529
10553
10561
10567
10568
10593
10610
10620
10624
10653
10662
10687
10689
10695
10712
10713
10737
10745
10746
10768
10772
10792
10815
10816
10832
10844
10849
10870
10872
10876
10892
10908
10909
10916
10935
10995
10001
10002
10007
10015
10016
10017
10027
10031
10036
10043
10049
10064
10068
10076
10089
10095
10100
10101
10106
10108
10127
10130
10133
10139
10146
10151
10167
10175
10176
10181
10186
10189
10190
10195
10198
10208
10218
10222
10227
10229
10231
10233
10244
10251
10255
10264
10265
10266
10284
10285
10288
10294
10295
10297
10299
10300
10304
10306
10308
10319
10327
10329
10336
10345
10349
10365
10381
10387
10391
10393
10397
10399
10404
10426
10428
10443
10445
10446
10461
10472
10473
10477
10489
10502
10503
10505
10506
10508
10525
10526
10529
10534
10542
10548
10553
10561
10567
10568
10581
10593
10596
10598
10605
10610
10620
10624
10653
10661
10662
10667
10671
10687
10689
10693
10695
10708
10712
10713
10719
10737
10740
10745
10746
10750
10768
10772
10785
10791
10792
10798
10803
10807
10815
10816
10817
10828
10829
10832
10835
10844
10849
10870
10872
10876
10892
10905
10906
10908
10909
10916
10918
10922
10935
10938
10958
10961
10969
10983
10995
10001
10002
10007
10015
10016
10043
10089
10108
10133
10139
10186
10195
10208
10231
10233
10255
10266
10294
10304
10349
10404
10473
10506
10529
10568
10593
10610
10620
10662
10687
10689
10695
10712
10713
10745
10746
10772
10815
10816
10832
10844
10849
10872
10876
10916
10995
10001
10007
10015
10043
10089
10108
10231
10266
10304
10620
10687
10695
10712
10745
10772
10815
10832
10844
10849
10872
10995
11032
11063
11075
11077
11099
11166
11172
11180
11224
11260
11264
11282
11306
11325
11374
11385
11391
11419
11427
11431
11433
11437
11451
11466
11471
11485
11498
11518
11519
11526
11529
11532
11542
11546
11558
11561
11565
11589
11600
11601
11611
11627
11638
11651
11673
11683
11686
11702
11704
11711
11761
11795
11807
11834
11846
11875
11922
11936
11939
11958
11965
11975
11987
11994
11012
11020
11021
11032
11044
11045
11063
11064
11069
11071
11074
11075
11077
11081
11085
11086
11092
11099
11100
11104
11108
11110
11120
11129
11130
11134
11135
11136
11149
11153
11165
11166
11170
11171
11172
11177
11180
11194
11198
11200
11211
11212
11220
11224
11227
11232
11234
11242
11244
11248
11251
11260
11262
11264
11265
11269
11273
11282
11283
11288
11300
11306
11320
11325
11337
11345
11359
11361
11363
11365
11374
11375
11380
11383
11384
11385
11391
11393
11396
11402
11406
11409
11416
11419
11427
11431
11432
11433
11435
11437
11446
11451
11466
11467
11471
11475
11476
11483
11484
11485
11497
11498
11510
11517
11518
11519
11523
11526
11529
11532
11533
11542
11546
11549
11556
11557
11558
11559
11561
11563
11565
11566
11577
11585
11589
11600
11601
11611
11627
11635
11637
11638
11639
11651
11669
11672
11673
11674
11676
11683
11685
11686
11698
11701
11702
11704
11711
11715
11716
11725
11731
11740
11743
11744
11746
11748
11752
11761
11768
11769
11772
11787
11795
11799
11801
11806
11807
11810
11818
11823
11824
11826
11828
11829
11834
11841
11846
11849
11850
11859
11869
11875
11882
11883
11887
11905
11906
11918
11920
11922
11928
11936
11939
11941
11956
11958
11962
11965
11975
11979
11987
11989
11990
11994
11032
11063
11075
11077
11166
11224
11260
11306
11325
11374
11391
11427
11451
11466
11471
11485
11518
11519
11529
11532
11542
11546
11558
11561
11589
11611
11627
11673
11683
11686
11702
11704
11711
11834
11875
11922
11936
11958
11965
11987
11994
11099
11172
11180
11264
11282
11385
11419
11431
11433
11437
11498
11526
11565
11600
11601
11638
11651
11761
11795
11807
11846
11939
11975
11012
11032
11063
11064
11074
11075
11077
11092
11099
11120
11134
11136
11149
11165
11166
11170
11172
11180
11194
11211
11224
11244
11260
11264
11273
11282
11306
11320
11325
11363
11365
11374
11384
11385
11391
11419
11427
11431
11433
11437
11451
11466
11471
11476
11483
11485
11498
11518
11519
11523
11526
11529
11532
11533
11542
11546
11556
11558
11561
11565
11589
11600
11601
11611
11627
11635
11638
11651
11672
11673
11674
11676
11683
11686
11702
11704
11711
11725
11743
11761
11769
11772
11795
11807
11810
11834
11841
11846
11875
11882
11905
11922
11936
11939
11958
11962
11965
11975
11987
11989
11990
11994
11032
11166
11260
11325
11374
11391
11451
11471
11519
11542
11546
11561
11589
11627
11683
11686
11702
11711
11875
11922
11958
11965
11994
11012
11020
11021
11032
11044
11063
11064
11069
11071
11074
11075
11077
11086
11092
11099
11108
11110
11120
11130
11134
11136
11149
11153
11165
11166
11170
11172
11180
11194
11200
11211
11212
11224
11227
11234
11242
11244
11260
11264
11269
11273
11282
11283
11288
11306
11320
11325
11337
11359
11361
11363
11365
11374
11380
11384
11385
11391
11393
11406
11409
11419
11427
11431
11433
11437
11451
11466
11471
11475
11476
11483
11485
11498
11517
11518
11519
11523
11526
11529
11532
11533
11542
11546
11549
11556
11557
11558
11559
11561
11565
11566
11589
11600
11601
11611
11627
11635
11638
11651
11669
11672
11673
11674
11676
11683
11686
11702
11704
11711
11725
11740
11743
11746
11752
11761
11768
11769
11772
11795
11806
11807
11810
11818
11823
11824
11834
11841
11846
11849
11859
11875
11882
11883
11887
11905
11922
11928
11936
11939
11958
11962
11965
11975
11987
11989
11990
11994
12000
12008
12018
12021
12032
12037
12039
12047
12050
12051
12054
12057
12075
12078
12082
12083
12085
12105
12109
12111
12115
12117
12120
12135
12136
12141
12148
12150
12154
12161
12177
12187
12189
12192
12206
12208
12209
12210
12216
12229
12236
12242
12243
12251
12256
12263
12268
12272
12281
12282
12283
12285
12298
12301
12302
12310
12315
12321
12325
12334
12335
12337
12342
12363
12370
12378
12381
12386
12394
12401
12405
12408
12418
12423
12431
12438
12442
12460
12463
12468
12474
12477
12478
12483
12490
12505
12507
12513
12514
12519
12529
12535
12544
12561
12574
12579
12580
12588
12591
12604
12611
12613
12614
12625
12636
12639
12643
12646
12652
12653
12660
12662
12664
12669
12675
12676
12678
12681
12686
12691
12695
12706
12707
12711
12712
12715
12717
12718
12719
12721
12729
12732
12734
12737
12745
12759
12761
12764
12767
12784
12805
12808
12810
12812
12826
12829
12831
12836
12839
12854
12859
12860
12869
12872
12877
12879
12881
12886
12887
12890
12893
12912
12919
12922
12927
12932
12946
12954
12955
12956
12965
12971
12974
12975
12997
12000
12054
12111
12242
12243
12285
12302
12325
12401
12423
12505
12507
12514
12579
12591
12681
12691
12810
12854
12859
12860
12869
12932
12975
12000
12032
12039
12054
12082
12111
12135
12150
12154
12206
12209
12229
12236
12242
12243
12283
12285
12302
12321
12325
12337
12363
12401
12405
12423
12442
12505
12507
12514
12561
12579
12591
12643
12660
12664
12676
12678
12681
12691
12695
12711
12712
12734
12737
12767
12808
12810
12812
12831
12854
12859
12860
12869
12887
12922
12932
12955
12965
12975
12021
12037
12050
12057
12075
12105
12109
12115
12161
12187
12189
12192
12208
12251
12256
12268
12272
12281
12342
12381
12386
12408
12418
12438
12474
12477
12483
12490
12519
12544
12574
12588
12613
12614
12625
12646
12662
12669
12686
12715
12718
12721
12745
12764
12829
12836
12877
12881
12886
12890
12893
12912
12946
12971
12974
12997
12000
12008
12018
12032
12039
12047
12051
12054
12078
12082
12083
12085
12111
12117
12120
12135
12136
12141
12148
12150
12154
12177
12206
12209
12210
12216
12229
12236
12242
12243
12263
12282
12283
12285
12298
12301
12302
12310
12315
12321
12325
12334
12335
12337
12363
12370
12378
12394
12401
12405
12423
12431
12442
12460
12463
12468
12478
12505
12507
12513
12514
12529
12535
12561
12579
12580
12591
12604
12611
12636
12639
12643
12652
12653
12660
12664
12675
12676
12678
12681
12691
12695
12706
12707
12711
12712
12717
12719
12729
12732
12734
12737
12759
12761
12767
12784
12805
12808
12810
12812
12826
12831
12839
12854
12859
12860
12869
12872
12879
12887
12919
12922
12927
12932
12954
12955
12956
12965
12975
13034
13066
13080
13211
13222
13351
13380
13426
13456
13486
13502
13589
13593
13602
13653
13654
13717
13739
13766
13767
13862
13864
13900
13999
13034
13066
13080
13145
13211
13222
13293
13308
13315
13351
13380
13426
13456
13486
13502
13575
13589
13593
13602
13640
13653
13654
13717
13739
13743
13766
13767
13814
13862
13864
13900
13934
13948
13999
13006
13010
13016
13021
13024
13025
13026
13032
13033
13034
13036
13040
13043
13046
13052
13054
13064
13066
13073
13075
13080
13084
13091
13096
13122
13127
13145
13146
13154
13158
13160
13191
13194
13196
13202
13207
13211
13212
13220
13222
13233
13241
13243
13248
13252
13253
13263
13289
13293
13295
13297
13299
13308
13312
13315
13328
13335
13346
13347
13351
13360
13363
13378
13380
13388
13391
13403
13408
13424
13426
13431
13438
13454
13456
13466
13467
13470
13474
13476
13477
13480
13486
13488
13491
13495
13502
13504
13510
13531
13535
13541
13548
13552
13553
13561
13564
13565
13567
13569
13575
13582
13584
13589
13593
13594
13599
13602
13607
13614
13615
13616
13620
13632
13639
13640
13645
13646
13650
13653
13654
13657
13665
13673
13680
13695
13704
13707
13717
13730
13732
13739
13743
13745
13757
13762
13766
13767
13768
13779
13783
13786
13791
13799
13812
13814
13818
13830
13847
13852
13859
13860
13862
13864
13871
13873
13884
13899
13900
13913
13915
13925
13933
13934
13940
13941
13948
13956
13957
13963
13970
13975
13981
13995
13999
13010
13016
13024
13033
13034
13036
13046
13066
13080
13127
13145
13191
13194
13211
13212
13222
13248
13289
13293
13297
13308
13315
13346
13351
13363
13380
13403
13408
13426
13431
13456
13467
13474
13486
13502
13548
13575
13589
13593
13599
13602
13640
13653
13654
13657
13665
13695
13717
13739
13743
13757
13766
13767
13786
13791
13814
13830
13847
13862
13864
13900
13913
13915
13934
13948
13981
13999
13010
13016
13024
13026
13033
13034
13036
13043
13046
13052
13054
13064
13066
13080
13091
13127
13145
13154
13158
13191
13194
13196
13202
13207
13211
13212
13222
13241
13248
13289
13293
13297
13308
13315
13346
13351
13360
13363
13380
13391
13403
13408
13426
13431
13438
13456
13467
13474
13476
13486
13495
13502
13504
13548
13552
13553
13561
13575
13589
13593
13594
13599
13602
13607
13620
13632
13640
13645
13646
13650
13653
13654
13657
13665
13673
13695
13704
13717
13732
13739
13743
13745
13757
13766
13767
13786
13791
13799
13812
13814
13818
13830
13847
13862
13864
13873
13884
13900
13913
13915
13925
13934
13941
13948
13981
13995
13999
14001
14004
14019
14023
14032
14034
14035
14040
14056
14058
14060
14064
14069
14072
14074
14078
14079
14094
14101
14118
14124
14130
14135
14152
14158
14163
14176
14182
14200
14205
14214
14216
14236
14237
14240
14242
14247
14273
14274
14276
14279
14304
14305
14310
14329
14330
14334
14338
14345
14356
14360
14361
14365
14375
14376
14382
14393
14402
14405
14407
14408
14412
14443
14447
14461
14470
14473
14481
14485
14489
14491
14514
14515
14523
14524
14528
14530
14540
14560
14567
14575
14578
14589
14643
14653
14660
14668
14682
14687
14691
14694
14698
14719
14739
14760
14768
14771
14774
14776
14777
14795
14799
14803
14813
14815
14818
14821
14826
14827
14833
14834
14842
14844
14850
14853
14864
14872
14882
14905
14912
14913
14920
14922
14932
14938
14947
14951
14969
14979
14981
14997
14004
14064
14072
14074
14078
14079
14130
14182
14247
14273
14365
14375
14382
14485
14560
14578
14668
14691
14882
14947
14034
14040
14056
14060
14124
14163
14205
14236
14276
14304
14310
14330
14361
14407
14408
14447
14461
14491
14514
14698
14803
14821
14842
14850
14872
14932
14938
14979
14001
14004
14019
14023
14032
14034
14035
14040
14049
14054
14056
14058
14060
14064
14069
14072
14074
14078
14079
14088
14094
14097
14101
14115
14118
14124
14127
14130
14135
14152
14158
14163
14176
14182
14200
14205
14214
14216
14224
14236
14237
14240
14242
14247
14249
14272
14273
14274
14276
14279
14292
14304
14305
14310
14328
14329
14330
14334
14338
14345
14349
14356
14360
14361
14365
14375
14376
14382
14393
14402
14405
14407
14408
14412
14443
14447
14461
14470
14473
14474
14479
14481
14484
14485
14489
14491
14508
14514
14515
14523
14524
14528
14530
14539
14540
14560
14567
14575
14578
14580
14589
14598
14622
14627
14643
14653
14658
14660
14668
14682
14687
14691
14694
14698
14719
14728
14730
14737
14739
14760
14768
14769
14771
14774
14776
14777
14795
14799
14803
14810
14813
14815
14818
14821
14826
14827
14833
14834
14840
14842
14844
14850
14853
14854
14864
14866
14872
14882
14905
14912
14913
14920
14922
14932
14938
14947
14951
14969
14979
14980
14981
14997
14004
14023
14034
14040
14056
14060
14064
14072
14074
14078
14079
14101
14124
14130
14135
14163
14182
14205
14236
14240
14242
14247
14273
14276
14304
14310
14329
14330
14334
14345
14360
14361
14365
14375
14382
14393
14407
14408
14447
14461
14473
14485
14491
14514
14560
14578
14643
14660
14668
14691
14698
14768
14777
14803
14821
14827
14842
14850
14853
14872
14882
14932
14938
14947
14951
14979
15024
15033
15035
15044
15056
15059
15074
15079
15097
15105
15115
15137
15139
15155
15158
15164
15186
15193
15210
15219
15220
15223
15246
15253
15264
15281
15290
15291
15314
15318
15322
15328
15329
15346
15351
15355
15357
15358
15374
15383
15442
15461
15498
15510
15523
15535
15540
15551
15553
15557
15573
15593
15611
15616
15641
15647
15667
15674
15681
15709
15718
15720
15746
15775
15780
15781
15785
15791
15796
15838
15847
15851
15855
15863
15899
15913
15922
15923
15927
15929
15934
15944
15955
15968
15969
15059
15137
15155
15186
15219
15220
15253
15264
15281
15291
15329
15358
15442
15540
15553
15557
15611
15775
15780
15785
15838
15847
15855
15913
15922
15969
15000
15005
15012
15022
15023
15024
15026
15029
15033
15035
15044
15056
15059
15062
15074
15079
15083
15097
15105
15106
15115
15121
15122
15130
15131
15137
15139
15154
15155
15158
15164
15167
15185
15186
15193
15196
15197
15198
15203
15210
15219
15220
15223
15228
15244
15246
15248
15253
15258
15264
15277
15281
15290
15291
15301
15306
15314
15317
15318
15322
15328
15329
15333
15334
15340
15346
15351
15355
15357
15358
15373
15374
15383
15385
15399
15418
15438
15442
15451
15461
15486
15496
15498
15499
15510
15523
15535
15536
15540
15551
15553
15557
15572
15573
15581
15582
15591
15593
15595
15601
15604
15611
15616
15618
15627
15633
15641
15647
15652
15659
15667
15674
15681
15687
15702
15709
15713
15714
15718
15720
15740
15743
15746
15751
15757
15763
15772
15775
15780
15781
15785
15789
15790
15791
15796
15812
15824
15833
15836
15838
15843
15847
15851
15855
15863
15866
15867
15883
15886
15898
15899
15908
15913
15922
15923
15924
15927
15929
15934
15944
15948
15953
15955
15968
15969
15971
15024
15033
15035
15044
15056
15074
15079
15097
15105
15115
15139
15158
15164
15193
15210
15223
15246
15290
15314
15318
15322
15328
15346
15351
15355
15357
15374
15383
15461
15498
15510
15523
15535
15551
15573
15593
15616
15641
15647
15667
15674
15681
15709
15718
15720
15746
15781
15791
15796
15851
15863
15899
15923
15927
15929
15934
15944
15955
15968
16007
16019
16070
16079
16084
16113
16136
16202
16209
16234
16239
16244
16269
16270
16287
16312
16316
16326
16329
16399
16419
16433
16466
16524
16530
16535
16543
16555
16567
16573
16601
16609
16612
16628
16646
16671
16699
16715
16741
16757
16765
16769
16780
16794
16797
16818
16825
16826
16828
16834
16851
16879
16885
16887
16900
16909
16920
16939
16961
16984
16993
16003
16048
16051
16080
16097
16139
16161
16167
16169
16176
16197
16213
16217
16221
16245
16317
16322
16325
16332
16358
16361
16366
16440
16451
16467
16485
16488
16498
16506
16554
16563
16606
16634
16680
16708
16711
16714
16716
16738
16750
16753
16789
16814
16839
16853
16894
16903
16955
16966
16972
16974
16980
16048
16051
16161
16317
16332
16358
16485
16488
16506
16716
16738
16750
16753
16955
16003
16048
16051
16161
16221
16317
16332
16358
16366
16467
16485
16488
16498
16506
16714
16716
16738
16750
16753
16814
16955
16972
16003
16007
16019
16048
16049
16051
16062
16070
16073
16079
16080
16081
16084
16087
16088
16097
16113
16115
16136
16139
16154
16161
16167
16169
16176
16191
16194
16197
16202
16209
16213
16217
16221
16234
16239
16244
16245
16249
16259
16269
16270
16281
16287
16290
16300
16312
16316
16317
16322
16325
16326
16327
16329
16332
16358
16361
16366
16391
16394
16396
16399
16419
16433
16440
16451
16464
16466
16467
16473
16485
16488
16498
16506
16524
16530
16535
16543
16552
16554
16555
16563
16567
16573
16601
16606
16609
16612
16623
16628
16634
16635
16646
16671
16677
16680
16699
16708
16710
16711
16714
16715
16716
16731
16738
16741
16743
16750
16753
16757
16763
16765
16769
16780
16784
16789
16794
16797
16814
16818
16825
16826
16827
16828
16834
16839
16851
16853
16862
16863
16879
16885
16887
16894
16900
16902
16903
16906
16909
16914
16920
16939
16940
16955
16961
16966
16972
16974
16975
16980
16984
16993
16080
16097
16139
16167
16169
16176
16197
16213
16217
16245
16322
16325
16361
16440
16451
16554
16563
16606
16634
16680
16708
16711
16789
16839
16853
16894
16903
16966
16974
16980
17000
17004
17011
17016
17017
17030
17039
17043
17047
17056
17057
17060
17065
17070
17078
17083
17091
17099
17103
17105
17110
17112
17116
17131
17139
17141
17150
17153
17161
17164
17168
17173
17179
17181
17183
17184
17195
17200
17202
17204
17206
17208
17213
17214
17225
17227
17228
17235
17237
17239
17253
17260
17266
17269
17270
17271
17289
17297
17299
17313
17317
17323
17324
17330
17333
17340
17349
17350
17352
17366
17378
17387
17388
17397
17398
17400
17404
17409
17415
17419
17422
17430
17433
17442
17443
17446
17455
17471
17474
17480
17497
17502
17510
17512
17524
17529
17530
17535
17541
17559
17572
17573
17579
17580
17581
17583
17585
17597
17622
17629
17633
17639
17641
17653
17654
17662
17674
17680
17697
17702
17707
17708
17710
17711
17713
17714
17717
17719
17722
17731
17733
17745
17757
17759
17762
17765
17775
17784
17788
17790
17793
17797
17798
17800
17804
17808
17818
17819
17822
17825
17828
17830
17835
17851
17878
17883
17889
17891
17893
17897
17899
17905
17909
17910
17920
17936
17947
17964
17967
17970
17981
17989
17000
17011
17017
17039
17043
17047
17078
17083
17099
17103
17116
17131
17139
17173
17181
17184
17200
17202
17208
17213
17227
17253
17270
17271
17289
17297
17299
17313
17330
17349
17350
17352
17378
17388
17400
17404
17422
17433
17442
17443
17446
17474
17497
17502
17535
17580
17581
17585
17597
17633
17639
17641
17662
17680
17697
17702
17707
17714
17717
17733
17745
17759
17762
17793
17819
17822
17828
17835
17851
17878
17883
17889
17897
17905
17909
17964
17967
17970
17989
17173
17181
17378
17581
17662
17702
17707
17717
17762
17819
17883
17964
17017
17139
17173
17181
17184
17200
17227
17253
17299
17352
17378
17388
17400
17422
17433
17446
17580
17581
17633
17639
17662
17697
17702
17707
17714
17717
17762
17793
17819
17828
17851
17883
17889
17905
17909
17964
17970
17989
17016
17057
17060
17070
17112
17141
17164
17168
17179
17204
17225
17260
17266
17317
17333
17397
17524
17530
17572
17573
17579
17674
17711
17713
17757
17798
17891
17893
17936
17004
17030
17056
17065
17091
17105
17110
17150
17153
17161
17183
17195
17206
17214
17228
17235
17237
17239
17269
17323
17324
17340
17366
17387
17398
17409
17415
17419
17430
17455
17471
17480
17510
17512
17529
17541
17559
17583
17622
17629
17653
17654
17708
17710
17719
17722
17731
17765
17775
17784
17788
17790
17797
17800
17804
17808
17818
17825
17830
17899
17910
17920
17947
17981
17000
17011
17016
17017
17039
17043
17047
17057
17060
17070
17078
17083
17099
17103
17112
17116
17131
17139
17141
17164
17168
17173
17179
17181
17184
17200
17202
17204
17208
17213
17225
17227
17253
17260
17266
17270
17271
17289
17297
17299
17313
17317
17330
17333
17349
17350
17352
17378
17388
17397
17400
17404
17422
17433
17442
17443
17446
17474
17497
17502
17524
17530
17535
17572
17573
17579
17580
17581
17585
17597
17633
17639
17641
17662
17674
17680
17697
17702
17707
17711
17713
17714
17717
17733
17745
17757
17759
17762
17793
17798
17819
17822
17828
17835
17851
17878
17883
17889
17891
17893
17897
17905
17909
17936
17964
17967
17970
17989
18071
18132
18134
18179
18434
18435
18528
18652
18670
18672
18712
18723
18743
18779
18804
18835
18861
18898
18911
18985
18001
18006
18007
18011
18016
18022
18028
18041
18042
18047
18058
18065
18071
18079
18084
18091
18097
18103
18125
18126
18129
18132
18134
18136
18149
18150
18158
18160
18162
18167
18169
18171
18174
18179
18184
18201
18205
18219
18220
18228
18246
18249
18252
18256
18267
18275
18280
18283
18290
18306
18313
18325
18328
18338
18340
18347
18355
18357
18358
18369
18374
18397
18418
18422
18424
18434
18435
18449
18453
18456
18457
18459
18460
18465
18477
18483
18489
18491
18492
18495
18498
18502
18515
18518
18525
18528
18531
18536
18538
18539
18544
18559
18564
18565
18569
18574
18582
18585
18586
18588
18590
18593
18598
18608
18609
18621
18633
18634
18648
18652
18662
18666
18670
18672
18684
18686
18691
18692
18698
18703
18704
18712
18713
18723
18725
18732
18735
18738
18743
18746
18748
18766
18769
18779
18782
18789
18804
18810
18815
18825
18826
18832
18835
18839
18844
18854
18857
18858
18861
18864
18868
18869
18880
18885
18888
18894
18896
18898
18909
18911
18943
18944
18954
18959
18960
18961
18964
18966
18985
18996
18007
18016
18047
18071
18084
18091
18103
18126
18129
18132
18134
18136
18160
18171
18174
18179
18184
18201
18252
18256
18275
18283
18355
18357
18369
18374
18422
18424
18434
18435
18449
18456
18459
18460
18465
18491
18495
18498
18518
18525
18528
18536
18538
18544
18559
18564
18569
18582
18585
18588
18590
18608
18621
18633
18648
18652
18666
18670
18672
18684
18692
18698
18703
18712
18723
18732
18735
18743
18779
18804
18810
18825
18826
18835
18839
18858
18861
18880
18888
18894
18896
18898
18909
18911
18943
18944
18954
18959
18960
18964
18985
18996
19006
19031
19049
19064
19074
19091
19115
19116
19120
19138
19141
19152
19153
19171
19173
19176
19197
19198
19202
19203
19210
19222
19223
19250
19258
19284
19292
19315
19318
19335
19343
19347
19354
19357
19366
19374
19378
19393
19412
19417
19418
19427
19431
19448
19450
19453
19466
19476
19480
19491
19493
19494
19511
19514
19529
19536
19537
19542
19552
19554
19561
19574
19576
19609
19629
19641
19650
19656
19662
19673
19676
19680
19684
19687
19699
19700
19706
19726
19755
19770
19795
19800
19814
19833
19834
19839
19857
19859
19860
19864
19877
19879
19880
19893
19909
19914
19945
19992
19074
19203
19222
19292
19357
19417
19431
19448
19476
19680
19706
19726
19814
19860
19909
19992
19006
19007
19009
19031
19044
19049
19055
19064
19070
19074
19083
19091
19092
19102
19110
19115
19116
19120
19126
19133
19138
19141
19152
19153
19154
19156
19158
19171
19173
19174
19176
19177
19181
19188
19197
19198
19202
19203
19210
19212
19222
19223
19230
19250
19251
19258
19278
19284
19292
19295
19300
19307
19309
19315
19318
19319
19333
19335
19343
19347
19354
19357
19366
19372
19374
19378
19388
19393
19396
19399
19412
19417
19418
19427
19431
19444
19447
19448
19450
19453
19466
19468
19474
19476
19480
19491
19493
19494
19496
19501
19511
19514
19516
19529
19530
19535
19536
19537
19542
19546
19552
19554
19561
19562
19574
19576
19595
19608
19609
19612
19617
19629
19641
19650
19656
19661
19662
19673
19676
19680
19684
19687
19698
19699
19700
19706
19714
19726
19729
19739
19747
19755
19770
19777
19781
19783
19795
19796
19799
19800
19801
19814
19821
19833
19834
19839
19840
19857
19859
19860
19863
19864
19873
19877
19879
19880
19881
19893
19904
19909
19912
19914
19921
19930
19945
19951
19969
19992
19994
19074
19138
19152
19171
19197
19202
19203
19210
19222
19292
19318
19354
19357
19393
19417
19418
19431
19448
19476
19480
19491
19493
19494
19536
19542
19552
19561
19629
19676
19680
19687
19699
19700
19706
19726
19755
19795
19814
19833
19834
19860
19909
19945
19992
19074
19171
19203
19222
19292
19318
19357
19417
19431
19448
19476
19491
19493
19536
19680
19699
19706
19726
19814
19833
19860
19909
19992
20012
20013
20020
20039
20044
20094
20123
20126
20127
20155
20183
20186
20191
20208
20244
20249
20283
20351
20355
20369
20382
20393
20400
20404
20407
20428
20437
20438
20454
20467
20488
20491
20517
20526
20576
20587
20605
20611
20648
20659
20675
20700
20710
20728
20746
20831
20835
20859
20877
20911
20961
20981
20044
20126
20155
20183
20191
20249
20393
20407
20428
20454
20526
20576
20659
20675
20710
20746
20831
20835
20961
20000
20008
20010
20012
20013
20020
20021
20039
20044
20049
20070
20080
20084
20089
20094
20110
20118
20119
20120
20123
20126
20127
20128
20138
20143
20144
20148
20155
20158
20173
20174
20177
20183
20186
20191
20196
20201
20205
20207
20208
20213
20216
20244
20248
20249
20250
20252
20255
20265
20278
20283
20284
20297
20299
20314
20323
20328
20348
20351
20354
20355
20366
20368
20369
20374
20376
20379
20382
20385
20389
20393
20398
20400
20402
20404
20407
20415
20422
20428
20437
20438
20444
20454
20467
20473
20474
20481
20487
20488
20491
20503
20510
20512
20514
20517
20526
20531
20537
20539
20546
20553
20576
20578
20583
20587
20596
20605
20606
20611
20624
20625
20629
20640
20644
20648
20654
20656
20659
20673
20675
20676
20685
20694
20696
20700
20701
20706
20710
20714
20720
20721
20726
20728
20733
20735
20737
20738
20742
20744
20746
20747
20751
20764
20774
20780
20792
20795
20801
20802
20817
20819
20824
20825
20831
20833
20835
20836
20837
20838
20854
20858
20859
20860
20865
20873
20877
20878
20887
20895
20904
20905
20909
20911
20913
20916
20918
20925
20943
20945
20954
20955
20959
20961
20968
20975
20981
20988
20993
20012
20013
20020
20039
20094
20123
20127
20186
20208
20244
20283
20351
20355
20369
20382
20400
20404
20437
20438
20467
20488
20491
20517
20587
20605
20611
20648
20700
20728
20859
20877
20911
20981
20008
20010
20012
20013
20020
20039
20044
20094
20118
20120
20123
20126
20127
20128
20155
20158
20183
20186
20191
20201
20205
20208
20244
20249
20252
20255
20283
20348
20351
20354
20355
20366
20369
20376
20379
20382
20389
20393
20398
20400
20404
20407
20428
20437
20438
20454
20467
20488
20491
20503
20514
20517
20526
20546
20576
20587
20596
20605
20611
20648
20656
20659
20673
20675
20700
20701
20710
20728
20746
20795
20801
20817
20819
20831
20835
20854
20859
20860
20865
20873
20877
20895
20905
20911
20943
20955
20961
20981
20988
21017
21146
21184
21194
21252
21350
21357
21358
21367
21388
21439
21527
21546
21550
21558
21578
21602
21654
21835
21837
21893
21900
21009
21012
21017
21018
21020
21022
21036
21041
21046
21048
21050
21058
21060
21067
21073
21088
21092
21100
21103
21127
21133
21135
21141
21146
21162
21164
21174
21181
21184
21190
21194
21202
21213
21215
21216
21219
21225
21228
21230
21234
21237
21240
21242
21250
21252
21257
21261
21262
21263
21266
21273
21275
21285
21290
21292
21296
21300
21301
21302
21335
21342
21350
21354
21357
21358
21360
21367
21370
21371
21385
21388
21389
21408
21409
21410
21418
21421
21435
21439
21440
21447
21448
21456
21461
21465
21477
21478
21480
21482
21492
21504
21506
21509
21512
21521
21527
21529
21530
21535
21537
21539
21542
21544
21546
21550
21551
21558
21575
21578
21581
21597
21598
21599
21602
21607
21616
21620
21624
21635
21636
21639
21641
21654
21660
21665
21669
21674
21682
21683
21693
21697
21702
21704
21708
21711
21716
21717
21732
21734
21750
21767
21773
21777
21780
21791
21795
21799
21809
21823
21824
21828
21831
21835
21837
21840
21841
21843
21849
21873
21876
21880
21881
21893
21895
21897
21898
21900
21905
21910
21916
21919
21934
21937
21954
21968
21977
21979
21986
21992
21020
21041
21048
21050
21060
21092
21103
21135
21174
21181
21219
21225
21234
21273
21275
21285
21292
21296
21301
21302
21360
21370
21389
21409
21421
21448
21461
21478
21480
21504
21509
21521
21529
21535
21537
21624
21635
21636
21697
21702
21704
21711
21716
21732
21773
21780
21824
21828
21840
21841
21849
21880
21910
21916
21937
21968
21017
21067
21146
21184
21194
21228
21252
21266
21342
21350
21357
21358
21367
21388
21439
21527
21546
21550
21551
21558
21578
21602
21654
21660
21665
21767
21799
21835
21837
21873
21893
21895
21900
21067
21228
21266
21342
21551
21660
21665
21767
21799
21873
21895
21017
21036
21058
21067
21133
21146
21164
21184
21194
21216
21228
21230
21252
21257
21262
21263
21266
21342
21350
21357
21358
21367
21388
21418
21439
21440
21447
21482
21492
21512
21527
21546
21550
21551
21558
21575
21578
21602
21654
21660
21665
21682
21734
21767
21799
21823
21835
21837
21873
21893
21895
21897
21900
21919
21992
21009
21012
21017
21018
21022
21036
21046
21058
21067
21073
21088
21100
21127
21133
21141
21146
21162
21164
21184
21190
21194
21202
21213
21215
21216
21228
21230
21237
21240
21242
21250
21252
21257
21261
21262
21263
21266
21290
21300
21335
21342
21350
21354
21357
21358
21367
21371
21385
21388
21408
21410
21418
21435
21439
21440
21447
21456
21465
21477
21482
21492
21506
21512
21527
21530
21539
21542
21544
21546
21550
21551
21558
21575
21578
21581
21597
21598
21599
21602
21607
21616
21620
21639
21641
21654
21660
21665
21669
21674
21682
21683
21693
21708
21717
21734
21750
21767
21777
21791
21795
21799
21809
21823
21831
21835
21837
21843
21873
21876
21881
21893
21895
21897
21898
21900
21905
21919
21934
21954
21977
21979
21986
21992
22018
22027
22039
22080
22083
22084
22088
22091
22096
22145
22150
22153
22173
22176
22212
22213
22220
22232
22249
22273
22311
22384
22388
22414
22431
22435
22485
22492
22496
22498
22502
22505
22509
22518
22528
22549
22564
22568
22575
22600
22617
22632
22660
22683
22729
22759
22762
22805
22818
22837
22841
22848
22852
22853
22861
22887
22895
22918
22938
22952
22989
22018
22084
22091
22145
22150
22213
22249
22273
22311
22414
22435
22496
22502
22505
22528
22564
22568
22617
22759
22818
22841
22853
22861
22887
22895
22000
22007
22021
22023
22037
22041
22043
22047
22082
22102
22114
22117
22148
22175
22194
22197
22204
22259
22279
22285
22286
22292
22324
22343
22367
22381
22417
22442
22443
22458
22529
22534
22537
22555
22583
22594
22597
22606
22610
22625
22669
22678
22719
22749
22755
22775
22776
22812
22822
22839
22851
22862
22864
22882
22935
22947
22950
22974
22975
22987
22988
22000
22002
22007
22014
22018
22021
22023
22027
22030
22035
22037
22039
22041
22043
22047
22056
22080
22082
22083
22084
22088
22091
22096
22102
22114
22117
22122
22127
22145
22148
22150
22153
22156
22171
22173
22175
22176
22182
22190
22194
22195
22197
22199
22204
22212
22213
22220
22232
22233
22239
22249
22253
22259
22273
22279
22285
22286
22292
22301
22309
22311
22319
22324
22333
22335
22343
22347
22362
22366
22367
22381
22384
22388
22391
22413
22414
22417
22419
22422
22431
22435
22442
22443
22451
22457
22458
22472
22475
22484
22485
22492
22496
22498
22502
22505
22509
22518
22528
22529
22534
22537
22549
22555
22556
22564
22568
22571
22574
22575
22577
22583
22594
22597
22600
22606
22610
22617
22622
22625
22632
22635
22642
22645
22654
22660
22661
22669
22671
22677
22678
22683
22713
22719
22729
22744
22749
22755
22756
22759
22762
22775
22776
22805
22812
22816
22818
22822
22826
22830
22837
22839
22841
22848
22851
22852
22853
22861
22862
22864
22877
22881
22882
22887
22890
22895
22906
22914
22918
22925
22931
22935
22938
22947
22950
22952
22969
22974
22975
22976
22987
22988
22989
22990
22000
22007
22018
22021
22023
22027
22037
22039
22041
22043
22047
22080
22082
22083
22084
22088
22091
22096
22102
22114
22117
22145
22148
22150
22153
22173
22175
22176
22194
22197
22204
22212
22213
22220
22232
22249
22259
22273
22279
22285
22286
22292
22311
22324
22343
22367
22381
22384
22388
22414
22417
22431
22435
22442
22443
22458
22485
22492
22496
22498
22502
22505
22509
22518
22528
22529
22534
22537
22549
22555
22564
22568
22575
22583
22594
22597
22600
22606
22610
22617
22625
22632
22660
22669
22678
22683
22719
22729
22749
22755
22759
22762
22775
22776
22805
22812
22818
22822
22837
22839
22841
22848
22851
22852
22853
22861
22862
22864
22882
22887
22895
22918
22935
22938
22947
22950
22952
22974
22975
22987
22988
22989
23000
23001
23004
23023
23033
23041
23056
23063
23089
23092
23094
23098
23109
23114
23117
23120
23149
23153
23156
23160
23162
23164
23167
23169
23197
23210
23211
23212
23213
23222
23237
23246
23253
23277
23282
23287
23309
23310
23317
23328
23329
23332
23333
23334
23363
23367
23370
23371
23380
23382
23393
23394
23400
23401
23408
23412
23417
23424
23427
23432
23434
23442
23470
23494
23498
23508
23513
23546
23560
23580
23588
23595
23617
23618
23639
23648
23656
23658
23690
23700
23707
23710
23713
23714
23716
23717
23729
23738
23764
23795
23807
23809
23829
23843
23847
23853
23855
23861
23869
23873
23880
23887
23889
23917
23921
23928
23954
23997
23000
23114
23153
23246
23253
23277
23317
23329
23334
23371
23417
23432
23442
23508
23580
23714
23829
23843
23873
23880
23000
23001
23004
23008
23023
23033
23041
23048
23056
23060
23063
23071
23089
23092
23094
23098
23108
23109
23114
23117
23120
23125
23129
23149
23153
23156
23160
23162
23164
23167
23169
23197
23210
23211
23212
23213
23222
23226
23237
23246
23253
23270
23277
23282
23287
23291
23309
23310
23317
23328
23329
23330
23332
23333
23334
23343
23346
23349
23359
23363
23367
23368
23370
23371
23372
23380
23382
23387
23388
23393
23394
23398
23400
23401
23408
23412
23417
23424
23427
23431
23432
23434
23435
23441
23442
23449
23450
23459
23465
23470
23481
23493
23494
23498
23508
23513
23546
23550
23560
23568
23572
23575
23580
23585
23588
23595
23607
23617
23618
23639
23646
23648
23656
23658
23668
23684
23690
23694
23700
23707
23710
23713
23714
23716
23717
23726
23729
23738
23762
23764
23771
23795
23806
23807
23809
23829
23843
23844
23847
23853
23855
23856
23861
23869
23873
23880
23886
23887
23889
23901
23914
23917
23920
23921
23928
23930
23954
23970
23992
23997
23000
23001
23023
23041
23092
23109
23114
23153
23167
23246
23253
23277
23287
23317
23329
23334
23370
23371
23408
23417
23432
23442
23508
23560
23580
23714
23738
23764
23795
23809
23829
23843
23847
23873
23880
23887
23997
23008
23048
23060
23071
23108
23125
23129
23226
23270
23291
23330
23343
23346
23349
23359
23368
23372
23387
23388
23398
23431
23435
23441
23449
23450
23459
23465
23481
23493
23550
23568
23572
23575
23585
23607
23646
23668
23684
23694
23726
23762
23771
23806
23844
23856
23886
23901
23914
23920
23930
23970
23992
24005
24010
24016
24018
24020
24021
24032
24033
24034
24040
24048
24066
24067
24071
24082
24085
24086
24101
24108
24119
24128
24132
24148
24151
24157
24161
24167
24175
24183
24187
24189
24190
24193
24195
24197
24201
24212
24214
24223
24226
24232
24249
24268
24281
24282
24284
24291
24293
24294
24298
24300
24313
24318
24320
24322
24323
24331
24335
24340
24343
24351
24359
24369
24376
24378
24379
24381
24382
24391
24393
24395
24401
24418
24419
24423
24424
24432
24435
24438
24444
24446
24447
24469
24470
24474
24476
24480
24493
24495
24504
24510
24511
24516
24518
24519
24525
24534
24541
24542
24548
24561
24562
24576
24579
24583
24587
24589
24591
24604
24608
24609
24611
24624
24629
24638
24643
24644
24650
24658
24660
24664
24667
24671
24690
24703
24708
24711
24712
24713
24716
24718
24724
24729
24736
24740
24750
24752
24759
24763
24765
24771
24772
24774
24775
24782
24789
24793
24799
24803
24808
24814
24815
24816
24819
24846
24863
24864
24874
24887
24893
24895
24899
24900
24903
24912
24920
24926
24945
24947
24948
24954
24956
24959
24963
24965
24967
24972
24973
24979
24987
24988
24992
24994
24996
24998
24005
24016
24018
24021
24066
24067
24082
24085
24086
24108
24119
24148
24157
24167
24183
24187
24193
24212
24223
24232
24268
24282
24284
24293
24294
24298
24320
24359
24378
24379
24381
24391
24418
24419
24423
24438
24474
24476
24480
24493
24504
24510
24511
24518
24541
24548
24562
24576
24579
24589
24591
24608
24609
24611
24624
24644
24664
24667
24736
24740
24750
24752
24763
24774
24819
24864
24874
24912
24920
24945
24947
24954
24956
24965
24967
24972
24987
24998
24010
24020
24032
24033
24048
24071
24101
24132
24151
24175
24201
24214
24226
24281
24300
24313
24322
24323
24369
24393
24395
24435
24447
24519
24525
24542
24587
24643
24711
24712
24713
24724
24729
24782
24789
24793
24799
24863
24903
24963
24973
24979
24016
24066
24086
24108
24119
24148
24167
24193
24212
24223
24284
24293
24294
24298
24378
24391
24423
24438
24474
24476
24504
24510
24518
24562
24589
24591
24608
24611
24667
24774
24864
24912
24920
24945
24987
24016
24066
24108
24119
24148
24167
24193
24284
24298
24378
24391
24438
24476
24510
24562
24591
24005
24018
24021
24067
24082
24085
24157
24183
24187
24232
24268
24282
24320
24359
24379
24381
24418
24419
24480
24493
24511
24541
24548
24576
24579
24609
24624
24644
24664
24736
24740
24750
24752
24763
24819
24874
24947
24954
24956
24965
24967
24972
24998
24005
24010
24016
24018
24020
24021
24032
24033
24048
24066
24067
24071
24082
24085
24086
24101
24108
24119
24132
24148
24151
24157
24167
24175
24183
24187
24193
24201
24212
24214
24223
24226
24232
24268
24281
24282
24284
24293
24294
24298
24300
24313
24320
24322
24323
24359
24369
24378
24379
24381
24391
24393
24395
24418
24419
24423
24435
24438
24447
24474
24476
24480
24493
24504
24510
24511
24518
24519
24525
24541
24542
24548
24562
24576
24579
24587
24589
24591
24608
24609
24611
24624
24643
24644
24664
24667
24711
24712
24713
24724
24729
24736
24740
24750
24752
24763
24774
24782
24789
24793
24799
24819
24863
24864
24874
24903
24912
24920
24945
24947
24954
24956
24963
24965
24967
24972
24973
24979
24987
24998
25013
25015
25030
25053
25059
25064
25066
25075
25076
25094
25096
25120
25151
25192
25203
25206
25210
25211
25238
25247
25250
25257
25264
25301
25329
25349
25391
25399
25408
25422
25453
25455
25466
25500
25528
25534
25551
25570
25573
25575
25584
25597
25606
25627
25645
25690
25697
25701
25722
25723
25728
25731
25795
25813
25857
25872
25886
25896
25917
25931
25942
25950
25970
25972
25975
25986
25992
25995
25009
25010
25013
25014
25015
25025
25030
25031
25034
25047
25053
25059
25064
25065
25066
25073
25075
25076
25087
25088
25092
25094
25096
25098
25106
25108
25116
25120
25130
25134
25141
25143
25151
25159
25160
25161
25171
25184
25192
25203
25206
25210
25211
25217
25223
25233
25238
25244
25247
25250
25257
25264
25265
25269
25301
25319
25320
25329
25346
25349
25350
25360
25361
25366
25384
25389
25390
25391
25393
25397
25399
25408
25416
25419
25420
25422
25427
25433
25442
25447
25453
25455
25466
25478
25487
25493
25494
25500
25505
25512
25527
25528
25534
25540
25541
25551
25559
25563
25567
25570
25573
25575
25576
25580
25584
25589
25592
25594
25596
25597
25599
25606
25627
25638
25645
25647
25652
25654
25655
25665
25673
25674
25682
25687
25690
25697
25701
25704
25718
25722
25723
25728
25730
25731
25732
25744
25745
25776
25795
25813
25814
25832
25842
25846
25857
25860
25872
25875
25882
25886
25896
25899
25908
25910
25917
25922
25927
25930
25931
25939
25942
25950
25957
25964
25970
25971
25972
25973
25975
25976
25980
25986
25992
25995
25059
25075
25076
25094
25120
25151
25192
25203
25206
25210
25211
25264
25301
25329
25399
25408
25422
25453
25455
25466
25500
25534
25551
25575
25597
25606
25627
25645
25690
25701
25722
25728
25731
25872
25886
25917
25931
25942
25970
25972
25986
25992
25013
25015
25030
25053
25064
25066
25096
25238
25247
25250
25257
25349
25391
25528
25570
25573
25584
25697
25723
25795
25813
25857
25896
25950
25975
25995
25015
25030
25066
25096
25238
25250
25257
25349
25391
25528
25570
25573
25584
25795
25813
25857
25950
26007
26013
26017
26022
26023
26035
26045
26053
26059
26067
26070
26074
26076
26079
26080
26100
26109
26113
26117
26119
26132
26136
26140
26147
26148
26154
26175
26179
26198
26199
26203
26206
26213
26214
26218
26219
26228
26231
26238
26242
26247
26249
26256
26259
26264
26274
26275
26276
26277
26279
26283
26288
26320
26322
26326
26338
26344
26353
26363
26378
26385
26390
26393
26399
26403
26410
26419
26432
26433
26436
26444
26446
26447
26458
26461
26463
26468
26471
26485
26490
26492
26503
26506
26517
26544
26548
26552
26559
26561
26565
26589
26590
26594
26605
26610
26626
26628
26631
26632
26633
26652
26656
26673
26676
26680
26683
26688
26700
26705
26711
26713
26716
26719
26722
26735
26750
26754
26761
26765
26766
26774
26776
26781
26787
26790
26810
26813
26820
26824
26825
26831
26833
26846
26851
26854
26862
26865
26868
26870
26871
26876
26878
26880
26881
26888
26891
26894
26898
26900
26901
26902
26910
26913
26919
26925
26928
26931
26932
26939
26942
26944
26949
26959
26963
26966
26967
26975
26977
26984
26990
26998
26076
26080
26100
26136
26140
26147
26148
26198
26242
26249
26275
26338
26363
26385
26432
26471
26485
26565
26626
26628
26683
26713
26719
26722
26735
26761
26774
26781
26810
26870
26902
26932
26949
26963
26967
26977
26998
26013
26023
26035
26045
26067
26070
26074
26109
26113
26199
26203
26206
26213
26214
26219
26231
26247
26256
26259
26264
26276
26322
26326
26344
26390
26393
26446
26506
26548
26552
26559
26561
26590
26633
26652
26688
26700
26754
26776
26787
26790
26813
26820
26824
26831
26865
26868
26878
26881
26888
26891
26894
26898
26900
26901
26910
26913
26925
26928
26931
26966
26076
26079
26080
26100
26119
26136
26140
26147
26148
26154
26175
26179
26198
26228
26238
26242
26249
26274
26275
26338
26353
26363
26385
26432
26433
26444
26447
26461
26471
26485
26490
26503
26544
26565
26626
26628
26631
26656
26673
26683
26705
26711
26713
26716
26719
26722
26735
26761
26774
26781
26810
26825
26870
26876
26880
26902
26919
26932
26949
26963
26967
26977
26984
26998
26079
26119
26154
26175
26179
26228
26238
26274
26353
26433
26444
26447
26461
26490
26503
26544
26631
26656
26673
26705
26711
26716
26825
26876
26880
26919
26984
26076
26140
26148
26198
26249
26275
26338
26471
26485
26683
26713
26722
26761
26810
26932
26949
26013
26023
26035
26045
26067
26070
26074
26076
26079
26080
26100
26109
26113
26119
26136
26140
26147
26148
26154
26175
26179
26198
26199
26203
26206
26213
26214
26219
26228
26231
26238
26242
26247
26249
26256
26259
26264
26274
26275
26276
26322
26326
26338
26344
26353
26363
26385
26390
26393
26432
26433
26444
26446
26447
26461
26471
26485
26490
26503
26506
26544
26548
26552
26559
26561
26565
26590
26626
26628
26631
26633
26652
26656
26673
26683
26688
26700
26705
26711
26713
26716
26719
26722
26735
26754
26761
26774
26776
26781
26787
26790
26810
26813
26820
26824
26825
26831
26865
26868
26870
26876
26878
26880
26881
26888
26891
26894
26898
26900
26901
26902
26910
26913
26919
26925
26928
26931
26932
26949
26963
26966
26967
26977
26984
26998
27000
27001
27002
27005
27006
27011
27015
27018
27023
27025
27031
27034
27044
27050
27052
27054
27057
27063
27071
27082
27086
27090
27095
27097
27098
27118
27120
27123
27129
27133
27139
27147
27155
27160
27174
27179
27180
27185
27186
27187
27192
27205
27206
27208
27222
27225
27229
27244
27245
27249
27250
27257
27271
27283
27289
27297
27302
27303
27313
27314
27325
27344
27350
27354
27355
27368
27370
27382
27393
27396
27401
27407
27410
27416
27417
27418
27434
27439
27447
27452
27457
27458
27462
27463
27477
27479
27494
27495
27501
27502
27503
27522
27523
27526
27531
27544
27546
27548
27552
27553
27569
27572
27575
27576
27577
27580
27586
27602
27603
27604
27613
27617
27621
27630
27636
27639
27642
27657
27660
27673
27676
27680
27683
27685
27686
27689
27691
27695
27701
27702
27706
27707
27722
27726
27727
27735
27747
27760
27765
27766
27776
27782
27785
27789
27790
27798
27799
27803
27809
27811
27812
27815
27822
27827
27828
27832
27833
27836
27838
27839
27842
27844
27845
27852
27854
27858
27861
27875
27880
27882
27884
27909
27917
27920
27923
27927
27935
27936
27937
27947
27948
27951
27961
27963
27970
27987
27992
27994
27995
27998
27011
27063
27123
27139
27179
27180
27245
27250
27303
27314
27350
27354
27393
27434
27447
27457
27463
27526
27544
27569
27572
27576
27580
27586
27613
27617
27621
27766
27782
27815
27833
27844
27852
27858
27875
27880
27923
27951
27961
27001
27002
27015
27018
27025
27052
27057
27071
27097
27129
27133
27160
27206
27222
27225
27313
27417
27418
27439
27494
27503
27531
27575
27577
27639
27680
27685
27686
27695
27701
27747
27760
27776
27785
27799
27803
27827
27838
27861
27927
27935
27936
27947
27970
27987
27000
27011
27034
27050
27063
27082
27098
27123
27139
27155
27174
27179
27180
27185
27186
27192
27229
27245
27249
27250
27271
27283
27303
27314
27325
27350
27354
27382
27393
27434
27447
27457
27458
27463
27495
27501
27502
27522
27526
27544
27548
27569
27572
27576
27580
27586
27604
27613
27617
27621
27630
27657
27676
27683
27689
27706
27722
27766
27782
27809
27815
27822
27833
27836
27844
27845
27852
27854
27858
27875
27880
27882
27909
27920
27923
27937
27951
27961
27963
27992
27995
27998
27011
27123
27139
27180
27250
27303
27314
27350
27354
27447
27457
27463
27526
27544
27572
27613
27621
27766
27782
27833
27844
27858
27923
27951
27011
27123
27139
27180
27250
27303
27350
27354
27447
27457
27544
27572
27613
27766
27782
27833
27844
27923
27951
27000
27001
27002
27011
27015
27018
27025
27034
27050
27052
27057
27063
27071
27082
27097
27098
27123
27129
27133
27139
27155
27160
27174
27179
27180
27185
27186
27192
27206
27222
27225
27229
27245
27249
27250
27271
27283
27303
27313
27314
27325
27350
27354
27382
27393
27417
27418
27434
27439
27447
27457
27458
27463
27494
27495
27501
27502
27503
27522
27526
27531
27544
27548
27569
27572
27575
27576
27577
27580
27586
27604
27613
27617
27621
27630
27639
27657
27676
27680
27683
27685
27686
27689
27695
27701
27706
27722
27747
27760
27766
27776
27782
27785
27799
27803
27809
27815
27822
27827
27833
27836
27838
27844
27845
27852
27854
27858
27861
27875
27880
27882
27909
27920
27923
27927
27935
27936
27937
27947
27951
27961
27963
27970
27987
27992
27995
27998
28011
28016
28019
28025
28033
28038
28041
28045
28051
28075
28089
28096
28097
28111
28112
28116
28120
28126
28132
28159
28163
28176
28183
28188
28192
28218
28219
28231
28248
28261
28265
28296
28311
28329
28331
28343
28349
28354
28376
28382
28385
28387
28401
28404
28405
28409
28416
28419
28427
28433
28437
28447
28450
28470
28479
28507
28510
28523
28537
28538
28539
28547
28550
28553
28555
28591
28597
28604
28607
28608
28617
28629
28633
28639
28643
28656
28663
28665
28667
28668
28674
28676
28695
28708
28714
28715
28716
28719
28738
28739
28740
28745
28748
28766
28810
28821
28826
28833
28853
28864
28868
28897
28899
28903
28911
28917
28918
28929
28932
28950
28961
28968
28985
28988
28999
28019
28025
28038
28041
28045
28096
28097
28116
28132
28188
28218
28219
28248
28261
28296
28329
28343
28349
28382
28401
28405
28433
28470
28479
28510
28539
28547
28553
28604
28629
28633
28643
28656
28665
28668
28674
28676
28716
28719
28740
28745
28766
28810
28821
28833
28864
28932
28961
28968
28985
28011
28033
28051
28089
28111
28120
28126
28163
28192
28231
28354
28376
28385
28409
28416
28427
28447
28507
28523
28537
28538
28550
28555
28591
28607
28608
28663
28667
28695
28708
28715
28853
28897
28899
28903
28929
28988
28999
28051
28111
28126
28163
28416
28427
28523
28537
28538
28550
28591
28608
28667
28715
28853
28899
28929
28988
28016
28075
28112
28159
28176
28183
28265
28311
28331
28387
28404
28419
28437
28450
28597
28617
28639
28714
28738
28739
28748
28826
28868
28911
28917
28918
28950
28011
28013
28016
28019
28025
28033
28038
28039
28041
28045
28051
28065
28066
28070
28075
28089
28096
28097
28101
28103
28111
28112
28116
28120
28125
28126
28132
28159
28163
28176
28183
28188
28192
28213
28217
28218
28219
28231
28242
28248
28250
28261
28265
28291
28296
28311
28317
28323
28324
28327
28329
28331
28343
28349
28350
28354
28360
28364
28372
28376
28382
28385
28387
28401
28403
28404
28405
28409
28413
28416
28419
28422
28427
28433
28437
28447
28450
28457
28470
28479
28492
28498
28507
28510
28511
28514
28518
28523
28537
28538
28539
28547
28548
28550
28553
28554
28555
28559
28565
28591
28597
28604
28607
28608
28612
28617
28629
28633
28639
28641
28643
28654
28656
28663
28665
28667
28668
28674
28676
28684
28695
28704
28708
28714
28715
28716
28719
28738
28739
28740
28745
28748
28760
28766
28775
28798
28810
28817
28821
28826
28831
28833
28841
28853
28859
28862
28864
28868
28897
28899
28903
28911
28917
28918
28929
28930
28932
28941
28950
28961
28963
28968
28985
28988
28999
28011
28016
28033
28051
28075
28089
28111
28112
28120
28126
28159
28163
28176
28183
28192
28231
28265
28311
28331
28354
28376
28385
28387
28404
28409
28416
28419
28427
28437
28447
28450
28507
28523
28537
28538
28550
28555
28591
28597
28607
28608
28617
28639
28663
28667
28695
28708
28714
28715
28738
28739
28748
28826
28853
28868
28897
28899
28903
28911
28917
28918
28929
28950
28988
28999
28013
28039
28065
28066
28070
28101
28103
28125
28213
28217
28242
28250
28291
28317
28323
28324
28327
28350
28360
28364
28372
28403
28413
28422
28457
28492
28498
28511
28514
28518
28548
28554
28559
28565
28612
28641
28654
28684
28704
28760
28775
28798
28817
28831
28841
28859
28862
28930
28941
28963
29014
29017
29021
29023
29042
29043
29053
29055
29070
29079
29085
29115
29125
29127
29139
29145
29181
29186
29187
29202
29217
29225
29227
29234
29264
29277
29295
29300
29313
29316
29324
29336
29342
29368
29381
29393
29396
29403
29408
29412
29415
29419
29424
29433
29443
29447
29466
29478
29479
29503
29506
29524
29544
29558
29565
29566
29584
29591
29596
29601
29630
29641
29643
29653
29654
29657
29695
29740
29742
29783
29806
29826
29839
29842
29850
29859
29886
29888
29894
29898
29912
29916
29917
29920
29924
29926
29927
29935
29961
29963
29967
29980
29995
29997
29998
29085
29115
29125
29127
29187
29316
29479
29506
29524
29544
29806
29998
29000
29007
29011
29014
29015
29017
29019
29021
29023
29025
29042
29043
29050
29051
29053
29055
29063
29070
29079
29081
29085
29089
29111
29115
29125
29126
29127
29129
29132
29139
29145
29160
29165
29169
29170
29181
29185
29186
29187
29202
29210
29217
29224
29225
29227
29234
29261
29264
29277
29289
29295
29300
29312
29313
29314
29316
29317
29324
29328
29331
29334
29336
29338
29342
29346
29348
29355
29356
29360
29368
29373
29374
29381
29385
29390
29392
29393
29395
29396
29403
29408
29412
29415
29419
29424
29433
29442
29443
29444
29447
29458
29465
29466
29471
29477
29478
29479
29482
29494
29503
29505
29506
29508
29510
29513
29519
29524
29531
29544
29558
29565
29566
29579
29582
29584
29591
29596
29601
29609
29617
29620
29630
29631
29638
29641
29643
29646
29647
29650
29653
29654
29657
29664
29685
29691
29695
29706
29709
29716
29721
29725
29735
29740
29742
29746
29747
29748
29758
29771
29774
29783
29784
29803
29806
29808
29821
29826
29839
29842
29850
29859
29861
29869
29886
29888
29893
29894
29898
29904
29912
29916
29917
29918
29920
29924
29926
29927
29934
29935
29936
29944
29954
29961
29963
29967
29980
29995
29997
29998
29014
29042
29043
29053
29055
29085
29115
29125
29127
29181
29186
29187
29202
29217
29227
29234
29300
29313
29316
29324
29368
29381
29393
29396
29408
29412
29415
29424
29433
29443
29447
29466
29478
29479
29503
29506
29524
29544
29558
29591
29596
29601
29630
29653
29657
29740
29742
29806
29826
29839
29859
29886
29888
29894
29916
29935
29961
29967
29980
29997
29998
29017
29021
29023
29070
29079
29139
29145
29225
29264
29277
29295
29336
29342
29403
29419
29565
29566
29584
29641
29643
29654
29695
29783
29842
29850
29898
29912
29917
29920
29924
29926
29927
29963
29995
30003
30006
30017
30020
30024
30035
30036
30040
30043
30046
30060
30103
30104
30105
30106
30111
30113
30118
30122
30130
30133
30150
30172
30180
30182
30184
30190
30197
30223
30228
30229
30260
30286
30295
30315
30320
30329
30333
30334
30347
30359
30364
30365
30366
30367
30371
30373
30375
30387
30392
30414
30416
30418
30422
30433
30434
30436
30443
30452
30453
30460
30462
30465
30466
30474
30482
30488
30505
30508
30509
30513
30519
30524
30532
30539
30540
30541
30547
30551
30554
30559
30566
30567
30570
30578
30584
30586
30588
30594
30600
30601
30605
30606
30608
30609
30610
30613
30616
30618
30633
30638
30647
30651
30654
30657
30658
30665
30672
30685
30704
30709
30711
30712
30723
30726
30735
30738
30739
30748
30750
30755
30767
30768
30769
30772
30777
30780
30782
30783
30791
30794
30798
30815
30824
30835
30842
30858
30861
30883
30884
30885
30901
30903
30904
30909
30915
30919
30921
30927
30932
30945
30956
30979
30985
30990
30995
30997
30017
30020
30046
30104
30106
30122
30130
30150
30180
30184
30190
30228
30315
30333
30365
30392
30414
30418
30452
30462
30465
30482
30505
30513
30519
30524
30532
30551
30559
30567
30586
30601
30613
30616
30618
30633
30638
30651
30665
30709
30712
30726
30750
30772
30782
30783
30798
30815
30824
30835
30861
30884
30885
30901
30903
30921
30932
30997
30017
30020
30046
30106
30150
30190
30228
30315
30414
30462
30519
30524
30551
30559
30586
30613
30618
30633
30638
30712
30772
30782
30798
30815
30884
30903
30921
30035
30036
30040
30105
30113
30118
30133
30172
30182
30223
30229
30334
30359
30364
30367
30371
30375
30387
30422
30434
30436
30453
30460
30466
30474
30508
30540
30541
30578
30584
30600
30605
30609
30657
30672
30685
30704
30723
30738
30739
30748
30767
30777
30858
30883
30909
30919
30956
30979
30985
30990
30995
30017
30020
30035
30036
30040
30046
30104
30105
30106
30113
30118
30122
30130
30133
30150
30172
30180
30182
30184
30190
30223
30228
30229
30315
30333
30334
30359
30364
30365
30367
30371
30375
30387
30392
30414
30418
30422
30434
30436
30452
30453
30460
30462
30465
30466
30474
30482
30505
30508
30513
30519
30524
30532
30540
30541
30551
30559
30567
30578
30584
30586
30600
30601
30605
30609
30613
30616
30618
30633
30638
30651
30657
30665
30672
30685
30704
30709
30712
30723
30726
30738
30739
30748
30750
30767
30772
30777
30782
30783
30798
30815
30824
30835
30858
30861
30883
30884
30885
30901
30903
30909
30919
30921
30932
30956
30979
30985
30990
30995
30997
31001
31005
31012
31018
31030
31040
31046
31048
31065
31069
31087
31088
31091
31095
31097
31099
31100
31104
31116
31136
31143
31147
31156
31157
31159
31164
31174
31175
31192
31206
31209
31221
31223
31233
31237
31238
31239
31240
31242
31250
31256
31267
31277
31284
31285
31291
31294
31295
31302
31308
31311
31312
31314
31320
31324
31327
31332
31333
31336
31341
31367
31369
31378
31389
31390
31391
31393
31396
31403
31404
31406
31407
31414
31419
31421
31422
31425
31428
31429
31435
31440
31441
31442
31458
31468
31470
31480
31481
31482
31488
31493
31499
31500
31510
31514
31524
31533
31535
31536
31543
31557
31558
31561
31576
31578
31581
31586
31587
31592
31594
31595
31599
31602
31603
31604
31606
31615
31628
31630
31633
31649
31650
31653
31665
31669
31671
31685
31687
31688
31694
31697
31703
31715
31718
31722
31725
31726
31747
31749
31750
31755
31756
31765
31773
31777
31779
31785
31795
31797
31800
31813
31819
31820
31822
31829
31832
31833
31836
31842
31845
31851
31855
31858
31861
31863
31874
31877
31879
31882
31883
31886
31893
31904
31910
31921
31922
31962
31968
31978
31985
31987
31992
31993
31040
31048
31091
31095
31099
31104
31116
31136
31206
31285
31291
31302
31332
31341
31367
31369
31378
31393
31404
31414
31428
31435
31440
31442
31470
31488
31493
31499
31500
31533
31535
31557
31586
31587
31592
31595
31604
31615
31633
31665
31671
31685
31703
31715
31718
31722
31765
31800
31832
31836
31842
31845
31863
31874
31879
31904
31910
31922
31962
31091
31095
31136
31332
31369
31414
31428
31442
31488
31500
31535
31557
31586
31587
31592
31615
31633
31665
31685
31703
31715
31718
31765
31800
31842
31845
31863
31910
31922
31005
31012
31040
31048
31088
31091
31095
31099
31104
31116
31136
31147
31159
31174
31206
31233
31237
31242
31250
31256
31267
31285
31291
31294
31302
31332
31333
31341
31367
31369
31378
31389
31390
31391
31393
31396
31403
31404
31414
31428
31429
31435
31440
31442
31470
31480
31488
31493
31499
31500
31514
31533
31535
31557
31561
31586
31587
31592
31595
31602
31604
31606
31615
31633
31650
31665
31671
31685
31694
31697
31703
31715
31718
31722
31726
31756
31765
31777
31800
31813
31819
31820
31832
31836
31842
31845
31851
31855
31863
31874
31877
31879
31893
31904
31910
31922
31962
31968
31978
31985
32020
32022
32025
32032
32039
32075
32096
32100
32108
32128
32132
32153
32176
32194
32205
32234
32240
32275
32277
32304
32320
32330
32355
32356
32416
32448
32459
32468
32479
32484
32504
32508
32510
32545
32552
32557
32571
32573
32581
32612
32628
32638
32644
32645
32649
32655
32674
32688
32692
32693
32724
32731
32748
32759
32778
32780
32792
32810
32819
32823
32848
32854
32868
32914
32927
32932
32934
32951
32953
32954
32971
32974
32976
32987
32988
32991
32005
32009
32020
32022
32025
32028
32032
32039
32045
32049
32056
32075
32080
32085
32086
32087
32089
32096
32097
32100
32106
32107
32108
32121
32126
32128
32132
32136
32142
32152
32153
32158
32161
32169
32176
32181
32191
32194
32205
32234
32237
32240
32248
32249
32265
32275
32277
32279
32304
32309
32315
32320
32325
32326
32330
32333
32335
32355
32356
32363
32371
32373
32377
32379
32382
32386
32387
32410
32416
32441
32444
32448
32451
32459
32466
32468
32475
32477
32479
32484
32493
32504
32506
32508
32510
32511
32521
32526
32530
32532
32545
32546
32552
32557
32560
32571
32573
32575
32578
32579
32581
32583
32600
32611
32612
32620
32628
32638
32644
32645
32649
32655
32663
32674
32675
32678
32680
32688
32692
32693
32700
32707
32717
32724
32731
32735
32736
32743
32748
32750
32757
32759
32760
32766
32767
32778
32780
32785
32792
32799
32800
32810
32818
32819
32823
32836
32838
32845
32848
32854
32855
32858
32861
32868
32891
32899
32914
32927
32932
32934
32943
32951
32953
32954
32956
32970
32971
32972
32974
32976
32987
32988
32991
32020
32022
32025
32032
32039
32075
32096
32108
32128
32153
32194
32205
32240
32275
32277
32304
32320
32330
32355
32356
32416
32448
32459
32468
32479
32484
32510
32545
32552
32557
32571
32581
32612
32628
32638
32644
32645
32649
32655
32674
32692
32693
32724
32731
32759
32778
32792
32810
32819
32823
32848
32854
32868
32932
32934
32971
32974
32976
32987
32988
32991
32032
32075
32096
32108
32153
32194
32205
32240
32304
32479
32484
32545
32655
32692
32778
32819
32823
32848
32932
32974
32976
32987
33013
33016
33018
33021
33023
33025
33039
33042
33085
33094
33098
33106
33108
33115
33118
33131
33143
33162
33179
33189
33191
33197
33246
33248
33264
33268
33270
33274
33279
33286
33287
33308
33309
33316
33318
33319
33323
33324
33329
33337
33351
33356
33365
33366
33382
33388
33397
33401
33415
33420
33426
33433
33450
33457
33460
33462
33464
33479
33485
33504
33523
33526
33534
33546
33574
33585
33587
33600
33616
33637
33647
33654
33677
33686
33702
33707
33720
33722
33725
33727
33742
33744
33756
33757
33769
33773
33777
33795
33799
33816
33818
33844
33846
33853
33857
33859
33865
33869
33874
33880
33887
33893
33913
33942
33967
33973
33995
33013
33016
33018
33021
33023
33025
33039
33042
33076
33085
33087
33094
33098
33101
33106
33108
33115
33118
33131
33139
33143
33156
33162
33163
33179
33180
33188
33189
33191
33197
33202
33219
33223
33227
33229
33240
33246
33248
33264
33267
33268
33270
33274
33279
33286
33287
33305
33308
33309
33316
33318
33319
33323
33324
33329
33335
33337
33351
33353
33356
33364
33365
33366
33382
33388
33397
33401
33403
33415
33420
33426
33433
33436
33449
33450
33452
33455
33457
33460
33462
33464
33479
33485
33501
33504
33523
33525
33526
33531
33534
33546
33548
33574
33575
33585
33587
33593
33600
33616
33628
33637
33644
33647
33654
33667
33671
33675
33677
33682
33686
33702
33707
33720
33722
33725
33727
33742
33744
33754
33756
33757
33769
33773
33776
33777
33795
33799
33816
33818
33824
33844
33846
33853
33857
33859
33865
33866
33867
33869
33874
33880
33887
33893
33913
33924
33929
33942
33943
33953
33957
33967
33973
33992
33995
33013
33016
33018
33039
33042
33094
33098
33108
33115
33143
33162
33179
33189
33248
33264
33308
33318
33319
33324
33351
33356
33365
33382
33397
33415
33420
33426
33462
33464
33504
33523
33546
33585
33616
33637
33647
33654
33686
33720
33725
33727
33744
33757
33777
33818
33846
33857
33859
33865
33869
33887
33942
33995
33042
33108
33115
33143
33162
33248
33308
33318
33319
33382
33420
33426
33464
33504
33523
33546
33585
33647
33744
33777
33869
33887
33942
33995
34000
34006
34008
34015
34017
34021
34022
34030
34063
34071
34074
34083
34085
34112
34121
34122
34129
34133
34146
34151
34154
34155
34163
34167
34172
34174
34179
34180
34182
34198
34205
34210
34213
34216
34219
34229
34235
34238
34240
34264
34269
34271
34276
34278
34287
34291
34294
34299
34301
34308
34311
34312
34313
34314
34316
34325
34330
34332
34337
34340
34342
34351
34360
34361
34365
34375
34389
34390
34400
34405
34410
34411
34419
34427
34434
34439
34464
34465
34474
34482
34494
34496
34502
34505
34527
34540
34541
34552
34554
34564
34566
34569
34574
34576
34578
34596
34598
34620
34622
34626
34629
34632
34638
34641
34643
34644
34647
34660
34669
34685
34710
34716
34717
34721
34725
34737
34738
34741
34743
34744
34757
34764
34770
34772
34782
34784
34789
34793
34800
34804
34808
34809
34812
34825
34832
34835
34839
34840
34842
34846
34857
34858
34862
34870
34873
34877
34879
34884
34895
34913
34914
34922
34930
34945
34946
34954
34967
34972
34976
34006
34030
34122
34129
34155
34205
34210
34216
34271
34276
34337
34340
34361
34390
34411
34427
34494
34527
34540
34569
34574
34578
34598
34629
34632
34641
34743
34744
34782
34800
34808
34825
34857
34873
34879
34884
34930
34946
34967
34216
34337
34361
34540
34598
34632
34641
34743
34744
34808
34884
34930
34006
34030
34083
34085
34112
34122
34129
34146
34151
34154
34155
34163
34179
34180
34198
34205
34210
34216
34219
34235
34264
34269
34271
34276
34278
34294
34299
34311
34337
34340
34342
34361
34365
34390
34405
34410
34411
34427
34494
34527
34540
34541
34569
34574
34578
34596
34598
34620
34622
34629
34632
34638
34641
34643
34669
34716
34721
34743
34744
34757
34782
34784
34793
34800
34808
34809
34825
34840
34846
34857
34870
34873
34879
34884
34922
34930
34945
34946
34967
34972
34976
