Finalized group 11.txt
8
66
70
78
139
198
303
319
338
365
403
414
462
765
840
862
935
8
25
66
70
78
132
139
145
156
197
198
220
221
229
286
303
319
338
344
365
388
401
403
414
443
458
462
493
497
533
560
594
614
648
650
663
674
731
736
764
765
801
802
833
840
858
862
870
935
8
25
66
70
78
116
129
132
139
145
156
180
187
197
198
220
221
223
229
286
296
303
319
337
338
342
344
365
388
401
403
414
435
443
458
462
493
497
533
558
560
582
585
594
606
614
624
648
650
657
663
674
696
706
709
731
736
758
764
765
775
782
787
801
802
833
840
858
862
870
919
935
156
220
229
401
443
458
493
614
648
650
663
674
731
801
1119
1138
1161
1183
1185
1248
1302
1342
1401
1439
1671
1690
1794
1895
1961
1039
1096
1106
1119
1128
1138
1145
1155
1161
1168
1173
1183
1185
1186
1236
1248
1272
1279
1295
1302
1317
1323
1327
1338
1342
1344
1351
1362
1363
1379
1388
1401
1439
1496
1497
1503
1565
1583
1590
1617
1625
1632
1671
1690
1694
1697
1746
1755
1756
1794
1824
1827
1852
1856
1871
1878
1879
1887
1895
1912
1913
1919
1930
1961
1964
1980
1986
1039
1106
1119
1138
1155
1161
1168
1173
1183
1185
1186
1248
1272
1279
1302
1323
1327
1342
1344
1362
1363
1388
1401
1439
1496
1497
1503
1617
1625
1632
1671
1690
1694
1746
1756
1794
1824
1827
1852
1856
1871
1878
1895
1912
1913
1930
1961
1964
1980
1039
1119
1138
1155
1161
1168
1183
1185
1186
1248
1302
1323
1327
1342
1401
1439
1496
1497
1503
1632
1671
1690
1794
1824
1871
1895
1930
1961
1980
2008
2044
2090
2158
2180
2214
2277
2312
2360
2363
2381
2409
2411
2510
2515
2622
2652
2674
2755
2778
2861
2878
2885
2050
2053
2056
2066
2078
2086
2172
2182
2206
2215
2227
2240
2270
2286
2368
2391
2413
2427
2478
2490
2535
2571
2593
2611
2710
2714
2720
2729
2799
2843
2852
2862
2870
2884
2905
2912
2936
2976
2979
2056
2078
2172
2206
2227
2270
2286
2413
2571
2611
2710
2714
2729
2843
2852
2884
2912
2976
2979
2050
2053
2066
2086
2182
2215
2240
2368
2391
2427
2478
2490
2535
2593
2720
2799
2862
2870
2905
2936
2008
2044
2050
2053
2056
2066
2078
2086
2090
2158
2172
2180
2182
2206
2214
2215
2227
2240
2270
2277
2286
2312
2360
2363
2368
2381
2391
2409
2411
2413
2427
2478
2490
2510
2515
2535
2571
2593
2611
2622
2652
2674
2710
2714
2720
2729
2755
2778
2799
2843
2852
2861
2862
2870
2878
2884
2885
2905
2912
2936
2976
2979
3011
3013
3033
3056
3068
3073
3104
3106
3109
3115
3147
3164
3183
3186
3198
3201
3206
3240
3246
3262
3270
3295
3302
3320
3330
3333
3356
3363
3388
3418
3433
3437
3452
3456
3463
3472
3481
3491
3492
3519
3541
3563
3587
3591
3603
3619
3648
3660
3676
3687
3700
3746
3749
3755
3760
3775
3791
3795
3797
3807
3838
3863
3864
3866
3878
3886
3890
3927
3937
3994
3011
3073
3104
3106
3115
3164
3186
3198
3201
3240
3262
3295
3302
3333
3363
3388
3456
3463
3472
3492
3519
3563
3587
3591
3648
3687
3755
3775
3795
3797
3807
3863
3866
3886
3890
3927
3994
3201
3240
3262
3363
3388
3456
3472
3492
3563
3648
3687
3755
3795
3863
3886
3890
3011
3073
3104
3106
3115
3164
3186
3198
3295
3302
3333
3463
3519
3587
3591
3775
3797
3807
3866
3927
3994
3013
3033
3056
3068
3109
3147
3183
3206
3246
3270
3320
3330
3356
3418
3433
3437
3452
3481
3491
3541
3603
3619
3660
3676
3700
3746
3749
3760
3791
3838
3864
3878
3937
4006
4015
4024
4104
4116
4128
4137
4174
4180
4182
4184
4205
4215
4229
4274
4278
4290
4303
4312
4315
4322
4349
4365
4379
4387
4412
4452
4481
4483
4513
4542
4561
4563
4568
4569
4578
4618
4635
4642
4643
4650
4678
4692
4702
4723
4731
4795
4814
4820
4832
4847
4848
4857
4865
4876
4879
4908
4940
4959
4990
4999
4006
4015
4104
4116
4128
4182
4184
4205
4215
4229
4274
4278
4290
4303
4312
4315
4349
4365
4387
4452
4513
4563
4568
4618
4642
4643
4702
4820
4832
4847
4857
4865
4876
4879
4908
4940
4959
4024
4137
4174
4180
4322
4379
4412
4481
4483
4542
4561
4569
4578
4635
4650
4678
4692
4723
4731
4795
4814
4848
4990
4999
5017
5028
5032
5037
5087
5094
5095
5115
5120
5125
5133
5140
5142
5159
5197
5204
5217
5226
5259
5260
5264
5272
5284
5329
5355
5377
5384
5388
5422
5437
5441
5445
5458
5460
5461
5462
5479
5503
5585
5595
5616
5673
5690
5706
5709
5716
5741
5744
5750
5771
5825
5866
5891
5905
5923
5926
5969
5971
5994
5028
5087
5094
5095
5125
5140
5159
5204
5217
5226
5259
5260
5264
5272
5284
5329
5377
5384
5388
5422
5445
5458
5460
5461
5462
5503
5585
5690
5706
5709
5716
5744
5750
5771
5866
5923
5969
5971
5994
5087
5094
5095
5125
5204
5226
5259
5272
5445
5462
5709
5744
5087
5094
5095
5125
5140
5204
5226
5259
5260
5272
5284
5329
5377
5384
5388
5422
5445
5461
5462
5503
5690
5706
5709
5744
5750
5771
5923
5969
6022
6028
6049
6071
6083
6094
6180
6186
6195
6201
6205
6221
6240
6253
6261
6270
6277
6333
6351
6401
6449
6462
6472
6530
6547
6564
6572
6582
6595
6601
6632
6650
6663
6678
6707
6711
6717
6748
6762
6765
6770
6772
6778
6797
6817
6820
6825
6849
6854
6867
6870
6923
6957
6962
6980
6992
6049
6094
6180
6195
6201
6221
6240
6261
6270
6277
6333
6401
6462
6472
6547
6572
6595
6632
6650
6678
6707
6762
6765
6770
6797
6962
6992
6022
6028
6071
6083
6186
6205
6253
6351
6449
6530
6564
6582
6601
6663
6711
6717
6748
6772
6778
6817
6820
6825
6849
6854
6867
6870
6923
6957
6980
6028
6071
6205
6253
6530
6564
6601
6778
6825
6867
6870
6957
6980
7000
7014
7047
7069
7109
7157
7173
7174
7177
7212
7217
7231
7266
7291
7342
7344
7349
7354
7422
7434
7436
7441
7442
7465
7470
7486
7509
7532
7558
7568
7588
7603
7604
7608
7631
7635
7651
7654
7681
7697
7699
7710
7716
7718
7723
7724
7731
7738
7747
7775
7781
7803
7811
7815
7825
7826
7846
7881
7890
7891
7898
7924
7947
7956
7972
7069
7173
7217
7434
7509
7603
7738
7747
7811
7898
7947
7000
7069
7157
7173
7174
7212
7217
7231
7266
7291
7434
7441
7470
7486
7509
7532
7568
7603
7651
7681
7718
7723
7724
7731
7738
7747
7781
7803
7811
7815
7826
7846
7881
7898
7947
7956
7972
7000
7069
7173
7174
7217
7231
7266
7434
7441
7470
7486
7509
7603
7651
7718
7723
7738
7747
7811
7815
7826
7898
7947
7956
8006
8024
8051
8063
8067
8070
8104
8115
8121
8128
8133
8147
8153
8160
8162
8180
8216
8239
8276
8315
8358
8360
8362
8369
8371
8373
8377
8400
8417
8449
8452
8454
8496
8508
8516
8517
8548
8562
8597
8599
8612
8665
8698
8700
8701
8719
8726
8740
8743
8815
8819
8829
8833
8834
8836
8842
8849
8859
8860
8868
8874
8900
8921
8924
8930
8933
8948
8960
8978
8979
8994
8997
8070
8104
8160
8180
8239
8360
8362
8548
8599
8665
8701
8740
8833
8842
8860
8868
8924
8006
8024
8070
8104
8128
8133
8147
8160
8162
8180
8239
8276
8358
8360
8362
8377
8400
8417
8449
8508
8548
8562
8599
8665
8698
8700
8701
8719
8726
8740
8815
8819
8829
8833
8842
8859
8860
8868
8874
8900
8921
8924
8930
8933
8948
8960
8978
8979
8994
8070
8104
8160
8180
8239
8276
8360
8362
8548
8599
8665
8701
8719
8726
8740
8833
8842
8860
8868
8874
8921
8924
8948
9058
9113
9122
9125
9150
9158
9177
9188
9220
9230
9257
9265
9266
9276
9287
9292
9293
9306
9311
9313
9335
9338
9339
9342
9352
9357
9370
9392
9408
9411
9424
9457
9478
9481
9483
9488
9490
9493
9505
9507
9508
9543
9565
9574
9590
9593
9621
9622
9648
9671
9691
9743
9753
9781
9782
9793
9795
9805
9808
9816
9817
9849
9856
9904
9905
9934
9949
9978
9987
9158
9230
9276
9287
9338
9424
9507
9543
9805
9816
9817
9849
9856
9905
9934
9158
9230
9276
9287
9292
9306
9311
9338
9352
9392
9424
9493
9505
9507
9543
9565
9574
9593
9648
9793
9805
9816
9817
9849
9856
9905
9934
9978
9292
9306
9311
9352
9392
9493
9505
9565
9574
9593
9648
9793
9978
10026
10045
10062
10072
10073
10074
10078
10079
10084
10102
10103
10116
10145
10163
10164
10165
10177
10192
10196
10197
10201
10204
10211
10219
10247
10261
10274
10287
10291
10302
10311
10322
10325
10331
10418
10420
10434
10436
10437
10439
10440
10447
10448
10470
10478
10492
10496
10527
10537
10545
10552
10558
10609
10645
10660
10709
10743
10752
10771
10777
10778
10789
10800
10802
10818
10827
10830
10857
10865
10866
10899
10902
10912
10917
10940
10942
10947
10954
10972
10026
10074
10084
10103
10163
10219
10247
10261
10287
10311
10331
10434
10439
10552
10645
10660
10709
10743
10752
10778
10800
10827
10857
10866
10899
10902
10912
10940
10163
10219
10261
10287
10311
10331
10434
10645
10709
10752
10827
10899
10902
10912
10940
11005
11013
11028
11038
11060
11083
11091
11101
11143
11145
11156
11158
11160
11163
11205
11208
11209
11238
11293
11302
11305
11335
11342
11367
11371
11382
11413
11428
11434
11465
11490
11511
11525
11564
11591
11622
11626
11653
11684
11706
11720
11721
11724
11730
11745
11784
11792
11805
11809
11814
11848
11866
11897
11904
11908
11925
11927
11943
11945
11996
11005
11013
11028
11083
11091
11101
11143
11145
11156
11158
11160
11205
11208
11238
11293
11302
11305
11335
11342
11367
11413
11428
11434
11465
11490
11511
11591
11622
11653
11684
11706
11724
11730
11784
11792
11809
11814
11848
11897
11904
11908
11925
11927
11945
11996
11091
11156
11238
11293
11434
11465
11490
11622
11706
11730
11945
11996
11005
11028
11091
11156
11160
11238
11293
11302
11305
11367
11434
11465
11490
11591
11622
11653
11706
11730
11784
11809
11904
11908
11925
11927
11945
11996
12009
12027
12071
12072
12089
12093
12097
12099
12100
12104
12132
12142
12143
12145
12233
12259
12276
12280
12291
12307
12308
12313
12316
12317
12319
12330
12332
12339
12428
12433
12434
12439
12452
12453
12523
12548
12585
12631
12632
12633
12720
12733
12741
12796
12797
12807
12811
12827
12832
12834
12840
12858
12903
12904
12905
12916
12920
12924
12940
12953
12967
12977
12987
12027
12072
12097
12099
12132
12142
12313
12330
12339
12428
12433
12439
12453
12585
12633
12741
12807
12827
12832
12840
12920
12967
12009
12071
12089
12093
12100
12104
12143
12145
12233
12259
12276
12280
12291
12307
12308
12316
12317
12319
12332
12434
12452
12523
12548
12631
12632
12720
12733
12796
12797
12811
12834
12858
12903
12904
12905
12916
12924
12940
12953
12977
12987
12009
12071
12093
12100
12143
12548
12631
12632
12733
12796
12797
12858
12977
12987
13065
13072
13087
13093
13094
13114
13126
13147
13152
13153
13161
13163
13170
13176
13182
13189
13192
13208
13221
13226
13240
13255
13258
13305
13306
13310
13339
13375
13379
13381
13387
13395
13407
13429
13452
13471
13478
13537
13540
13557
13560
13573
13581
13588
13591
13598
13606
13631
13643
13647
13648
13662
13669
13681
13691
13711
13724
13747
13748
13769
13802
13811
13831
13833
13878
13879
13882
13897
13928
13992
13996
13997
13126
13163
13226
13305
13375
13537
13560
13573
13588
13643
13648
13669
13748
13769
13996
13087
13093
13094
13126
13152
13163
13176
13182
13192
13226
13255
13258
13305
13306
13310
13339
13375
13379
13407
13429
13452
13471
13478
13537
13557
13560
13573
13588
13598
13606
13643
13647
13648
13662
13669
13681
13691
13724
13748
13769
13811
13831
13878
13897
13928
13996
13094
13126
13163
13176
13226
13305
13375
13379
13429
13537
13560
13573
13588
13598
13643
13647
13648
13669
13691
13724
13748
13769
13831
13996
14007
14017
14031
14038
14042
14044
14046
14047
14062
14077
14102
14112
14132
14136
14175
14177
14184
14187
14219
14245
14253
14255
14269
14280
14309
14314
14331
14388
14395
14422
14424
14431
14444
14455
14492
14493
14516
14527
14561
14564
14569
14592
14671
14680
14688
14703
14704
14715
14724
14725
14732
14744
14751
14843
14848
14884
14886
14908
14924
14926
14945
14949
14953
14956
14975
14990
14992
14998
14007
14038
14062
14253
14388
14444
14455
14725
14732
14848
14924
14949
14992
14007
14017
14031
14038
14042
14046
14062
14102
14112
14136
14175
14177
14245
14253
14269
14280
14314
14331
14388
14395
14424
14431
14444
14455
14492
14493
14516
14527
14561
14564
14569
14671
14680
14688
14704
14724
14725
14732
14744
14751
14848
14884
14886
14908
14924
14945
14949
14953
14975
14990
14992
14998
14007
14017
14038
14046
14062
14175
14253
14269
14388
14424
14444
14455
14561
14680
14688
14724
14725
14732
14751
14848
14908
14924
14945
14949
14953
14992
14998
15073
15099
15119
15134
15152
15160
15187
15195
15212
15229
15233
15270
15292
15309
15321
15350
15363
15364
15386
15391
15408
15458
15492
15508
15546
15556
15558
15561
15563
15568
15570
15590
15619
15644
15677
15685
15690
15694
15698
15700
15734
15759
15793
15805
15823
15911
15914
15990
15073
15099
15119
15152
15160
15187
15229
15233
15321
15350
15391
15508
15546
15556
15563
15568
15570
15590
15685
15694
15698
15734
15759
15793
15911
15990
15073
15099
15119
15160
15187
15229
15233
15321
15350
15391
15508
15546
15556
15563
15568
15685
15694
15698
15734
15759
15793
15911
15990
16000
16036
16053
16142
16153
16162
16231
16257
16318
16444
16463
16489
16536
16595
16704
16815
16892
16917
16942
16000
16014
16036
16052
16053
16092
16142
16149
16152
16153
16162
16177
16185
16190
16196
16228
16231
16257
16288
16296
16318
16320
16341
16367
16377
16405
16438
16441
16444
16448
16463
16489
16520
16521
16536
16578
16588
16595
16600
16624
16660
16663
16678
16689
16702
16704
16736
16737
16772
16777
16799
16807
16810
16815
16886
16892
16897
16899
16917
16926
16933
16942
16956
16958
16964
16981
16982
16988
16014
16092
16196
16288
16296
16320
16377
16405
16438
16441
16448
16521
16600
16689
16736
16737
16772
16777
16799
16807
16886
16897
16926
16964
16981
16982
16988
17012
17027
17035
17136
17284
17331
17356
17468
17591
17670
17741
17852
17886
17074
17102
17162
17178
17187
17210
17231
17263
17264
17265
17279
17286
17371
17376
17432
17441
17503
17506
17598
17617
17701
17746
17758
17832
17833
17841
17856
17972
17977
17007
17012
17027
17035
17074
17102
17136
17152
17157
17162
17178
17187
17210
17218
17231
17232
17263
17264
17265
17272
17275
17279
17284
17286
17331
17342
17356
17371
17376
17392
17395
17421
17432
17436
17441
17468
17503
17506
17591
17598
17617
17620
17635
17670
17701
17727
17741
17746
17758
17786
17832
17833
17841
17852
17856
17881
17886
17906
17934
17972
17977
17982
17007
17012
17027
17035
17136
17152
17157
17218
17232
17272
17275
17284
17331
17342
17356
17392
17395
17421
17436
17468
17591
17620
17635
17670
17727
17741
17786
17852
17881
17886
17906
17934
17982
17007
17012
17027
17035
17136
17152
17157
17232
17284
17331
17342
17356
17468
17591
17620
17635
17670
17741
17786
17852
17881
17886
17934
18017
18030
18052
18086
18182
18191
18193
18215
18265
18287
18288
18289
18307
18318
18343
18350
18390
18394
18416
18423
18443
18487
18503
18516
18517
18524
18533
18568
18579
18636
18639
18651
18673
18693
18731
18737
18781
18786
18801
18802
18808
18813
18838
18874
18876
18886
18890
18925
18949
18958
18965
18999
18052
18086
18191
18215
18287
18288
18289
18307
18350
18423
18443
18503
18516
18524
18579
18636
18639
18731
18781
18801
18802
18874
18876
18925
18965
19012
19026
19060
19077
19097
19114
19132
19146
19151
19170
19190
19209
19224
19227
19232
19241
19254
19255
19272
19277
19308
19310
19311
19321
19344
19387
19403
19435
19461
19479
19485
19531
19545
19547
19559
19580
19606
19633
19642
19658
19659
19674
19675
19701
19738
19767
19774
19782
19784
19804
19808
19812
19827
19847
19855
19933
19952
19960
19967
19970
19985
19999
19026
19077
19132
19170
19227
19232
19241
19255
19311
19344
19435
19461
19485
19545
19559
19580
19642
19659
19674
19675
19701
19738
19767
19784
19812
19827
19855
19952
19985
19077
19132
19170
19227
19232
19311
19659
19674
19701
19784
19827
19952
20014
20033
20069
20083
20115
20121
20147
20164
20172
20185
20229
20234
20241
20266
20269
20282
20290
20315
20320
20327
20349
20362
20372
20392
20394
20420
20457
20483
20494
20508
20519
20522
20530
20562
20582
20595
20603
20604
20609
20635
20652
20660
20678
20687
20719
20731
20743
20749
20752
20754
20783
20812
20820
20844
20857
20882
20885
20889
20906
20914
20920
20953
20971
20974
20995
20033
20172
20234
20241
20290
20315
20372
20392
20483
20494
20519
20582
20595
20604
20660
20687
20731
20743
20752
20754
20783
20812
20820
20844
20882
20889
20906
21095
21188
21222
21241
21256
21427
21442
21463
21538
21741
21774
21838
21040
21054
21081
21082
21095
21112
21117
21125
21126
21178
21179
21185
21188
21192
21198
21206
21214
21222
21226
21229
21235
21241
21243
21247
21256
21299
21309
21310
21315
21322
21336
21401
21416
21427
21442
21460
21462
21463
21488
21500
21526
21538
21540
21547
21573
21580
21588
21590
21609
21626
21686
21688
21715
21721
21741
21746
21753
21770
21774
21789
21838
21846
21862
21883
21896
21935
21950
21040
21054
21112
21178
21179
21214
21235
21243
21247
21309
21315
21322
21462
21526
21540
21573
21588
21686
21688
21746
21753
21770
21789
21862
21081
21082
21095
21117
21125
21126
21185
21188
21192
21198
21206
21222
21226
21229
21241
21256
21299
21310
21336
21401
21416
21427
21442
21460
21463
21488
21500
21538
21547
21580
21590
21609
21626
21715
21721
21741
21774
21838
21846
21883
21896
21935
21950
21095
21125
21185
21188
21198
21222
21241
21256
21310
21336
21416
21427
21442
21463
21488
21538
21590
21741
21774
21838
21950
22011
22012
22026
22067
22105
22110
22119
22132
22137
22138
22147
22174
22180
22188
22231
22246
22260
22308
22310
22353
22356
22363
22365
22373
22375
22378
22397
22439
22441
22453
22460
22461
22506
22507
22510
22523
22544
22553
22559
22567
22579
22607
22612
22646
22665
22674
22693
22707
22710
22718
22721
22739
22760
22763
22765
22859
22908
22963
22011
22012
22026
22067
22110
22132
22138
22174
22188
22231
22246
22308
22363
22365
22373
22378
22397
22439
22441
22453
22460
22461
22510
22523
22553
22559
22579
22607
22646
22665
22693
22710
22718
22721
22763
22765
22908
22963
22067
22365
22397
22453
22460
22510
22559
22607
22646
22693
22718
22963
22011
22012
22026
22110
22132
22138
22174
22188
22231
22246
22308
22363
22373
22378
22439
22441
22461
22523
22553
22579
22665
22710
22721
22763
22765
22908
23025
23059
23070
23110
23118
23122
23124
23142
23155
23157
23181
23182
23186
23189
23217
23223
23278
23297
23314
23319
23335
23385
23455
23466
23475
23478
23519
23525
23537
23603
23616
23628
23657
23683
23706
23720
23728
23741
23743
23744
23758
23792
23814
23815
23819
23832
23865
23885
23888
23902
23918
23926
23936
23938
23952
23966
23999
23025
23118
23124
23157
23181
23186
23189
23217
23335
23385
23478
23519
23537
23603
23616
23628
23657
23706
23728
23743
23744
23792
23814
23815
23819
23865
23885
23888
23902
23926
23938
23952
23966
23999
23059
23070
23110
23122
23142
23155
23182
23223
23278
23297
23314
23319
23455
23466
23475
23525
23683
23720
23741
23758
23832
23918
23936
24065
24239
24264
24277
24306
24385
24392
24441
24450
24452
24546
24625
24661
24688
24805
24884
24946
24974
24986
24030
24061
24064
24065
24075
24083
24091
24103
24110
24134
24138
24143
24146
24154
24239
24264
24277
24296
24297
24306
24319
24329
24337
24338
24363
24385
24392
24403
24405
24441
24448
24450
24452
24454
24466
24492
24494
24523
24546
24590
24625
24641
24661
24688
24693
24694
24702
24732
24735
24744
24753
24769
24780
24798
24805
24826
24833
24839
24867
24884
24937
24946
24968
24974
24975
24981
24986
24991
24061
24103
24143
24297
24319
24329
24454
24466
24694
24702
24753
24798
24867
24981
24030
24061
24064
24065
24103
24143
24239
24264
24277
24297
24306
24319
24329
24385
24392
24441
24448
24450
24452
24454
24466
24492
24546
24590
24625
24661
24688
24694
24702
24753
24798
24805
24826
24867
24884
24946
24974
24981
24986
24030
24064
24065
24239
24264
24277
24306
24385
24392
24441
24448
24450
24452
24492
24546
24590
24625
24661
24688
24805
24826
24884
24946
24974
24986
25000
25004
25008
25016
25018
25033
25037
25054
25055
25056
25074
25139
25165
25176
25180
25202
25232
25253
25273
25283
25296
25308
25324
25326
25343
25351
25363
25365
25368
25376
25392
25410
25412
25417
25429
25431
25439
25451
25458
25459
25464
25468
25480
25490
25510
25516
25524
25539
25554
25560
25561
25617
25618
25619
25628
25630
25633
25649
25659
25667
25670
25698
25713
25760
25815
25822
25853
25879
25890
25907
25926
25929
25936
25960
25963
25993
25994
25004
25008
25016
25033
25253
25351
25392
25410
25431
25451
25510
25516
25560
25667
25879
25926
25929
25994
25004
25008
25016
25033
25074
25253
25296
25351
25368
25376
25392
25410
25412
25431
25451
25464
25510
25516
25560
25561
25630
25667
25822
25879
25926
25929
25936
25994
26001
26008
26014
26029
26032
26034
26041
26057
26065
26078
26090
26098
26107
26135
26158
26172
26177
26212
26229
26239
26267
26271
26292
26301
26319
26334
26350
26373
26384
26396
26407
26412
26413
26417
26422
26455
26475
26478
26487
26489
26520
26522
26523
26524
26528
26532
26534
26547
26554
26563
26570
26643
26647
26653
26655
26670
26686
26689
26699
26703
26708
26734
26771
26779
26783
26786
26788
26801
26814
26819
26849
26859
26895
26909
26920
26921
26941
26983
26988
26993
26008
26034
26057
26065
26090
26107
26135
26177
26229
26267
26271
26292
26301
26373
26407
26422
26455
26475
26487
26489
26570
26647
26655
26670
26699
26703
26708
26734
26779
26783
26786
26814
26819
26849
26983
26988
26008
26014
26029
26032
26034
26041
26057
26065
26078
26090
26098
26107
26135
26158
26177
26229
26239
26267
26271
26292
26301
26319
26334
26373
26384
26407
26412
26422
26455
26475
26478
26487
26489
26522
26528
26534
26547
26563
26570
26643
26647
26655
26670
26699
26703
26708
26734
26771
26779
26783
26786
26788
26801
26814
26819
26849
26920
26941
26983
26988
26993
26014
26029
26032
26041
26078
26098
26158
26239
26319
26334
26384
26412
26478
26522
26528
26534
26547
26563
26643
26771
26788
26801
26920
26941
26993
26041
26078
26098
26158
26334
26384
26412
26522
26528
26534
26547
26643
26771
26788
26801
26920
26941
27016
27037
27038
27043
27059
27075
27078
27080
27108
27142
27154
27156
27161
27183
27246
27278
27295
27327
27343
27353
27357
27361
27365
27380
27384
27388
27395
27414
27421
27445
27492
27497
27504
27511
27519
27541
27583
27606
27608
27655
27667
27668
27669
27674
27697
27723
27728
27755
27771
27810
27840
27850
27879
27888
27896
27903
27931
27941
27976
27989
27991
27016
27043
27059
27075
27078
27080
27108
27142
27183
27295
27343
27353
27357
27361
27380
27395
27414
27421
27445
27497
27504
27541
27606
27608
27655
27667
27668
27674
27697
27723
27728
27755
27810
27840
27850
27879
27888
27896
27931
27941
27976
27989
27991
27059
27075
27295
27353
27357
27380
27421
27445
27504
27608
27655
27668
27674
27723
27755
27810
27840
27879
27016
27043
27078
27080
27108
27142
27183
27343
27361
27395
27414
27497
27541
27606
27667
27697
27728
27850
27888
27896
27931
27941
27976
27989
27991
28054
28057
28191
28200
28223
28273
28321
28452
28535
28609
28632
28648
28669
28685
28698
28700
28722
28741
28785
28819
28832
28847
28907
28926
28991
28078
28139
28202
28276
28337
28381
28448
28519
28536
28622
28687
28702
28743
28780
28781
28825
28850
28861
28928
28956
28003
28054
28057
28122
28157
28185
28191
28200
28223
28273
28283
28308
28321
28452
28475
28481
28484
28530
28535
28558
28598
28609
28610
28632
28648
28650
28669
28685
28698
28700
28722
28741
28785
28794
28819
28832
28844
28847
28855
28907
28926
28991
28003
28054
28057
28078
28122
28139
28157
28185
28191
28200
28202
28223
28273
28276
28283
28308
28321
28337
28381
28448
28452
28475
28481
28484
28519
28530
28535
28536
28558
28598
28609
28610
28622
28632
28648
28650
28669
28685
28687
28698
28700
28702
28722
28741
28743
28780
28781
28785
28794
28819
28825
28832
28844
28847
28850
28855
28861
28907
28926
28928
28956
28991
28003
28122
28157
28185
28283
28308
28475
28481
28484
28530
28558
28598
28610
28650
28794
28844
28855
29006
29026
29031
29078
29087
29109
29112
29113
29118
29122
29142
29166
29188
29203
29205
29219
29220
29223
29239
29253
29265
29274
29276
29279
29326
29340
29354
29367
29375
29379
29413
29428
29495
29498
29504
29539
29574
29585
29593
29659
29662
29667
29671
29680
29683
29692
29707
29712
29757
29787
29795
29800
29809
29823
29824
29832
29864
29865
29876
29885
29908
29933
29939
29959
29006
29031
29078
29087
29113
29118
29166
29188
29219
29276
29279
29326
29340
29367
29375
29495
29504
29574
29659
29662
29667
29671
29692
29712
29787
29800
29809
29832
29864
29876
29885
29908
29959
29078
29087
29113
29166
29188
29276
29326
29495
29659
29667
29692
29787
29800
29864
29876
29908
29006
29031
29118
29219
29279
29340
29367
29375
29504
29574
29662
29671
29712
29809
29832
29885
29959
30033
30038
30047
30048
30051
30070
30074
30107
30135
30139
30148
30171
30181
30196
30222
30241
30268
30281
30318
30330
30336
30338
30348
30352
30353
30362
30410
30445
30451
30454
30481
30498
30543
30653
30676
30720
30729
30790
30827
30837
30848
30866
30876
30926
30966
30989
30993
30070
30074
30139
30148
30222
30330
30338
30348
30362
30410
30445
30481
30498
30676
30720
30729
30837
30876
30926
30966
30047
30048
30070
30074
30107
30135
30139
30148
30171
30181
30196
30222
30268
30281
30330
30338
30348
30352
30362
30410
30445
30451
30454
30481
30498
30543
30653
30676
30720
30729
30790
30827
30837
30866
30876
30926
30966
30993
30047
30048
30107
30135
30171
30181
30196
30268
30281
30352
30451
30454
30543
30653
30790
30827
30866
30993
31002
31003
31008
31009
31036
31053
31056
31058
31070
31071
31073
31077
31096
31098
31102
31105
31126
31128
31141
31153
31181
31184
31191
31197
31211
31273
31301
31303
31309
31310
31335
31342
31343
31356
31362
31363
31375
31377
31383
31385
31386
31410
31437
31439
31456
31462
31476
31490
31518
31529
31563
31580
31589
31591
31596
31620
31640
31662
31678
31706
31711
31758
31787
31792
31793
31808
31862
31866
31870
31880
31887
31909
31927
31931
31948
31973
31999
31003
31009
31056
31058
31070
31071
31073
31077
31102
31153
31184
31197
31273
31309
31310
31335
31342
31356
31362
31385
31386
31410
31439
31462
31518
31620
31706
31787
31792
31793
31866
31880
31927
31931
31948
31003
31058
31070
31077
31153
31273
31310
31342
31356
31385
31787
31866
31880
31927
32182
32207
32380
32619
32686
32725
32728
32741
32773
32879
32999
32058
32179
32182
32207
32236
32255
32361
32380
32381
32396
32403
32566
32619
32686
32703
32704
32725
32728
32741
32773
32835
32837
32879
32901
32978
32999
32058
32140
32156
32179
32182
32189
32204
32207
32213
32221
32236
32245
32255
32306
32323
32327
32329
32345
32361
32369
32380
32381
32396
32403
32409
32412
32423
32424
32426
32489
32492
32495
32516
32522
32566
32574
32597
32619
32622
32640
32664
32686
32702
32703
32704
32725
32728
32741
32755
32772
32773
32812
32821
32835
32837
32879
32880
32883
32884
32901
32931
32977
32978
32979
32999
32058
32179
32182
32207
32255
32361
32380
32381
32396
32619
32686
32703
32704
32725
32728
32741
32773
32835
32837
32879
32901
32978
32999
33003
33005
33024
33037
33044
33055
33058
33068
33129
33132
33137
33145
33192
33205
33212
33247
33259
33282
33284
33295
33301
33359
33371
33421
33423
33439
33445
33451
33453
33472
33474
33476
33484
33496
33530
33533
33542
33605
33606
33617
33642
33650
33656
33657
33660
33666
33678
33679
33716
33729
33745
33751
33766
33783
33796
33807
33819
33828
33829
33837
33840
33860
33940
33949
33970
33975
33980
33996
33003
33037
33044
33055
33058
33132
33137
33145
33192
33282
33284
33295
33301
33359
33421
33423
33439
33472
33474
33476
33484
33530
33533
33542
33605
33606
33642
33656
33660
33678
33679
33729
33745
33751
33819
33828
33837
33940
33949
33996
33037
33044
33058
33192
33472
33533
33605
33606
33642
33679
33751
33837
33940
33996
34028
34033
34042
34049
34051
34069
34072
34080
34097
34116
34137
34145
34149
34173
34189
34195
34243
34275
34283
34290
34303
34305
34319
34364
34374
34380
34398
34403
34415
34424
34442
34444
34445
34449
34477
34479
34524
34532
34537
34549
34614
34616
34635
34645
34663
34664
34688
34701
34714
34756
34759
34760
34771
34785
34787
34791
34794
34795
34838
34853
34855
34856
34859
34881
34893
34896
34937
34955
34956
34028
34049
34051
34080
34116
34145
34173
34189
34195
34275
34305
34319
34364
34380
34424
34442
34444
34449
34477
34537
34549
34616
34645
34663
34688
34714
34759
34760
34771
34785
34787
34791
34855
34856
34955
34049
34051
34116
34189
34275
34319
34442
34449
34537
34549
34663
34688
34759
34785
34791
