Finalized group 13.txt
123
177
254
314
322
367
419
434
536
574
766
929
992
110
123
177
254
314
322
367
394
419
434
482
506
536
574
578
644
766
865
929
992
1051
1073
1170
1304
1453
1514
1531
1534
1541
1644
1646
1651
1702
1714
1814
1859
1869
1900
1944
1958
2041
2057
2123
2150
2371
2406
2594
2662
2670
2682
2756
2816
2926
2041
2057
2123
2150
2253
2275
2367
2371
2375
2406
2594
2662
2667
2670
2682
2756
2816
2926
2041
2057
2072
2123
2150
2253
2258
2275
2357
2367
2371
2375
2376
2386
2406
2483
2485
2594
2645
2651
2662
2667
2670
2682
2756
2816
2920
2926
3026
3097
3141
3197
3221
3242
3427
3450
3537
3574
3622
3654
3659
3672
3827
3855
3896
3987
4131
4141
4170
4183
4196
4222
4223
4353
4367
4416
4429
4443
4461
4535
4574
4657
4694
4733
4745
4931
4973
4131
4141
4196
4223
4353
4367
4429
4443
4694
4733
4973
5138
5173
5225
5280
5332
5344
5380
5529
5588
5594
5822
5850
5917
5939
5984
6047
6074
6076
6082
6170
6188
6189
6198
6348
6350
6420
6451
6523
6617
6667
6753
6759
6836
6856
6888
6905
6937
6990
6047
6074
6076
6082
6170
6188
6348
6420
6523
6759
6836
6856
6888
6905
6937
7008
7020
7058
7180
7238
7271
7358
7387
7389
7411
7455
7469
7495
7525
7559
7575
7708
7722
7773
7805
7816
7855
7884
7960
7965
8209
8302
8447
8515
8526
8542
8602
8741
8767
8801
8915
8975
8985
9017
9149
9165
9167
9231
9243
9249
9368
9476
9513
9614
9679
9900
9966
9968
10009
10047
10111
10161
10212
10245
10369
10386
10476
10571
10592
10724
10729
10742
10836
10993
11055
11191
11192
11203
11304
11308
11333
11346
11352
11366
11426
11459
11496
11535
11539
11575
11656
11659
11667
11695
11747
11763
11789
11825
11832
11983
11997
11191
11192
11308
11333
11346
11366
11426
11496
11535
11539
11575
11695
11832
11983
11997
12038
12131
12137
12168
12374
12421
12426
12429
12472
12492
12500
12626
12833
12853
12918
13042
13048
13062
13070
13133
13138
13169
13184
13265
13285
13298
13350
13356
13462
13493
13578
13656
13683
13696
13709
13772
13776
13822
13841
13898
13967
13042
13048
13133
13184
13265
13356
13493
13696
13776
13822
13967
14015
14029
14050
14095
14119
14186
14195
14228
14233
14270
14288
14406
14409
14435
14464
14510
14583
14641
14645
14692
14702
14778
14801
14835
14836
14015
14029
14095
14195
14233
14288
14409
14435
14464
14583
14645
14702
14801
14835
14836
15031
15140
15145
15171
15226
15295
15299
15353
15380
15432
15459
15502
15511
15532
15574
15818
15825
15826
15869
15928
16041
16042
16101
16173
16324
16431
16486
16501
16564
16673
16739
16798
16809
16849
16893
16907
16945
17224
17332
17399
17495
17715
17748
17752
17782
17915
17951
17954
18000
18062
18082
18090
18094
18192
18293
18297
18308
18364
18379
18444
18474
18488
18573
18836
18841
18859
18927
18936
18980
19129
19148
19160
19165
19191
19200
19249
19273
19283
19299
19304
19337
19442
19483
19515
19590
19591
19593
19670
19671
19703
19723
19724
19765
19793
19802
19856
19966
19996
20027
20042
20100
20175
20242
20271
20413
20416
20461
20558
20620
20642
20649
20666
20784
20808
20890
20997
21032
21055
21062
21077
21121
21189
21271
21376
21380
21382
21402
21508
21614
21701
21747
21802
22065
22092
22107
22177
22403
22429
22512
22525
22698
22723
22745
22788
22820
22827
23115
23194
23198
23323
23358
23448
23479
23491
23541
23579
23583
23636
23679
23797
23862
23892
23994
24047
24054
24060
24206
24210
24217
24258
24286
24316
24399
24484
24594
24630
24719
24743
24902
24909
24980
25086
25111
25146
25150
25214
25229
25248
25258
25290
25330
25385
25418
25430
25448
25504
25582
25632
25684
25785
25829
25856
25866
25870
25921
27069
27081
27151
27157
27237
27265
27309
27322
27346
27381
27514
27598
27659
27708
27716
27738
27831
27857
27859
27918
27938
27958
27069
27081
27151
27309
27322
27346
27598
27708
27716
27738
27857
27859
27938
28007
28056
28115
28299
28306
28320
28371
28436
28513
28544
28552
28581
28711
28795
28834
28837
28891
28892
28997
28007
28115
28306
28320
28371
28436
28513
28552
28711
28795
28891
28997
29010
29012
29123
29162
29175
29282
29453
29549
29580
29605
29622
29697
29994
30140
30183
30189
30215
30247
30322
30350
30355
30395
30440
30511
30523
30548
30635
30645
30649
30686
30687
30713
30770
30795
30891
30933
30940
30986
30215
30247
30322
30395
30511
30649
30686
30687
30770
30933
30940
30986
30183
30189
30215
30247
30322
30395
30440
30511
30523
30649
30686
30687
30713
30770
30933
30940
30986
31011
31031
31061
31155
31189
31202
31210
31246
31373
31408
31413
31455
31534
31571
31610
31654
31689
31691
31761
31824
31875
31888
31940
31970
31971
31011
31031
31210
31246
31373
31610
31689
31691
31824
31875
31940
31970
32011
32180
32193
32273
32318
32342
32372
32375
32394
32417
32456
32458
32499
32607
32705
32732
32764
32969
33050
33120
33121
33138
33160
33206
33307
33320
33352
33490
33588
33681
33736
33747
33822
34044
34055
34157
34170
34185
34270
34356
34467
34478
34497
34515
34577
34642
34745
34754
34874
34953
34958
