Finalized group 2.txt
14
22
48
67
72
88
91
93
158
176
185
204
233
234
246
248
266
295
299
300
331
334
336
352
368
404
437
447
464
466
531
567
569
599
613
652
680
693
702
783
813
818
906
974
988
997
3
4
6
12
14
15
17
22
29
31
41
48
53
55
57
67
71
72
88
91
93
97
98
107
111
113
120
133
136
140
141
142
143
149
151
153
158
162
165
172
176
183
185
188
195
199
204
206
214
217
225
233
234
242
246
248
266
268
279
281
288
291
292
294
295
299
300
315
328
331
333
334
336
348
352
368
370
378
380
383
384
387
396
399
404
416
431
433
437
438
442
447
455
463
464
466
475
476
479
487
489
491
495
498
505
509
510
521
531
535
543
552
556
564
565
567
569
576
577
583
597
599
608
613
618
627
628
633
647
651
652
675
677
679
680
681
685
687
693
695
698
702
708
713
716
722
729
730
739
740
760
762
768
770
771
773
774
776
783
793
794
804
805
809
813
818
841
853
859
878
892
899
901
906
912
922
939
946
952
961
965
971
974
976
977
978
985
988
993
994
997
999
1009
1023
1038
1074
1076
1098
1107
1112
1115
1120
1131
1175
1177
1224
1233
1237
1239
1244
1250
1264
1273
1297
1298
1318
1324
1348
1365
1402
1403
1405
1407
1411
1429
1432
1435
1463
1474
1479
1484
1490
1500
1510
1513
1520
1525
1530
1549
1557
1559
1568
1591
1638
1645
1650
1656
1678
1686
1703
1715
1721
1726
1735
1782
1803
1804
1810
1823
1829
1836
1844
1850
1861
1890
1893
1894
1905
1956
1974
1979
1985
2004
2006
2023
2028
2049
2063
2068
2073
2075
2079
2097
2104
2116
2125
2141
2145
2151
2156
2159
2160
2167
2175
2186
2190
2193
2202
2204
2208
2212
2224
2233
2257
2263
2268
2271
2278
2282
2285
2291
2297
2298
2305
2306
2318
2334
2348
2365
2387
2388
2389
2395
2403
2419
2420
2429
2435
2446
2447
2462
2464
2466
2467
2487
2501
2509
2527
2529
2530
2545
2547
2565
2570
2578
2592
2601
2602
2628
2631
2644
2647
2655
2656
2658
2663
2669
2675
2685
2689
2692
2708
2723
2726
2727
2735
2745
2761
2767
2769
2773
2776
2803
2806
2809
2812
2814
2820
2822
2829
2831
2832
2840
2854
2857
2859
2863
2865
2867
2869
2871
2875
2877
2893
2894
2897
2900
2906
2913
2915
2928
2930
2942
2946
2950
2954
2959
2963
2965
2972
2975
2980
2982
2002
2010
2045
2048
2051
2108
2110
2117
2148
2189
2194
2199
2236
2238
2239
2248
2251
2288
2295
2326
2332
2390
2392
2414
2425
2473
2519
2526
2581
2597
2605
2612
2632
2659
2693
2701
2702
2713
2749
2753
2785
2798
2819
2842
2848
2860
2891
2892
2895
2914
2918
2925
2932
2941
2944
2948
2953
2974
2992
2049
2068
2073
2075
2097
2104
2116
2141
2145
2160
2175
2193
2202
2208
2233
2257
2263
2268
2271
2278
2285
2291
2297
2305
2334
2387
2403
2419
2420
2429
2446
2447
2462
2464
2466
2501
2509
2527
2530
2547
2570
2578
2592
2602
2628
2655
2656
2663
2669
2675
2689
2692
2708
2745
2761
2767
2769
2773
2776
2806
2809
2814
2829
2840
2854
2859
2867
2871
2877
2894
2897
2900
2906
2942
2954
2959
2963
2965
2972
2975
2982
2073
2075
2097
2116
2141
2193
2202
2208
2233
2257
2268
2285
2291
2297
2419
2429
2447
2462
2509
2527
2547
2570
2578
2602
2663
2669
2675
2689
2761
2769
2809
2867
2897
2900
2959
2965
2972
2982
3020
3027
3049
3059
3080
3114
3118
3124
3134
3135
3137
3151
3152
3153
3194
3196
3199
3273
3297
3298
3313
3373
3377
3399
3406
3417
3420
3442
3465
3471
3477
3482
3494
3504
3536
3559
3567
3568
3571
3578
3631
3647
3712
3717
3724
3725
3750
3767
3770
3796
3814
3832
3851
3860
3874
3885
3891
3908
3921
3938
3956
3957
3962
3975
3976
3071
3076
3081
3084
3112
3144
3156
3171
3190
3223
3323
3332
3338
3353
3354
3355
3386
3398
3403
3451
3493
3499
3518
3530
3595
3599
3626
3661
3667
3690
3693
3709
3720
3778
3780
3812
3844
3858
3888
3898
3926
3935
3940
3941
3974
3993
3996
3997
3998
5021
5049
5088
5100
5139
5172
5199
5250
5291
5308
5334
5386
5389
5438
5453
5487
5516
5551
5552
5556
5557
5579
5583
5612
5634
5666
5730
5764
5848
5871
5874
5938
5006
5022
5050
5071
5073
5075
5098
5106
5107
5109
5114
5117
5151
5166
5198
5201
5228
5229
5236
5241
5246
5247
5271
5288
5299
5305
5319
5325
5379
5393
5394
5399
5400
5409
5446
5448
5459
5465
5473
5477
5492
5504
5550
5562
5566
5568
5584
5597
5606
5607
5626
5659
5678
5685
5691
5710
5715
5722
5738
5754
5761
5769
5772
5782
5798
5809
5815
5818
5827
5833
5840
5856
5864
5879
5899
5918
5925
5930
5945
5950
5022
5075
5098
5106
5107
5114
5151
5246
5247
5271
5288
5299
5319
5379
5393
5394
5399
5448
5459
5465
5477
5504
5550
5562
5568
5584
5597
5607
5659
5678
5685
5691
5715
5722
5738
5754
5769
5798
5827
5833
5840
5864
5879
5899
5930
5945
5950
5001
5006
5018
5021
5022
5024
5031
5049
5050
5055
5071
5073
5075
5088
5089
5098
5100
5106
5107
5109
5114
5117
5123
5139
5151
5160
5166
5172
5179
5188
5198
5199
5201
5218
5222
5227
5228
5229
5233
5236
5241
5246
5247
5250
5257
5271
5288
5291
5299
5305
5308
5319
5325
5334
5343
5358
5370
5379
5386
5389
5393
5394
5397
5399
5400
5404
5408
5409
5438
5444
5446
5448
5453
5459
5465
5473
5477
5487
5492
5504
5516
5526
5550
5551
5552
5556
5557
5562
5566
5568
5573
5579
5582
5583
5584
5597
5598
5606
5607
5612
5626
5634
5659
5666
5668
5671
5678
5680
5681
5685
5691
5710
5715
5722
5723
5725
5730
5738
5740
5754
5758
5761
5764
5769
5772
5781
5782
5787
5789
5793
5798
5805
5809
5815
5818
5821
5827
5833
5834
5840
5848
5856
5858
5864
5871
5874
5879
5899
5912
5918
5925
5930
5938
5945
5950
5951
7006
7007
7010
7013
7017
7018
7028
7030
7034
7042
7044
7048
7051
7067
7071
7073
7076
7082
7083
7084
7085
7086
7088
7093
7098
7108
7111
7113
7115
7116
7125
7126
7131
7132
7133
7136
7143
7146
7151
7152
7153
7163
7164
7166
7167
7169
7172
7176
7179
7188
7191
7192
7194
7195
7198
7199
7200
7201
7203
7205
7208
7214
7223
7226
7228
7232
7234
7235
7237
7241
7244
7245
7247
7248
7259
7263
7269
7270
7277
7281
7282
7287
7288
7289
7295
7299
7303
7305
7307
7308
7309
7317
7318
7320
7325
7330
7336
7338
7350
7352
7356
7359
7365
7368
7384
7385
7388
7392
7395
7398
7400
7409
7412
7414
7423
7426
7428
7437
7444
7446
7448
7449
7451
7459
7460
7461
7463
7464
7468
7477
7480
7489
7497
7498
7500
7501
7503
7506
7507
7512
7515
7517
7533
7538
7540
7547
7549
7550
7555
7556
7561
7565
7573
7578
7580
7581
7582
7585
7591
7594
7597
7602
7606
7607
7611
7615
7620
7623
7628
7632
7642
7646
7647
7650
7652
7661
7665
7666
7671
7677
7679
7682
7686
7691
7695
7700
7703
7712
7713
7717
7728
7730
7732
7737
7739
7748
7750
7751
7758
7760
7762
7766
7772
7774
7779
7784
7786
7789
7790
7792
7793
7794
7796
7799
7809
7810
7817
7821
7823
7824
7832
7836
7841
7845
7849
7853
7858
7860
7865
7869
7878
7880
7896
7897
7900
7904
7911
7913
7914
7916
7917
7918
7926
7928
7930
7933
7934
7939
7941
7945
7946
7949
7951
7958
7959
7962
7967
7973
7974
7978
7981
7988
7990
7993
7996
7999
7034
7093
7115
7152
7164
7179
7200
7201
7247
7248
7282
7299
7385
7392
7400
7449
7459
7464
7506
7582
7591
7597
7682
7737
7946
7951
7962
8000
8004
8009
8010
8021
8031
8062
8064
8084
8087
8096
8099
8105
8108
8123
8141
8142
8144
8149
8186
8188
8189
8198
8199
8201
8217
8221
8240
8277
8279
8291
8294
8313
8337
8345
8346
8350
8376
8378
8380
8389
8390
8394
8398
8403
8405
8406
8411
8413
8422
8425
8445
8468
8502
8513
8533
8540
8554
8581
8595
8603
8606
8611
8614
8645
8669
8683
8685
8691
8715
8717
8722
8728
8742
8746
8764
8772
8795
8799
8800
8839
8847
8853
8903
8909
8914
8919
8947
8964
8991
8995
10000
10005
10010
10021
10022
10029
10032
10037
10040
10050
10052
10053
10054
10056
10060
10061
10069
10081
10083
10088
10091
10098
10099
10137
10144
10148
10153
10155
10158
10166
10173
10188
10191
10200
10202
10215
10223
10236
10239
10249
10257
10259
10267
10273
10305
10309
10312
10314
10317
10326
10328
10332
10334
10340
10347
10351
10354
10356
10368
10373
10375
10378
10382
10390
10392
10395
10396
10400
10402
10411
10412
10413
10415
10416
10429
10435
10444
10451
10452
10454
10469
10480
10482
10485
10486
10494
10498
10499
10501
10509
10510
10514
10518
10519
10521
10528
10533
10536
10541
10547
10566
10572
10579
10583
10597
10599
10607
10611
10615
10617
10626
10629
10632
10638
10644
10648
10654
10655
10659
10663
10666
10674
10677
10682
10685
10686
10691
10692
10696
10699
10700
10701
10714
10720
10721
10731
10736
10748
10753
10755
10763
10764
10779
10786
10795
10811
10819
10823
10837
10839
10840
10845
10856
10860
10863
10868
10884
10895
10898
10904
10931
10934
10949
10952
10959
10968
10976
10992
10994
11050
11076
11078
11152
11223
11226
11307
11316
11369
11516
11536
11615
11652
11671
11688
11802
11827
11877
11912
11933
11935
11955
11963
11970
11988
11001
11004
11011
11014
11018
11019
11036
11039
11043
11046
11047
11050
11053
11058
11059
11068
11072
11076
11078
11084
11089
11090
11095
11111
11115
11138
11152
11161
11167
11174
11176
11187
11188
11199
11201
11204
11210
11213
11217
11218
11223
11226
11229
11241
11250
11252
11259
11266
11279
11296
11297
11307
11312
11316
11319
11348
11358
11368
11369
11381
11392
11405
11425
11444
11455
11456
11458
11472
11487
11492
11499
11502
11507
11516
11527
11536
11540
11541
11550
11553
11574
11586
11597
11598
11599
11603
11604
11612
11614
11615
11620
11621
11641
11643
11644
11645
11648
11652
11658
11661
11662
11670
11671
11677
11682
11688
11694
11696
11705
11709
11719
11722
11723
11735
11751
11753
11756
11759
11764
11770
11771
11778
11782
11783
11798
11802
11812
11813
11815
11819
11827
11835
11838
11839
11855
11867
11871
11877
11881
11885
11892
11902
11903
11912
11916
11917
11933
11934
11935
11938
11947
11954
11955
11963
11970
11971
11972
11974
11985
11988
13009
13019
13028
13060
13082
13083
13088
13090
13111
13115
13128
13137
13139
13159
13167
13178
13187
13204
13210
13219
13228
13235
13247
13250
13256
13257
13273
13275
13276
13277
13280
13309
13311
13330
13331
13333
13336
13361
13370
13376
13382
13411
13416
13425
13433
13445
13453
13468
13487
13489
13499
13516
13520
13526
13527
13539
13579
13592
13596
13600
13608
13633
13637
13642
13644
13660
13675
13678
13679
13682
13686
13701
13703
13706
13718
13737
13746
13771
13809
13826
13827
13835
13844
13849
13856
13858
13896
13902
13903
13926
13930
13937
13939
13943
13950
13968
13976
13984
13009
13019
13028
13060
13082
13083
13088
13090
13111
13115
13119
13121
13128
13137
13139
13143
13159
13167
13178
13187
13199
13204
13210
13219
13228
13235
13247
13250
13256
13257
13273
13275
13276
13277
13280
13309
13311
13321
13330
13331
13333
13336
13338
13361
13370
13376
13382
13397
13399
13411
13416
13425
13433
13445
13451
13453
13455
13468
13482
13487
13489
13499
13500
13505
13516
13520
13526
13527
13539
13576
13579
13592
13596
13600
13608
13633
13637
13642
13644
13660
13675
13678
13679
13682
13686
13693
13701
13703
13706
13718
13720
13737
13746
13771
13789
13809
13826
13827
13835
13844
13849
13856
13858
13896
13902
13903
13918
13926
13930
13937
13939
13943
13950
13966
13968
13976
13982
13984
14003
14005
14014
14021
14041
14048
14067
14071
14083
14090
14092
14107
14113
14117
14120
14121
14122
14123
14125
14131
14134
14147
14148
14151
14161
14166
14172
14174
14181
14190
14191
14193
14198
14199
14202
14204
14207
14218
14223
14225
14230
14241
14246
14256
14265
14266
14278
14287
14289
14299
14302
14303
14306
14312
14313
14317
14325
14337
14346
14347
14350
14366
14373
14379
14381
14419
14433
14434
14436
14442
14446
14450
14451
14453
14459
14467
14469
14472
14480
14486
14503
14507
14509
14518
14526
14544
14547
14550
14555
14571
14594
14600
14603
14606
14618
14620
14621
14629
14639
14642
14649
14656
14662
14665
14666
14675
14677
14681
14683
14684
14685
14705
14706
14716
14720
14721
14740
14757
14758
14765
14767
14780
14782
14783
14791
14794
14806
14816
14841
14847
14851
14855
14862
14867
14869
14871
14877
14885
14888
14889
14890
14892
14900
14901
14909
14919
14930
14933
14942
14946
14950
14959
14960
14964
14970
14978
14987
14991
14993
14996
14067
14071
14090
14107
14113
14117
14134
14172
14193
14204
14223
14256
14265
14266
14287
14289
14312
14313
14325
14347
14366
14433
14434
14446
14451
14507
14518
14550
14594
14618
14629
14639
14642
14649
14662
14665
14681
14684
14740
14780
14791
14847
14862
14869
14888
14890
14892
14900
14946
14950
14991
15015
15017
15020
15021
15027
15028
15038
15041
15047
15060
15069
15075
15077
15081
15084
15086
15090
15093
15094
15096
15101
15116
15118
15123
15125
15149
15166
15169
15170
15182
15183
15205
15206
15211
15214
15217
15225
15235
15239
15240
15249
15256
15259
15266
15273
15274
15287
15294
15298
15300
15304
15311
15312
15319
15323
15326
15327
15332
15341
15343
15354
15361
15366
15368
15370
15371
15394
15395
15397
15405
15407
15416
15428
15429
15440
15441
15443
15448
15455
15464
15466
15467
15470
15472
15477
15481
15482
15488
15490
15495
15497
15501
15503
15504
15516
15517
15518
15528
15530
15531
15564
15565
15571
15580
15592
15594
15607
15608
15613
15614
15624
15626
15628
15629
15630
15637
15640
15648
15650
15653
15656
15662
15664
15668
15669
15671
15676
15679
15683
15689
15695
15703
15705
15707
15729
15731
15733
15738
15745
15747
15748
15750
15752
15765
15768
15773
15776
15777
15778
15788
15799
15806
15814
15819
15820
15827
15830
15835
15837
15841
15844
15845
15849
15857
15865
15870
15879
15882
15885
15902
15903
15905
15918
15919
15920
15921
15926
15939
15949
15950
15952
15954
15959
15963
15967
15976
15979
15980
15989
15999
15027
15028
15090
15094
15118
15149
15259
15274
15326
15371
15443
15455
15490
15497
15594
15614
15630
15640
15650
15653
15664
15671
15689
15695
15703
15748
15830
15841
15845
15857
15879
15918
15919
15949
15963
15976
15999
15027
15028
15041
15047
15069
15084
15086
15090
15094
15096
15118
15149
15217
15259
15274
15294
15298
15300
15326
15354
15361
15368
15370
15371
15394
15441
15443
15448
15455
15466
15470
15477
15482
15490
15495
15497
15501
15517
15530
15531
15564
15565
15571
15594
15607
15608
15613
15614
15626
15630
15640
15650
15653
15664
15669
15671
15683
15689
15695
15703
15707
15738
15745
15748
15752
15820
15830
15835
15841
15845
15857
15879
15882
15902
15918
15919
15920
15926
15939
15949
15959
15963
15976
15979
15980
15999
16001
16002
16008
16012
16013
16021
16023
16027
16028
16030
16032
16034
16035
16037
16043
16045
16046
16063
16064
16065
16067
16072
16074
16075
16076
16078
16086
16090
16091
16093
16095
16100
16102
16103
16108
16109
16114
16117
16118
16120
16122
16125
16127
16129
16141
16146
16147
16155
16156
16160
16166
16168
16170
16174
16178
16180
16182
16183
16186
16188
16208
16212
16214
16219
16220
16223
16224
16225
16227
16232
16242
16246
16247
16250
16252
16260
16261
16263
16267
16274
16279
16280
16284
16286
16289
16291
16292
16294
16298
16299
16302
16303
16304
16307
16308
16310
16314
16315
16319
16323
16330
16331
16333
16336
16337
16340
16343
16346
16355
16356
16362
16364
16369
16373
16375
16378
16382
16384
16393
16395
16398
16401
16404
16406
16408
16410
16411
16412
16413
16414
16416
16420
16421
16423
16427
16428
16429
16430
16435
16446
16449
16460
16465
16469
16470
16475
16476
16479
16480
16481
16482
16487
16495
16496
16500
16504
16514
16517
16519
16522
16523
16526
16529
16531
16533
16534
16537
16539
16541
16544
16546
16547
16548
16551
16553
16558
16560
16569
16575
16579
16580
16583
16584
16589
16590
16591
16593
16594
16597
16598
16599
16610
16614
16617
16618
16619
16620
16630
16632
16636
16639
16641
16644
16647
16652
16654
16656
16664
16667
16672
16674
16679
16681
16682
16683
16685
16690
16695
16696
16697
16700
16703
16707
16709
16712
16720
16721
16724
16728
16729
16730
16733
16742
16745
16752
16762
16764
16767
16770
16771
16776
16778
16779
16781
16785
16786
16787
16790
16802
16805
16808
16811
16813
16816
16824
16830
16831
16835
16843
16847
16848
16852
16854
16856
16859
16860
16867
16872
16873
16876
16877
16884
16890
16891
16898
16904
16910
16912
16913
16919
16921
16922
16925
16928
16930
16932
16934
16935
16936
16941
16943
16948
16950
16959
16962
16968
16970
16971
16973
16978
16979
16983
16989
16990
16992
16995
16998
16999
16027
16028
16030
16032
16045
16086
16100
16120
16168
16182
16212
16214
16227
16250
16274
16279
16284
16289
16298
16319
16337
16355
16369
16378
16384
16398
16401
16414
16421
16446
16469
16481
16514
16517
16519
16534
16544
16558
16583
16641
16644
16667
16681
16695
16700
16733
16762
16764
16770
16781
16785
16805
16808
16830
16872
16904
16910
16912
16921
16941
16948
16950
16971
16983
16001
16021
16027
16028
16030
16032
16045
16075
16086
16100
16118
16120
16125
16141
16146
16155
16156
16160
16166
16168
16180
16182
16183
16186
16212
16214
16220
16227
16250
16260
16261
16263
16274
16279
16284
16289
16291
16294
16298
16308
16314
16319
16337
16346
16355
16369
16378
16382
16384
16395
16398
16401
16404
16413
16414
16416
16421
16429
16435
16446
16469
16476
16480
16481
16482
16500
16514
16517
16519
16529
16533
16534
16544
16546
16558
16560
16583
16589
16594
16598
16610
16618
16620
16641
16644
16656
16664
16667
16672
16674
16679
16681
16685
16690
16695
16696
16700
16707
16721
16733
16762
16764
16770
16776
16778
16781
16785
16787
16805
16808
16816
16830
16835
16843
16847
16852
16872
16873
16904
16910
16912
16913
16921
16934
16936
16941
16948
16950
16968
16971
16973
16978
16979
16983
16021
16118
16141
16146
16155
16180
16183
16260
16261
16263
16294
16308
16314
16346
16382
16404
16413
16416
16435
16480
16482
16500
16533
16546
16560
16589
16620
16656
16664
16674
16679
16685
16690
16696
16707
16721
16776
16778
16787
16835
16843
16847
16873
16913
16968
16973
16978
16001
16027
16028
16030
16032
16045
16075
16086
16100
16120
16125
16156
16160
16166
16168
16182
16186
16212
16214
16220
16227
16250
16274
16279
16284
16289
16291
16298
16319
16337
16355
16369
16378
16384
16395
16398
16401
16414
16421
16429
16446
16469
16476
16481
16514
16517
16519
16529
16534
16544
16558
16583
16594
16598
16610
16618
16641
16644
16667
16672
16681
16695
16700
16733
16762
16764
16770
16781
16785
16805
16808
16816
16830
16852
16872
16904
16910
16912
16921
16934
16936
16941
16948
16950
16971
16979
16983
17010
17018
17019
17022
17023
17026
17028
17031
17036
17037
17045
17050
17052
17059
17061
17063
17068
17071
17073
17079
17081
17088
17095
17098
17111
17117
17119
17120
17124
17127
17128
17132
17134
17138
17140
17142
17143
17145
17148
17149
17151
17155
17158
17159
17160
17166
17167
17169
17172
17180
17186
17188
17196
17197
17199
17203
17207
17209
17211
17212
17215
17216
17221
17222
17223
17229
17233
17234
17236
17240
17241
17242
17249
17251
17255
17256
17257
17259
17276
17277
17282
17283
17291
17292
17298
17300
17301
17302
17303
17304
17307
17311
17327
17337
17338
17343
17345
17351
17354
17357
17358
17359
17360
17369
17370
17382
17385
17386
17389
17393
17403
17412
17417
17418
17423
17424
17429
17434
17435
17438
17439
17440
17448
17450
17451
17453
17454
17458
17459
17461
17462
17463
17464
17466
17467
17469
17470
17475
17476
17478
17482
17484
17491
17498
17504
17507
17511
17513
17514
17517
17521
17523
17526
17528
17533
17534
17538
17539
17540
17542
17548
17551
17552
17553
17557
17560
17561
17567
17569
17570
17575
17576
17577
17578
17594
17596
17604
17607
17609
17612
17614
17616
17619
17623
17624
17628
17634
17636
17638
17640
17642
17645
17646
17652
17655
17660
17665
17668
17673
17677
17679
17684
17686
17688
17689
17692
17693
17694
17696
17700
17705
17712
17720
17725
17739
17743
17749
17750
17751
17756
17760
17769
17773
17778
17787
17789
17791
17795
17796
17799
17801
17805
17807
17809
17816
17823
17826
17827
17837
17838
17843
17846
17847
17848
17850
17861
17864
17865
17867
17869
17870
17872
17875
17879
17882
17884
17887
17892
17896
17903
17904
17907
17917
17918
17922
17924
17925
17926
17928
17933
17937
17943
17945
17949
17953
17955
17957
17958
17961
17963
17968
17971
17979
17983
17984
17985
17987
17988
17990
17994
17999
17036
17045
17061
17071
17119
17120
17134
17155
17160
17169
17172
17298
17304
17354
17359
17385
17412
17429
17440
17451
17552
17553
17578
17612
17614
17616
17619
17636
17642
17668
17689
17760
17827
17838
17875
17879
17918
17943
17963
17968
17984
18015
18025
18039
18059
18100
18115
18138
18142
18181
18251
18284
18388
18392
18438
18442
18446
18472
18521
18526
18553
18555
18592
18599
18615
18616
18637
18638
18644
18658
18697
18721
18758
18759
18784
18819
18852
18905
18912
18929
18941
19002
19020
19028
19033
19039
19040
19045
19051
19054
19061
19063
19065
19078
19082
19084
19088
19094
19098
19108
19111
19121
19122
19123
19150
19157
19167
19179
19184
19185
19194
19195
19208
19215
19234
19236
19237
19239
19244
19257
19259
19264
19270
19275
19282
19285
19287
19290
19294
19297
19316
19320
19323
19325
19332
19361
19364
19369
19379
19390
19395
19402
19406
19407
19410
19414
19415
19424
19437
19443
19446
19454
19458
19460
19462
19463
19465
19473
19475
19477
19478
19481
19484
19502
19506
19517
19519
19524
19528
19544
19565
19570
19579
19596
19598
19599
19600
19604
19622
19623
19632
19635
19636
19637
19638
19640
19645
19646
19648
19657
19660
19664
19679
19686
19689
19693
19694
19696
19704
19713
19718
19719
19721
19728
19730
19743
19744
19749
19757
19761
19771
19773
19789
19794
19811
19819
19820
19822
19828
19829
19838
19841
19843
19850
19867
19870
19871
19874
19878
19882
19883
19885
19887
19890
19906
19917
19918
19919
19922
19924
19938
19939
19942
19947
19964
19971
19977
19978
19982
19983
19990
19993
19020
19028
19039
19082
19084
19098
19111
19123
19157
19194
19208
19239
19244
19257
19259
19287
19297
19320
19332
19379
19415
19454
19465
19475
19478
19502
19506
19519
19599
19600
19632
19636
19637
19657
19664
19679
19704
19713
19718
19728
19828
19867
19918
19947
19964
19978
19983
19993
20004
20011
20017
20018
20019
20031
20036
20047
20060
20062
20079
20081
20086
20099
20101
20104
20136
20141
20146
20152
20157
20160
20179
20180
20188
20192
20195
20212
20219
20221
20224
20245
20246
20261
20267
20286
20291
20292
20295
20305
20306
20330
20331
20344
20365
20377
20380
20386
20396
20397
20399
20401
20403
20406
20409
20410
20423
20424
20434
20465
20496
20509
20518
20520
20524
20533
20547
20565
20577
20594
20598
20600
20602
20615
20618
20645
20647
20672
20674
20677
20693
20699
20712
20718
20729
20739
20750
20756
20762
20767
20769
20797
20798
20804
20809
20828
20848
20852
20907
20940
20958
20960
20970
20977
20979
20986
20047
20060
20062
20086
20099
20157
20160
20179
20180
20192
20212
20219
20224
20246
20261
20286
20295
20306
20331
20396
20399
20465
20509
20547
20598
20602
20615
20645
20674
20677
20756
20798
20809
20848
20940
20970
20977
20979
20986
21002
21027
21056
21059
21061
21066
21071
21080
21084
21089
21093
21113
21134
21139
21142
21163
21169
21180
21207
21208
21227
21249
21253
21276
21282
21286
21291
21312
21316
21329
21345
21369
21387
21392
21422
21432
21469
21472
21486
21513
21520
21532
21559
21586
21592
21604
21638
21642
21645
21655
21676
21680
21754
21800
21805
21829
21850
21860
21882
21890
21936
21964
21975
22001
22003
22004
22006
22008
22013
22017
22019
22022
22024
22032
22033
22038
22044
22048
22050
22051
22052
22054
22055
22057
22060
22063
22064
22068
22069
22075
22078
22079
22085
22086
22087
22089
22090
22095
22097
22099
22106
22111
22115
22118
22124
22125
22126
22128
22129
22139
22140
22141
22142
22146
22151
22152
22162
22164
22167
22169
22170
22172
22178
22183
22184
22185
22186
22187
22192
22193
22200
22201
22207
22208
22209
22217
22222
22223
22224
22228
22229
22230
22241
22244
22251
22254
22256
22257
22261
22262
22264
22265
22270
22272
22276
22278
22282
22284
22288
22295
22297
22298
22304
22305
22318
22320
22322
22323
22327
22328
22330
22332
22334
22337
22338
22342
22344
22346
22348
22349
22351
22355
22357
22368
22371
22374
22376
22383
22386
22392
22394
22395
22396
22404
22405
22406
22407
22410
22412
22416
22423
22424
22426
22437
22444
22450
22452
22456
22459
22462
22463
22464
22465
22466
22470
22471
22474
22479
22480
22482
22487
22488
22493
22494
22495
22497
22499
22500
22504
22508
22513
22519
22521
22522
22533
22536
22543
22548
22550
22558
22561
22563
22565
22570
22578
22586
22590
22591
22603
22604
22605
22609
22613
22615
22618
22623
22628
22630
22633
22636
22637
22643
22644
22647
22651
22652
22653
22655
22662
22663
22664
22666
22668
22670
22680
22684
22685
22689
22697
22705
22708
22715
22720
22726
22727
22728
22731
22733
22735
22742
22743
22753
22761
22769
22772
22777
22778
22779
22780
22781
22783
22785
22789
22791
22792
22793
22794
22795
22798
22802
22804
22811
22814
22819
22821
22824
22834
22838
22843
22850
22858
22867
22869
22873
22883
22884
22885
22886
22892
22894
22897
22899
22900
22901
22903
22904
22909
22911
22912
22916
22920
22922
22924
22936
22937
22946
22948
22949
22951
22955
22960
22964
22971
22977
22985
22991
22994
22995
22996
22001
22008
22044
22050
22054
22057
22079
22097
22106
22124
22139
22162
22164
22172
22178
22185
22186
22207
22208
22209
22222
22241
22257
22261
22298
22320
22346
22355
22357
22383
22392
22394
22395
22396
22405
22406
22412
22426
22450
22459
22462
22464
22470
22471
22474
22482
22493
22494
22497
22504
22521
22533
22558
22590
22630
22655
22662
22664
22670
22697
22705
22720
22726
22731
22742
22777
22779
22783
22789
22793
22802
22811
22814
22819
22838
22843
22850
22894
22897
22909
22936
22946
22948
22949
22951
22960
22977
22995
23002
23017
23022
23036
23046
23062
23085
23101
23107
23128
23131
23141
23151
23173
23175
23179
23191
23199
23202
23209
23214
23229
23230
23249
23257
23306
23318
23322
23351
23364
23369
23381
23392
23406
23411
23451
23463
23474
23480
23483
23486
23489
23500
23501
23520
23544
23551
23570
23574
23584
23597
23611
23614
23620
23621
23631
23633
23642
23645
23682
23688
23695
23701
23709
23712
23723
23775
23781
23787
23793
23827
23833
23839
23845
23849
23850
23857
23858
23876
23877
23906
23915
23929
23939
23943
23967
23969
23977
23998
24002
24006
24011
24017
24027
24037
24049
24069
24074
24077
24087
24092
24094
24097
24100
24111
24112
24118
24121
24127
24131
24136
24141
24145
24150
24152
24153
24164
24168
24172
24184
24185
24196
24204
24211
24235
24237
24238
24253
24265
24267
24278
24279
24287
24295
24303
24310
24330
24349
24365
24367
24370
24372
24377
24394
24406
24408
24409
24410
24414
24417
24426
24428
24429
24431
24434
24437
24443
24451
24471
24475
24477
24483
24490
24502
24503
24512
24520
24529
24535
24545
24553
24556
24563
24584
24596
24598
24603
24619
24620
24626
24634
24651
24654
24656
24662
24663
24666
24670
24680
24681
24682
24684
24687
24704
24721
24728
24734
24741
24746
24761
24778
24779
24788
24795
24797
24817
24823
24827
24835
24848
24849
24854
24857
24862
24873
24877
24881
24882
24885
24886
24889
24891
24892
24894
24916
24918
24919
24921
24930
24932
24934
24944
24950
24951
24957
24961
24970
24982
24989
24997
24002
24006
24017
24027
24074
24077
24087
24092
24094
24097
24100
24112
24118
24121
24127
24131
24141
24152
24153
24168
24172
24184
24185
24196
24204
24237
24238
24253
24267
24278
24287
24330
24349
24365
24370
24372
24406
24408
24409
24417
24426
24429
24431
24451
24490
24502
24503
24512
24520
24529
24535
24553
24556
24563
24596
24598
24603
24626
24656
24662
24670
24704
24721
24734
24746
24779
24788
24797
24817
24823
24848
24854
24857
24881
24882
24889
24891
24894
24918
24921
24930
24934
24950
24951
24961
24970
24989
24997
24011
24037
24049
24069
24111
24136
24145
24150
24164
24211
24235
24265
24279
24295
24303
24310
24367
24377
24394
24410
24414
24428
24434
24437
24443
24471
24475
24477
24483
24545
24584
24619
24620
24634
24651
24654
24663
24666
24680
24681
24682
24684
24687
24728
24741
24761
24778
24795
24827
24835
24849
24862
24873
24877
24885
24886
24892
24916
24919
24932
24944
24957
24982
25002
25007
25024
25026
25048
25051
25052
25057
25072
25085
25091
25099
25109
25114
25121
25122
25137
25140
25162
25183
25186
25200
25205
25222
25226
25239
25240
25246
25278
25293
25295
25297
25313
25315
25323
25345
25380
25394
25395
25450
25457
25502
25517
25537
25544
25566
25648
25650
25662
25663
25666
25680
25691
25705
25706
25726
25729
25751
25767
25772
25774
25786
25796
25803
25827
25844
25849
25858
25862
25867
25902
25938
25945
25954
25987
25988
25997
25024
25026
25057
25099
25121
25122
25137
25162
25183
25222
25226
25240
25246
25297
25315
25380
25394
25648
25650
25662
25663
25680
25691
25705
25706
25729
25751
25767
25772
25796
25862
25867
25902
25938
25945
25954
25006
25023
25027
25044
25117
25118
25132
25133
25177
25181
25197
25212
25219
25227
25266
25267
25282
25287
25309
25337
25339
25348
25355
25357
25364
25435
25467
25475
25477
25484
25506
25522
25523
25525
25547
25555
25588
25620
25635
25700
25775
25778
25820
25835
25909
25918
25932
25958
25966
25990
25002
25007
25048
25051
25052
25072
25085
25091
25109
25114
25140
25186
25200
25205
25239
25278
25293
25295
25313
25323
25345
25395
25450
25457
25502
25517
25537
25544
25566
25666
25726
25774
25786
25803
25827
25844
25849
25858
25987
25988
25997
26011
26048
26108
26126
26143
26146
26150
26184
26205
26226
26235
26263
26287
26289
26303
26305
26308
26315
26318
26329
26352
26380
26416
26466
26484
26488
26502
26518
26533
26603
26611
26617
26625
26654
26668
26672
26685
26698
26704
26764
26778
26796
26805
26899
26915
26916
26936
26950
26958
26970
26986
26999
26000
26003
26004
26011
26012
26028
26033
26038
26040
26044
26046
26048
26054
26056
26069
26072
26077
26089
26092
26094
26097
26106
26108
26126
26127
26130
26143
26146
26150
26151
26152
26153
26156
26157
26162
26164
26165
26167
26169
26170
26178
26180
26182
26184
26186
26191
26201
26202
26204
26205
26208
26210
26217
26220
26226
26234
26235
26236
26240
26243
26245
26251
26254
26263
26270
26286
26287
26289
26290
26293
26297
26299
26303
26305
26306
26308
26309
26313
26314
26315
26317
26318
26321
26329
26332
26335
26343
26345
26348
26349
26352
26356
26357
26360
26361
26366
26368
26370
26375
26379
26380
26383
26404
26415
26416
26429
26434
26435
26439
26445
26462
26466
26482
26483
26484
26488
26500
26502
26505
26511
26516
26518
26521
26529
26531
26533
26535
26537
26540
26555
26556
26586
26597
26600
26603
26609
26611
26617
26618
26621
26625
26634
26639
26642
26654
26658
26661
26664
26668
26672
26675
26679
26685
26692
26695
26698
26704
26707
26712
26726
26728
26736
26738
26742
26743
26744
26745
26746
26758
26762
26764
26767
26778
26789
26793
26796
26804
26805
26809
26812
26826
26834
26840
26847
26858
26860
26869
26879
26886
26887
26890
26899
26906
26914
26915
26916
26936
26950
26952
26953
26954
26958
26962
26964
26965
26969
26970
26973
26974
26976
26986
26991
26992
26996
26999
26011
26028
26048
26056
26069
26092
26108
26126
26127
26143
26146
26150
26165
26170
26184
26186
26205
26208
26226
26235
26245
26263
26270
26286
26287
26289
26290
26297
26303
26305
26306
26308
26309
26314
26315
26318
26329
26335
26348
26352
26360
26380
26416
26445
26466
26484
26488
26502
26518
26521
26533
26540
26603
26611
26617
26625
26639
26654
26664
26668
26672
26685
26692
26698
26704
26712
26738
26762
26764
26778
26796
26804
26805
26826
26840
26847
26879
26887
26899
26914
26915
26916
26936
26950
26952
26958
26970
26973
26986
26999
26000
26004
26012
26033
26040
26044
26072
26130
26151
26152
26153
26156
26162
26167
26169
26178
26180
26182
26202
26204
26236
26240
26243
26254
26293
26299
26313
26317
26332
26345
26356
26368
26370
26383
26435
26439
26500
26516
26529
26535
26555
26586
26600
26634
26642
26661
26675
26695
26726
26736
26742
26743
26758
26767
26789
26809
26834
26886
26906
26954
26962
26965
26969
26974
26976
26991
26992
27003
27008
27010
27012
27013
27020
27021
27022
27026
27027
27035
27036
27039
27040
27042
27047
27048
27055
27062
27064
27066
27068
27072
27076
27079
27085
27087
27092
27093
27100
27101
27105
27109
27114
27115
27119
27121
27127
27128
27130
27134
27136
27143
27145
27146
27148
27158
27159
27164
27165
27166
27170
27175
27177
27178
27181
27182
27191
27195
27196
27200
27202
27204
27207
27213
27214
27221
27223
27224
27226
27231
27232
27238
27251
27256
27258
27259
27261
27268
27270
27285
27298
27307
27310
27311
27312
27319
27328
27329
27331
27340
27342
27348
27356
27359
27360
27364
27372
27375
27378
27386
27389
27392
27398
27399
27400
27402
27405
27408
27409
27412
27415
27419
27424
27427
27428
27429
27436
27437
27438
27442
27443
27446
27451
27453
27454
27466
27469
27474
27478
27486
27487
27490
27506
27510
27512
27513
27518
27521
27524
27525
27528
27530
27533
27534
27536
27539
27542
27545
27547
27549
27550
27554
27556
27558
27560
27561
27562
27563
27564
27565
27567
27568
27571
27578
27579
27584
27585
27590
27592
27596
27609
27610
27620
27622
27625
27626
27627
27628
27632
27633
27635
27637
27638
27640
27641
27649
27651
27654
27656
27658
27670
27678
27679
27681
27682
27690
27694
27696
27698
27699
27711
27712
27715
27717
27718
27719
27724
27729
27739
27740
27741
27742
27744
27748
27751
27758
27759
27761
27764
27767
27770
27772
27777
27779
27784
27793
27801
27804
27806
27807
27820
27829
27830
27835
27843
27846
27848
27853
27856
27860
27870
27872
27873
27874
27881
27883
27885
27887
27889
27892
27897
27898
27899
27900
27902
27905
27907
27908
27912
27916
27928
27930
27932
27933
27934
27944
27950
27954
27955
27956
27964
27966
27969
27971
27973
27977
27978
27980
27983
27986
27996
28010
28014
28022
28027
28029
28030
28050
28060
28062
28073
28087
28090
28091
28094
28098
28099
28106
28131
28149
28167
28195
28212
28226
28230
28233
28235
28237
28244
28249
28253
28260
28263
28280
28285
28304
28309
28310
28314
28330
28332
28339
28341
28345
28365
28383
28400
28418
28431
28438
28444
28472
28477
28483
28486
28487
28493
28495
28503
28527
28560
28566
28572
28590
28616
28619
28651
28660
28662
28671
28694
28701
28723
28724
28726
28733
28750
28757
28758
28762
28767
28768
28778
28786
28805
28807
28822
28827
28836
28843
28860
28869
28870
28876
28884
28921
28922
28927
28943
28947
28965
28966
28971
28975
28983
28027
28029
28030
28050
28060
28062
28087
28094
28106
28131
28149
28167
28212
28226
28230
28235
28244
28249
28253
28280
28285
28304
28309
28310
28332
28365
28383
28400
28418
28431
28438
28472
28487
28493
28495
28503
28560
28566
28572
28662
28694
28701
28723
28724
28733
28757
28758
28762
28767
28768
28778
28786
28805
28807
28827
28836
28870
28876
28921
28922
28927
28943
28947
28965
28971
28975
28983
28010
28014
28020
28022
28024
28026
28027
28028
28029
28030
28032
28034
28050
28060
28062
28073
28080
28081
28085
28087
28090
28091
28094
28098
28099
28105
28106
28108
28109
28113
28124
28131
28135
28136
28138
28149
28150
28167
28195
28198
28203
28206
28209
28212
28215
28226
28227
28230
28233
28235
28237
28244
28249
28251
28252
28253
28255
28259
28260
28263
28280
28285
28293
28294
28303
28304
28309
28310
28314
28322
28325
28330
28332
28334
28336
28339
28341
28342
28345
28347
28352
28365
28367
28383
28389
28399
28400
28411
28418
28420
28425
28429
28431
28438
28439
28440
28444
28445
28456
28462
28465
28472
28477
28478
28483
28486
28487
28493
28495
28500
28502
28503
28505
28517
28527
28528
28529
28533
28540
28542
28543
28549
28560
28562
28566
28570
28572
28574
28578
28587
28590
28596
28603
28616
28619
28626
28636
28642
28645
28649
28651
28652
28660
28662
28671
28678
28690
28691
28694
28697
28701
28707
28723
28724
28725
28726
28733
28750
28752
28757
28758
28762
28763
28767
28768
28774
28778
28783
28786
28791
28796
28801
28802
28805
28807
28813
28822
28827
28830
28836
28843
28848
28854
28860
28865
28867
28869
28870
28874
28876
28881
28882
28883
28884
28888
28890
28912
28921
28922
28927
28933
28940
28943
28947
28965
28966
28971
28974
28975
28976
28983
28987
28989
28000
28004
28010
28014
28020
28022
28024
28026
28027
28028
28029
28030
28032
28034
28050
28053
28058
28059
28060
28062
28067
28073
28080
28081
28085
28087
28090
28091
28094
28098
28099
28105
28106
28108
28109
28113
28123
28124
28131
28135
28136
28138
28149
28150
28156
28158
28162
28167
28168
28189
28195
28198
28203
28206
28209
28212
28214
28215
28226
28227
28230
28233
28235
28237
28239
28244
28249
28251
28252
28253
28255
28259
28260
28263
28279
28280
28285
28290
28293
28294
28298
28303
28304
28309
28310
28314
28318
28322
28325
28330
28332
28334
28335
28336
28339
28341
28342
28345
28346
28347
28352
28359
28365
28367
28370
28374
28383
28389
28398
28399
28400
28402
28407
28411
28412
28418
28420
28425
28429
28431
28438
28439
28440
28444
28445
28446
28456
28461
28462
28465
28472
28477
28478
28483
28485
28486
28487
28493
28495
28496
28500
28502
28503
28505
28512
28516
28517
28525
28527
28528
28529
28533
28540
28541
28542
28543
28549
28560
28562
28566
28570
28572
28574
28578
28586
28587
28590
28596
28600
28603
28616
28619
28626
28636
28642
28645
28646
28649
28651
28652
28660
28662
28671
28673
28678
28683
28690
28691
28694
28697
28701
28703
28707
28723
28724
28725
28726
28729
28733
28735
28750
28752
28754
28757
28758
28762
28763
28767
28768
28774
28778
28783
28786
28789
28791
28796
28801
28802
28805
28807
28813
28822
28824
28827
28828
28830
28836
28843
28848
28854
28857
28860
28865
28867
28869
28870
28874
28876
28878
28880
28881
28882
28883
28884
28885
28888
28890
28904
28912
28920
28921
28922
28927
28933
28936
28940
28943
28946
28947
28948
28965
28966
28971
28974
28975
28976
28977
28983
28987
28989
28990
28994
28000
28004
28053
28058
28059
28067
28123
28156
28158
28162
28168
28189
28214
28239
28279
28290
28298
28318
28335
28346
28359
28370
28374
28398
28402
28407
28412
28446
28461
28485
28496
28512
28516
28525
28541
28586
28600
28646
28673
28683
28703
28729
28735
28754
28789
28824
28828
28857
28878
28880
28885
28904
28920
28936
28946
28948
28977
28990
28994
28027
28029
28030
28050
28062
28094
28106
28131
28149
28167
28212
28226
28235
28244
28249
28253
28280
28304
28310
28332
28365
28431
28472
28493
28495
28503
28560
28572
28662
28701
28723
28724
28757
28758
28762
28767
28768
28778
28786
28807
28876
28921
28922
28943
28947
28965
28971
28983
29062
29068
29138
29140
29147
29150
29164
29182
29189
29222
29293
29335
29350
29391
29411
29439
29441
29451
29487
29497
29501
29522
29530
29537
29550
29557
29603
29625
29633
29658
29661
29666
29711
29713
29728
29741
29750
29755
29773
29796
29799
29812
29909
29937
29941
29942
29943
29969
29972
29993
31024
31026
31029
31034
31044
31050
31051
31057
31063
31078
31081
31094
31106
31109
31112
31115
31120
31137
31138
31144
31148
31158
31160
31161
31177
31187
31188
31200
31212
31215
31224
31225
31234
31247
31248
31258
31261
31264
31268
31282
31286
31288
31306
31313
31316
31322
31340
31344
31345
31348
31349
31351
31361
31371
31382
31388
31394
31398
31405
31409
31415
31416
31451
31464
31473
31475
31495
31496
31503
31505
31509
31520
31527
31528
31530
31531
31562
31575
31579
31582
31600
31618
31634
31643
31658
31670
31672
31677
31700
31701
31712
31713
31720
31723
31727
31730
31751
31754
31759
31769
31791
31798
31807
31810
31812
31817
31831
31837
31838
31840
31846
31849
31850
31876
31891
31902
31903
31913
31918
31944
31957
31979
31013
31024
31025
31026
31029
31034
31037
31044
31050
31051
31052
31057
31063
31078
31081
31092
31093
31094
31106
31109
31112
31115
31120
31137
31138
31144
31145
31148
31158
31160
31161
31171
31177
31180
31187
31188
31200
31212
31215
31224
31225
31227
31234
31247
31248
31251
31258
31261
31264
31268
31278
31282
31286
31288
31290
31296
31306
31313
31315
31316
31322
31325
31340
31344
31345
31348
31349
31351
31361
31371
31381
31382
31388
31394
31395
31398
31405
31409
31415
31416
31434
31451
31464
31473
31475
31494
31495
31496
31503
31505
31509
31520
31525
31527
31528
31530
31531
31542
31562
31575
31579
31582
31590
31600
31618
31626
31631
31634
31643
31651
31652
31657
31658
31670
31672
31677
31699
31700
31701
31708
31712
31713
31720
31723
31727
31728
31730
31736
31740
31741
31745
31751
31754
31759
31767
31769
31780
31791
31798
31804
31805
31807
31810
31812
31817
31831
31837
31838
31840
31846
31849
31850
31860
31873
31876
31884
31891
31894
31896
31902
31903
31913
31915
31918
31919
31929
31935
31944
31957
31979
31990
31000
31010
31013
31024
31025
31026
31029
31034
31037
31038
31043
31044
31050
31051
31052
31057
31063
31064
31076
31078
31081
31092
31093
31094
31106
31109
31112
31114
31115
31120
31130
31134
31135
31137
31138
31144
31145
31148
31158
31160
31161
31162
31166
31167
31170
31171
31177
31178
31180
31183
31187
31188
31200
31212
31215
31218
31224
31225
31226
31227
31232
31234
31241
31244
31247
31248
31249
31251
31255
31257
31258
31261
31264
31268
31278
31279
31282
31286
31287
31288
31289
31290
31292
31296
31306
31313
31315
31316
31317
31319
31322
31323
31325
31340
31344
31345
31347
31348
31349
31351
31353
31354
31355
31361
31368
31371
31372
31376
31381
31382
31388
31394
31395
31398
31401
31405
31409
31415
31416
31423
31432
31433
31434
31449
31451
31454
31459
31460
31464
31466
31467
31473
31475
31485
31487
31494
31495
31496
31503
31505
31509
31520
31525
31527
31528
31530
31531
31541
31542
31550
31562
31575
31579
31582
31583
31590
31600
31601
31612
31618
31623
31626
31631
31634
31635
31643
31646
31651
31652
31657
31658
31668
31670
31672
31677
31692
31693
31699
31700
31701
31707
31708
31710
31712
31713
31714
31716
31720
31723
31727
31728
31730
31731
31734
31736
31740
31741
31745
31748
31751
31754
31759
31767
31769
31772
31776
31778
31780
31783
31791
31798
31802
31804
31805
31807
31809
31810
31812
31816
31817
31821
31823
31831
31837
31838
31840
31843
31844
31846
31849
31850
31852
31857
31860
31868
31873
31876
31884
31891
31894
31896
31899
31902
31903
31913
31915
31918
31919
31926
31929
31930
31934
31935
31941
31943
31944
31951
31953
31957
31975
31976
31977
31979
31981
31990
31991
31994
31995
31026
31029
31050
31051
31078
31112
31115
31137
31138
31144
31148
31160
31161
31177
31187
31188
31200
31215
31248
31268
31282
31286
31288
31322
31340
31344
31348
31361
31371
31388
31405
31409
31416
31451
31464
31473
31475
31495
31496
31503
31505
31509
31527
31528
31562
31575
31582
31600
31618
31658
31672
31700
31712
31727
31730
31754
31759
31769
31791
31812
31817
31837
31846
31876
31891
31902
31918
31944
32002
32008
32010
32012
32013
32019
32027
32031
32035
32036
32043
32051
32052
32053
32055
32057
32062
32063
32065
32068
32069
32078
32079
32088
32091
32095
32110
32111
32113
32114
32116
32118
32123
32124
32129
32130
32137
32138
32144
32146
32147
32148
32151
32162
32164
32166
32167
32171
32172
32173
32178
32184
32188
32192
32196
32198
32199
32200
32201
32203
32211
32214
32216
32223
32228
32230
32231
32238
32239
32243
32250
32253
32254
32256
32257
32259
32260
32261
32264
32268
32280
32282
32284
32288
32290
32292
32296
32297
32299
32301
32302
32305
32307
32311
32317
32321
32322
32324
32328
32341
32349
32357
32374
32376
32383
32384
32390
32392
32393
32397
32400
32401
32402
32405
32413
32421
32422
32427
32435
32440
32442
32450
32452
32455
32460
32470
32474
32478
32480
32482
32485
32488
32490
32494
32496
32500
32519
32525
32527
32528
32534
32537
32538
32539
32541
32542
32543
32555
32559
32561
32563
32564
32565
32568
32569
32576
32580
32582
32585
32586
32587
32591
32594
32603
32604
32606
32608
32609
32617
32618
32623
32625
32627
32629
32631
32632
32634
32635
32637
32643
32646
32650
32651
32652
32654
32659
32660
32661
32662
32667
32668
32670
32671
32672
32673
32681
32682
32687
32691
32694
32710
32712
32714
32715
32716
32719
32720
32721
32723
32726
32733
32737
32739
32749
32753
32754
32761
32765
32768
32771
32775
32777
32779
32794
32797
32801
32805
32807
32811
32813
32814
32816
32822
32826
32828
32830
32831
32833
32840
32842
32846
32847
32850
32851
32853
32862
32865
32870
32872
32873
32877
32882
32886
32888
32892
32894
32896
32898
32904
32908
32909
32913
32916
32920
32921
32922
32923
32928
32929
32933
32935
32937
32938
32940
32941
32945
32946
32948
32949
32950
32958
32982
32983
32989
32992
32994
32996
33000
33007
33010
33022
33030
33032
33033
33036
33045
33046
33052
33060
33066
33069
33070
33073
33075
33090
33100
33105
33110
33114
33119
33123
33128
33130
33133
33135
33140
33142
33158
33167
33168
33170
33171
33175
33176
33182
33195
33198
33199
33200
33201
33211
33214
33215
33225
33236
33237
33241
33242
33253
33254
33260
33266
33283
33289
33302
33306
33314
33328
33330
33331
33336
33338
33339
33341
33343
33345
33346
33349
33354
33360
33369
33374
33376
33379
33381
33385
33390
33392
33398
33399
33402
33410
33412
33422
33427
33440
33441
33442
33443
33446
33447
33454
33458
33461
33463
33465
33486
33489
33494
33509
33513
33514
33517
33521
33522
33524
33529
33541
33545
33547
33560
33561
33562
33577
33582
33583
33591
33592
33595
33596
33597
33599
33629
33630
33632
33635
33641
33646
33651
33655
33665
33668
33672
33700
33704
33705
33724
33733
33739
33740
33750
33755
33758
33760
33770
33772
33775
33780
33781
33788
33789
33794
33797
33798
33801
33803
33804
33806
33812
33825
33830
33842
33845
33848
33850
33863
33871
33877
33881
33882
33889
33891
33894
33895
33900
33902
33904
33909
33912
33917
33918
33922
33926
33927
33928
33934
33935
33937
33938
33944
33945
33948
33954
33955
33961
33962
33972
33977
33982
33983
33985
33988
33999
33000
33007
33010
33030
33032
33036
33045
33046
33066
33069
33070
33073
33075
33090
33100
33119
33128
33135
33140
33168
33171
33175
33176
33182
33195
33198
33199
33200
33201
33211
33214
33215
33225
33237
33242
33254
33260
33289
33302
33306
33314
33328
33330
33331
33336
33339
33341
33343
33345
33360
33369
33376
33381
33385
33390
33398
33399
33410
33412
33422
33442
33443
33446
33447
33454
33461
33463
33465
33489
33509
33513
33514
33521
33522
33524
33545
33560
33561
33562
33577
33582
33591
33592
33596
33597
33599
33630
33635
33641
33646
33651
33665
33668
33672
33700
33724
33733
33750
33758
33760
33772
33775
33780
33789
33794
33798
33803
33804
33825
33845
33848
33850
33871
33877
33882
33891
33904
33917
33918
33928
33934
33937
33944
33948
33954
33955
33962
33972
33977
33985
33988
34002
34041
34054
34064
34066
34077
34082
34089
34102
34105
34111
34114
34115
34130
34136
34142
34150
34178
34192
34193
34197
34203
34207
34223
34227
34250
34262
34263
34268
34280
34307
34323
34331
34336
34338
34355
34359
34366
34373
34407
34413
34432
34451
34458
34470
34471
34475
34483
34487
34488
34489
34530
34536
34548
34560
34562
34563
34575
34601
34613
34621
34624
34639
34650
34668
34696
34699
34707
34718
34726
34727
34729
34820
34828
34845
34848
34852
34866
34908
34909
34936
34950
34968
34984
34002
34007
34014
34018
34023
34026
34041
34054
34062
34064
34065
34066
34067
34077
34082
34089
34093
34102
34105
34111
34114
34115
34120
34130
34136
34142
34150
34152
34178
34192
34193
34197
34203
34207
34223
34227
34241
34249
34250
34258
34261
34262
34263
34266
34268
34280
34296
34297
34307
34323
34331
34336
34338
34348
34355
34359
34366
34373
34386
34392
34406
34407
34413
34414
34432
34440
34451
34458
34470
34471
34475
34481
34483
34484
34487
34488
34489
34495
34500
34514
34517
34518
34530
34536
34538
34542
34548
34553
34560
34562
34563
34575
34584
34586
34588
34592
34601
34605
34613
34621
34624
34633
34639
34650
34665
34668
34674
34686
34690
34692
34696
34699
34707
34718
34719
34720
34726
34727
34729
34736
34748
34758
34781
34783
34805
34813
34820
34828
34844
34845
34847
34848
34852
34854
34866
34900
34905
34908
34909
34911
34923
34936
34938
34950
34963
34968
34969
34975
34984
34002
34041
34077
34111
34115
34130
34136
34142
34178
34197
34203
34223
34262
34323
34359
34413
34432
34458
34471
34483
34489
34560
34562
34601
34613
34621
34639
34650
34696
34727
34729
34820
34828
34908
34936
34950
34968
34984
