Finalized group 3.txt
0
20
26
39
44
49
50
65
68
75
76
81
89
92
100
103
104
106
112
119
121
124
130
131
134
152
160
161
170
182
189
190
194
196
205
209
211
215
219
239
245
247
250
257
258
262
265
267
271
274
275
277
283
287
293
298
301
305
308
311
321
327
332
347
353
355
357
360
369
371
373
374
386
393
397
402
407
410
412
415
417
423
425
426
427
428
429
439
440
446
473
477
483
488
490
492
500
514
515
516
522
523
525
538
544
545
546
549
553
557
559
563
571
573
581
587
588
589
590
596
598
602
609
610
620
621
626
631
635
636
641
649
655
656
659
662
669
672
673
682
683
689
699
710
714
717
718
720
726
727
728
742
748
754
757
780
781
789
790
797
798
817
824
826
828
832
837
852
857
861
866
871
873
876
885
886
897
907
911
916
930
932
933
955
962
966
980
989
991
995
44
134
170
196
265
274
311
426
546
659
757
797
995
0
20
39
44
49
50
68
81
89
92
100
119
121
124
130
134
152
160
161
170
189
194
196
209
211
219
239
247
250
258
265
267
271
274
275
277
298
301
308
311
321
327
332
347
355
357
369
373
397
402
407
417
423
425
426
427
428
429
440
483
488
500
514
522
523
525
544
546
549
553
563
571
573
588
589
590
596
598
602
609
620
626
635
636
641
649
655
656
659
662
672
673
682
683
689
699
710
717
720
728
742
748
754
757
781
789
790
797
824
826
828
852
857
861
866
873
876
886
897
911
916
932
933
955
962
980
989
991
995
1004
1019
1059
1091
1110
1116
1189
1194
1197
1212
1220
1245
1261
1268
1310
1322
1332
1376
1538
1546
1547
1560
1566
1606
1615
1621
1624
1633
1643
1664
1731
1761
1795
1801
1855
1868
1875
1921
1922
1950
1969
1989
2001
2014
2020
2032
2038
2061
2064
2083
2087
2100
2203
2218
2244
2259
2279
2299
2308
2346
2412
2437
2440
2441
2450
2455
2482
2556
2617
2627
2633
2634
2687
2715
2717
2725
2793
2880
2881
2896
2943
2986
2001
2014
2083
2087
2203
2308
2450
2455
2556
2617
2634
2725
2896
2943
2986
3023
3113
3154
3168
3245
3277
3308
3334
3379
3419
3447
3454
3656
3666
3683
3703
3763
3813
3869
3003
3024
3031
3039
3045
3048
3062
3072
3078
3116
3121
3170
3202
3203
3205
3208
3210
3227
3234
3243
3252
3260
3279
3280
3285
3300
3322
3387
3436
3438
3485
3515
3527
3531
3532
3551
3555
3565
3576
3579
3596
3607
3612
3627
3642
3671
3677
3730
3790
3841
3850
3857
3981
4120
4200
4233
4255
4305
4436
4460
4540
4547
4772
4818
4845
4967
5008
5013
5035
5044
5051
5058
5072
5129
5152
5240
5295
5391
5412
5430
5451
5466
5488
5520
5530
5602
5618
5638
5765
5775
5847
5885
5900
5916
5927
5980
5999
5044
5051
5072
5240
5391
5466
5530
5602
5618
5775
5847
5927
6021
6032
6062
6079
6087
6099
6150
6172
6213
6225
6231
6233
6238
6254
6255
6264
6285
6291
6296
6303
6304
6323
6344
6345
6359
6360
6364
6382
6386
6398
6412
6436
6453
6456
6461
6481
6486
6487
6488
6496
6512
6545
6600
6602
6623
6638
6649
6655
6688
6718
6742
6743
6768
6782
6786
6819
6823
6826
6829
6838
6852
6871
6877
6910
6925
6926
6936
6939
6956
6983
6998
7016
7022
7023
7024
7025
7037
7039
7045
7059
7062
7063
7091
7103
7110
7119
7124
7128
7149
7150
7154
7160
7181
7206
7211
7213
7216
7229
7233
7252
7262
7286
7315
7324
7327
7334
7357
7366
7370
7372
7381
7382
7394
7401
7447
7453
7454
7458
7474
7481
7502
7531
7537
7539
7541
7542
7544
7551
7552
7553
7557
7560
7563
7584
7590
7605
7609
7613
7629
7634
7645
7649
7660
7672
7694
7706
7709
7715
7736
7740
7742
7745
7763
7769
7797
7798
7800
7806
7807
7812
7819
7830
7833
7844
7852
7857
7859
7883
7889
7895
7903
7909
7910
7931
7936
7937
7938
7944
7991
7998
7022
7045
7059
7154
7211
7229
7262
7334
7381
7382
7394
7454
7474
7481
7537
7542
7544
7553
7557
7590
7605
7609
7709
7800
7830
7844
7857
7895
7931
7937
7063
7091
7110
7128
7150
7286
7315
7447
7551
7694
7742
7745
7797
7833
7889
7938
7998
8029
8083
8092
8094
8109
8125
8200
8202
8203
8204
8236
8244
8267
8298
8318
8330
8336
8375
8399
8409
8415
8451
8463
8477
8478
8493
8506
8534
8547
8567
8568
8571
8573
8625
8663
8676
8696
8710
8713
8747
8751
8762
8797
8804
8826
8827
8873
8875
8877
8893
8932
8939
8967
8029
8041
8055
8083
8092
8094
8109
8125
8137
8156
8200
8202
8203
8204
8230
8235
8236
8243
8244
8267
8298
8317
8318
8326
8330
8336
8364
8370
8375
8388
8399
8409
8415
8428
8450
8451
8463
8477
8478
8485
8493
8506
8519
8527
8534
8547
8550
8567
8568
8571
8573
8625
8663
8676
8696
8710
8713
8747
8751
8754
8762
8778
8779
8797
8804
8812
8826
8827
8831
8873
8875
8877
8880
8893
8908
8913
8932
8939
8958
8967
8968
9020
9034
9043
9052
9079
9092
9105
9116
9118
9162
9224
9233
9253
9255
9344
9376
9377
9395
9405
9414
9444
9450
9455
9484
9492
9509
9511
9521
9580
9588
9637
9659
9677
9693
9696
9705
9714
9740
9750
9775
9788
9801
9815
9857
9873
9882
9892
9958
9990
10001
10007
10015
10043
10089
10108
10231
10266
10304
10620
10687
10695
10712
10745
10772
10815
10832
10844
10849
10872
10995
11099
11172
11180
11264
11282
11385
11419
11431
11433
11437
11498
11526
11565
11600
11601
11638
11651
11761
11795
11807
11846
11939
11975
11032
11166
11260
11325
11374
11391
11451
11471
11519
11542
11546
11561
11589
11627
11683
11686
11702
11711
11875
11922
11958
11965
11994
12000
12008
12018
12032
12039
12047
12051
12054
12078
12082
12083
12085
12111
12117
12120
12135
12136
12141
12148
12150
12154
12177
12206
12209
12210
12216
12229
12236
12242
12243
12263
12282
12283
12285
12298
12301
12302
12310
12315
12321
12325
12334
12335
12337
12363
12370
12378
12394
12401
12405
12423
12431
12442
12460
12463
12468
12478
12505
12507
12513
12514
12529
12535
12561
12579
12580
12591
12604
12611
12636
12639
12643
12652
12653
12660
12664
12675
12676
12678
12681
12691
12695
12706
12707
12711
12712
12717
12719
12729
12732
12734
12737
12759
12761
12767
12784
12805
12808
12810
12812
12826
12831
12839
12854
12859
12860
12869
12872
12879
12887
12919
12922
12927
12932
12954
12955
12956
12965
12975
13034
13066
13080
13211
13222
13351
13380
13426
13456
13486
13502
13589
13593
13602
13653
13654
13717
13739
13766
13767
13862
13864
13900
13999
13006
13010
13016
13021
13024
13025
13026
13032
13033
13034
13036
13040
13043
13046
13052
13054
13064
13066
13073
13075
13080
13084
13091
13096
13122
13127
13145
13146
13154
13158
13160
13191
13194
13196
13202
13207
13211
13212
13220
13222
13233
13241
13243
13248
13252
13253
13263
13289
13293
13295
13297
13299
13308
13312
13315
13328
13335
13346
13347
13351
13360
13363
13378
13380
13388
13391
13403
13408
13424
13426
13431
13438
13454
13456
13466
13467
13470
13474
13476
13477
13480
13486
13488
13491
13495
13502
13504
13510
13531
13535
13541
13548
13552
13553
13561
13564
13565
13567
13569
13575
13582
13584
13589
13593
13594
13599
13602
13607
13614
13615
13616
13620
13632
13639
13640
13645
13646
13650
13653
13654
13657
13665
13673
13680
13695
13704
13707
13717
13730
13732
13739
13743
13745
13757
13762
13766
13767
13768
13779
13783
13786
13791
13799
13812
13814
13818
13830
13847
13852
13859
13860
13862
13864
13871
13873
13884
13899
13900
13913
13915
13925
13933
13934
13940
13941
13948
13956
13957
13963
13970
13975
13981
13995
13999
14001
14004
14019
14023
14032
14034
14035
14040
14056
14058
14060
14064
14069
14072
14074
14078
14079
14094
14101
14118
14124
14130
14135
14152
14158
14163
14176
14182
14200
14205
14214
14216
14236
14237
14240
14242
14247
14273
14274
14276
14279
14304
14305
14310
14329
14330
14334
14338
14345
14356
14360
14361
14365
14375
14376
14382
14393
14402
14405
14407
14408
14412
14443
14447
14461
14470
14473
14481
14485
14489
14491
14514
14515
14523
14524
14528
14530
14540
14560
14567
14575
14578
14589
14643
14653
14660
14668
14682
14687
14691
14694
14698
14719
14739
14760
14768
14771
14774
14776
14777
14795
14799
14803
14813
14815
14818
14821
14826
14827
14833
14834
14842
14844
14850
14853
14864
14872
14882
14905
14912
14913
14920
14922
14932
14938
14947
14951
14969
14979
14981
14997
14004
14064
14072
14074
14078
14079
14130
14182
14247
14273
14365
14375
14382
14485
14560
14578
14668
14691
14882
14947
14034
14040
14056
14060
14124
14163
14205
14236
14276
14304
14310
14330
14361
14407
14408
14447
14461
14491
14514
14698
14803
14821
14842
14850
14872
14932
14938
14979
14001
14004
14019
14023
14032
14034
14035
14040
14049
14054
14056
14058
14060
14064
14069
14072
14074
14078
14079
14088
14094
14097
14101
14115
14118
14124
14127
14130
14135
14152
14158
14163
14176
14182
14200
14205
14214
14216
14224
14236
14237
14240
14242
14247
14249
14272
14273
14274
14276
14279
14292
14304
14305
14310
14328
14329
14330
14334
14338
14345
14349
14356
14360
14361
14365
14375
14376
14382
14393
14402
14405
14407
14408
14412
14443
14447
14461
14470
14473
14474
14479
14481
14484
14485
14489
14491
14508
14514
14515
14523
14524
14528
14530
14539
14540
14560
14567
14575
14578
14580
14589
14598
14622
14627
14643
14653
14658
14660
14668
14682
14687
14691
14694
14698
14719
14728
14730
14737
14739
14760
14768
14769
14771
14774
14776
14777
14795
14799
14803
14810
14813
14815
14818
14821
14826
14827
14833
14834
14840
14842
14844
14850
14853
14854
14864
14866
14872
14882
14905
14912
14913
14920
14922
14932
14938
14947
14951
14969
14979
14980
14981
14997
14004
14023
14034
14040
14056
14060
14064
14072
14074
14078
14079
14101
14124
14130
14135
14163
14182
14205
14236
14240
14242
14247
14273
14276
14304
14310
14329
14330
14334
14345
14360
14361
14365
14375
14382
14393
14407
14408
14447
14461
14473
14485
14491
14514
14560
14578
14643
14660
14668
14691
14698
14768
14777
14803
14821
14827
14842
14850
14853
14872
14882
14932
14938
14947
14951
14979
15059
15137
15155
15186
15219
15220
15253
15264
15281
15291
15329
15358
15442
15540
15553
15557
15611
15775
15780
15785
15838
15847
15855
15913
15922
15969
15000
15005
15012
15022
15023
15024
15026
15029
15033
15035
15044
15056
15059
15062
15074
15079
15083
15097
15105
15106
15115
15121
15122
15130
15131
15137
15139
15154
15155
15158
15164
15167
15185
15186
15193
15196
15197
15198
15203
15210
15219
15220
15223
15228
15244
15246
15248
15253
15258
15264
15277
15281
15290
15291
15301
15306
15314
15317
15318
15322
15328
15329
15333
15334
15340
15346
15351
15355
15357
15358
15373
15374
15383
15385
15399
15418
15438
15442
15451
15461
15486
15496
15498
15499
15510
15523
15535
15536
15540
15551
15553
15557
15572
15573
15581
15582
15591
15593
15595
15601
15604
15611
15616
15618
15627
15633
15641
15647
15652
15659
15667
15674
15681
15687
15702
15709
15713
15714
15718
15720
15740
15743
15746
15751
15757
15763
15772
15775
15780
15781
15785
15789
15790
15791
15796
15812
15824
15833
15836
15838
15843
15847
15851
15855
15863
15866
15867
15883
15886
15898
15899
15908
15913
15922
15923
15924
15927
15929
15934
15944
15948
15953
15955
15968
15969
15971
17173
17181
17378
17581
17662
17702
17707
17717
17762
17819
17883
17964
17017
17139
17173
17181
17184
17200
17227
17253
17299
17352
17378
17388
17400
17422
17433
17446
17580
17581
17633
17639
17662
17697
17702
17707
17714
17717
17762
17793
17819
17828
17851
17883
17889
17905
17909
17964
17970
17989
17016
17057
17060
17070
17112
17141
17164
17168
17179
17204
17225
17260
17266
17317
17333
17397
17524
17530
17572
17573
17579
17674
17711
17713
17757
17798
17891
17893
17936
18071
18132
18134
18179
18434
18435
18528
18652
18670
18672
18712
18723
18743
18779
18804
18835
18861
18898
18911
18985
19074
19138
19152
19171
19197
19202
19203
19210
19222
19292
19318
19354
19357
19393
19417
19418
19431
19448
19476
19480
19491
19493
19494
19536
19542
19552
19561
19629
19676
19680
19687
19699
19700
19706
19726
19755
19795
19814
19833
19834
19860
19909
19945
19992
20044
20126
20155
20183
20191
20249
20393
20407
20428
20454
20526
20576
20659
20675
20710
20746
20831
20835
20961
20012
20013
20020
20039
20094
20123
20127
20186
20208
20244
20283
20351
20355
20369
20382
20400
20404
20437
20438
20467
20488
20491
20517
20587
20605
20611
20648
20700
20728
20859
20877
20911
20981
21017
21067
21146
21184
21194
21228
21252
21266
21342
21350
21357
21358
21367
21388
21439
21527
21546
21550
21551
21558
21578
21602
21654
21660
21665
21767
21799
21835
21837
21873
21893
21895
21900
21067
21228
21266
21342
21551
21660
21665
21767
21799
21873
21895
21017
21036
21058
21067
21133
21146
21164
21184
21194
21216
21228
21230
21252
21257
21262
21263
21266
21342
21350
21357
21358
21367
21388
21418
21439
21440
21447
21482
21492
21512
21527
21546
21550
21551
21558
21575
21578
21602
21654
21660
21665
21682
21734
21767
21799
21823
21835
21837
21873
21893
21895
21897
21900
21919
21992
23000
23114
23153
23246
23253
23277
23317
23329
23334
23371
23417
23432
23442
23508
23580
23714
23829
23843
23873
23880
24005
24010
24016
24018
24020
24021
24032
24033
24034
24040
24048
24066
24067
24071
24082
24085
24086
24101
24108
24119
24128
24132
24148
24151
24157
24161
24167
24175
24183
24187
24189
24190
24193
24195
24197
24201
24212
24214
24223
24226
24232
24249
24268
24281
24282
24284
24291
24293
24294
24298
24300
24313
24318
24320
24322
24323
24331
24335
24340
24343
24351
24359
24369
24376
24378
24379
24381
24382
24391
24393
24395
24401
24418
24419
24423
24424
24432
24435
24438
24444
24446
24447
24469
24470
24474
24476
24480
24493
24495
24504
24510
24511
24516
24518
24519
24525
24534
24541
24542
24548
24561
24562
24576
24579
24583
24587
24589
24591
24604
24608
24609
24611
24624
24629
24638
24643
24644
24650
24658
24660
24664
24667
24671
24690
24703
24708
24711
24712
24713
24716
24718
24724
24729
24736
24740
24750
24752
24759
24763
24765
24771
24772
24774
24775
24782
24789
24793
24799
24803
24808
24814
24815
24816
24819
24846
24863
24864
24874
24887
24893
24895
24899
24900
24903
24912
24920
24926
24945
24947
24948
24954
24956
24959
24963
24965
24967
24972
24973
24979
24987
24988
24992
24994
24996
24998
24010
24020
24032
24033
24048
24071
24101
24132
24151
24175
24201
24214
24226
24281
24300
24313
24322
24323
24369
24393
24395
24435
24447
24519
24525
24542
24587
24643
24711
24712
24713
24724
24729
24782
24789
24793
24799
24863
24903
24963
24973
24979
24005
24010
24016
24018
24020
24021
24032
24033
24048
24066
24067
24071
24082
24085
24086
24101
24108
24119
24132
24148
24151
24157
24167
24175
24183
24187
24193
24201
24212
24214
24223
24226
24232
24268
24281
24282
24284
24293
24294
24298
24300
24313
24320
24322
24323
24359
24369
24378
24379
24381
24391
24393
24395
24418
24419
24423
24435
24438
24447
24474
24476
24480
24493
24504
24510
24511
24518
24519
24525
24541
24542
24548
24562
24576
24579
24587
24589
24591
24608
24609
24611
24624
24643
24644
24664
24667
24711
24712
24713
24724
24729
24736
24740
24750
24752
24763
24774
24782
24789
24793
24799
24819
24863
24864
24874
24903
24912
24920
24945
24947
24954
24956
24963
24965
24967
24972
24973
24979
24987
24998
25009
25010
25013
25014
25015
25025
25030
25031
25034
25047
25053
25059
25064
25065
25066
25073
25075
25076
25087
25088
25092
25094
25096
25098
25106
25108
25116
25120
25130
25134
25141
25143
25151
25159
25160
25161
25171
25184
25192
25203
25206
25210
25211
25217
25223
25233
25238
25244
25247
25250
25257
25264
25265
25269
25301
25319
25320
25329
25346
25349
25350
25360
25361
25366
25384
25389
25390
25391
25393
25397
25399
25408
25416
25419
25420
25422
25427
25433
25442
25447
25453
25455
25466
25478
25487
25493
25494
25500
25505
25512
25527
25528
25534
25540
25541
25551
25559
25563
25567
25570
25573
25575
25576
25580
25584
25589
25592
25594
25596
25597
25599
25606
25627
25638
25645
25647
25652
25654
25655
25665
25673
25674
25682
25687
25690
25697
25701
25704
25718
25722
25723
25728
25730
25731
25732
25744
25745
25776
25795
25813
25814
25832
25842
25846
25857
25860
25872
25875
25882
25886
25896
25899
25908
25910
25917
25922
25927
25930
25931
25939
25942
25950
25957
25964
25970
25971
25972
25973
25975
25976
25980
25986
25992
25995
25059
25075
25076
25094
25120
25151
25192
25203
25206
25210
25211
25264
25301
25329
25399
25408
25422
25453
25455
25466
25500
25534
25551
25575
25597
25606
25627
25645
25690
25701
25722
25728
25731
25872
25886
25917
25931
25942
25970
25972
25986
25992
25015
25030
25066
25096
25238
25250
25257
25349
25391
25528
25570
25573
25584
25795
25813
25857
25950
26079
26119
26154
26175
26179
26228
26238
26274
26353
26433
26444
26447
26461
26490
26503
26544
26631
26656
26673
26705
26711
26716
26825
26876
26880
26919
26984
26076
26140
26148
26198
26249
26275
26338
26471
26485
26683
26713
26722
26761
26810
26932
26949
27000
27001
27002
27005
27006
27011
27015
27018
27023
27025
27031
27034
27044
27050
27052
27054
27057
27063
27071
27082
27086
27090
27095
27097
27098
27118
27120
27123
27129
27133
27139
27147
27155
27160
27174
27179
27180
27185
27186
27187
27192
27205
27206
27208
27222
27225
27229
27244
27245
27249
27250
27257
27271
27283
27289
27297
27302
27303
27313
27314
27325
27344
27350
27354
27355
27368
27370
27382
27393
27396
27401
27407
27410
27416
27417
27418
27434
27439
27447
27452
27457
27458
27462
27463
27477
27479
27494
27495
27501
27502
27503
27522
27523
27526
27531
27544
27546
27548
27552
27553
27569
27572
27575
27576
27577
27580
27586
27602
27603
27604
27613
27617
27621
27630
27636
27639
27642
27657
27660
27673
27676
27680
27683
27685
27686
27689
27691
27695
27701
27702
27706
27707
27722
27726
27727
27735
27747
27760
27765
27766
27776
27782
27785
27789
27790
27798
27799
27803
27809
27811
27812
27815
27822
27827
27828
27832
27833
27836
27838
27839
27842
27844
27845
27852
27854
27858
27861
27875
27880
27882
27884
27909
27917
27920
27923
27927
27935
27936
27937
27947
27948
27951
27961
27963
27970
27987
27992
27994
27995
27998
27011
27123
27139
27180
27250
27303
27350
27354
27447
27457
27544
27572
27613
27766
27782
27833
27844
27923
27951
28016
28075
28112
28159
28176
28183
28265
28311
28331
28387
28404
28419
28437
28450
28597
28617
28639
28714
28738
28739
28748
28826
28868
28911
28917
28918
28950
28011
28016
28033
28051
28075
28089
28111
28112
28120
28126
28159
28163
28176
28183
28192
28231
28265
28311
28331
28354
28376
28385
28387
28404
28409
28416
28419
28427
28437
28447
28450
28507
28523
28537
28538
28550
28555
28591
28597
28607
28608
28617
28639
28663
28667
28695
28708
28714
28715
28738
28739
28748
28826
28853
28868
28897
28899
28903
28911
28917
28918
28929
28950
28988
28999
29014
29017
29021
29023
29042
29043
29053
29055
29070
29079
29085
29115
29125
29127
29139
29145
29181
29186
29187
29202
29217
29225
29227
29234
29264
29277
29295
29300
29313
29316
29324
29336
29342
29368
29381
29393
29396
29403
29408
29412
29415
29419
29424
29433
29443
29447
29466
29478
29479
29503
29506
29524
29544
29558
29565
29566
29584
29591
29596
29601
29630
29641
29643
29653
29654
29657
29695
29740
29742
29783
29806
29826
29839
29842
29850
29859
29886
29888
29894
29898
29912
29916
29917
29920
29924
29926
29927
29935
29961
29963
29967
29980
29995
29997
29998
29085
29115
29125
29127
29187
29316
29479
29506
29524
29544
29806
29998
29014
29042
29043
29053
29055
29085
29115
29125
29127
29181
29186
29187
29202
29217
29227
29234
29300
29313
29316
29324
29368
29381
29393
29396
29408
29412
29415
29424
29433
29443
29447
29466
29478
29479
29503
29506
29524
29544
29558
29591
29596
29601
29630
29653
29657
29740
29742
29806
29826
29839
29859
29886
29888
29894
29916
29935
29961
29967
29980
29997
29998
29017
29021
29023
29070
29079
29139
29145
29225
29264
29277
29295
29336
29342
29403
29419
29565
29566
29584
29641
29643
29654
29695
29783
29842
29850
29898
29912
29917
29920
29924
29926
29927
29963
29995
31040
31048
31091
31095
31099
31104
31116
31136
31206
31285
31291
31302
31332
31341
31367
31369
31378
31393
31404
31414
31428
31435
31440
31442
31470
31488
31493
31499
31500
31533
31535
31557
31586
31587
31592
31595
31604
31615
31633
31665
31671
31685
31703
31715
31718
31722
31765
31800
31832
31836
31842
31845
31863
31874
31879
31904
31910
31922
31962
31091
31095
31136
31332
31369
31414
31428
31442
31488
31500
31535
31557
31586
31587
31592
31615
31633
31665
31685
31703
31715
31718
31765
31800
31842
31845
31863
31910
31922
31005
31012
31040
31048
31088
31091
31095
31099
31104
31116
31136
31147
31159
31174
31206
31233
31237
31242
31250
31256
31267
31285
31291
31294
31302
31332
31333
31341
31367
31369
31378
31389
31390
31391
31393
31396
31403
31404
31414
31428
31429
31435
31440
31442
31470
31480
31488
31493
31499
31500
31514
31533
31535
31557
31561
31586
31587
31592
31595
31602
31604
31606
31615
31633
31650
31665
31671
31685
31694
31697
31703
31715
31718
31722
31726
31756
31765
31777
31800
31813
31819
31820
31832
31836
31842
31845
31851
31855
31863
31874
31877
31879
31893
31904
31910
31922
31962
31968
31978
31985
32032
32075
32096
32108
32153
32194
32205
32240
32304
32479
32484
32545
32655
32692
32778
32819
32823
32848
32932
32974
32976
32987
33042
33108
33115
33143
33162
33248
33308
33318
33319
33382
33420
33426
33464
33504
33523
33546
33585
33647
33744
33777
33869
33887
33942
33995
34216
34337
34361
34540
34598
34632
34641
34743
34744
34808
34884
34930
