Finalized group 4.txt
8
66
70
78
139
198
303
319
338
365
403
414
462
765
840
862
935
1039
1119
1138
1155
1161
1168
1183
1185
1186
1248
1302
1323
1327
1342
1401
1439
1496
1497
1503
1632
1671
1690
1794
1824
1871
1895
1930
1961
1980
2008
2044
2090
2158
2180
2214
2277
2312
2360
2363
2381
2409
2411
2510
2515
2622
2652
2674
2755
2778
2861
2878
2885
2050
2053
2056
2066
2078
2086
2172
2182
2206
2215
2227
2240
2270
2286
2368
2391
2413
2427
2478
2490
2535
2571
2593
2611
2710
2714
2720
2729
2799
2843
2852
2862
2870
2884
2905
2912
2936
2976
2979
2050
2053
2066
2086
2182
2215
2240
2368
2391
2427
2478
2490
2535
2593
2720
2799
2862
2870
2905
2936
2008
2044
2050
2053
2056
2066
2078
2086
2090
2158
2172
2180
2182
2206
2214
2215
2227
2240
2270
2277
2286
2312
2360
2363
2368
2381
2391
2409
2411
2413
2427
2478
2490
2510
2515
2535
2571
2593
2611
2622
2652
2674
2710
2714
2720
2729
2755
2778
2799
2843
2852
2861
2862
2870
2878
2884
2885
2905
2912
2936
2976
2979
3201
3240
3262
3363
3388
3456
3472
3492
3563
3648
3687
3755
3795
3863
3886
3890
5087
5094
5095
5125
5204
5226
5259
5272
5445
5462
5709
5744
5087
5094
5095
5125
5140
5204
5226
5259
5260
5272
5284
5329
5377
5384
5388
5422
5445
5461
5462
5503
5690
5706
5709
5744
5750
5771
5923
5969
6022
6028
6049
6071
6083
6094
6180
6186
6195
6201
6205
6221
6240
6253
6261
6270
6277
6333
6351
6401
6449
6462
6472
6530
6547
6564
6572
6582
6595
6601
6632
6650
6663
6678
6707
6711
6717
6748
6762
6765
6770
6772
6778
6797
6817
6820
6825
6849
6854
6867
6870
6923
6957
6962
6980
6992
6049
6094
6180
6195
6201
6221
6240
6261
6270
6277
6333
6401
6462
6472
6547
6572
6595
6632
6650
6678
6707
6762
6765
6770
6797
6962
6992
7000
7069
7157
7173
7174
7212
7217
7231
7266
7291
7434
7441
7470
7486
7509
7532
7568
7603
7651
7681
7718
7723
7724
7731
7738
7747
7781
7803
7811
7815
7826
7846
7881
7898
7947
7956
7972
8006
8024
8051
8063
8067
8070
8104
8115
8121
8128
8133
8147
8153
8160
8162
8180
8216
8239
8276
8315
8358
8360
8362
8369
8371
8373
8377
8400
8417
8449
8452
8454
8496
8508
8516
8517
8548
8562
8597
8599
8612
8665
8698
8700
8701
8719
8726
8740
8743
8815
8819
8829
8833
8834
8836
8842
8849
8859
8860
8868
8874
8900
8921
8924
8930
8933
8948
8960
8978
8979
8994
8997
8070
8104
8160
8180
8239
8360
8362
8548
8599
8665
8701
8740
8833
8842
8860
8868
8924
8070
8104
8160
8180
8239
8276
8360
8362
8548
8599
8665
8701
8719
8726
8740
8833
8842
8860
8868
8874
8921
8924
8948
9292
9306
9311
9352
9392
9493
9505
9565
9574
9593
9648
9793
9978
10026
10045
10062
10072
10073
10074
10078
10079
10084
10102
10103
10116
10145
10163
10164
10165
10177
10192
10196
10197
10201
10204
10211
10219
10247
10261
10274
10287
10291
10302
10311
10322
10325
10331
10418
10420
10434
10436
10437
10439
10440
10447
10448
10470
10478
10492
10496
10527
10537
10545
10552
10558
10609
10645
10660
10709
10743
10752
10771
10777
10778
10789
10800
10802
10818
10827
10830
10857
10865
10866
10899
10902
10912
10917
10940
10942
10947
10954
10972
11091
11156
11238
11293
11434
11465
11490
11622
11706
11730
11945
11996
12027
12072
12097
12099
12132
12142
12313
12330
12339
12428
12433
12439
12453
12585
12633
12741
12807
12827
12832
12840
12920
12967
13087
13093
13094
13126
13152
13163
13176
13182
13192
13226
13255
13258
13305
13306
13310
13339
13375
13379
13407
13429
13452
13471
13478
13537
13557
13560
13573
13588
13598
13606
13643
13647
13648
13662
13669
13681
13691
13724
13748
13769
13811
13831
13878
13897
13928
13996
14007
14017
14031
14038
14042
14044
14046
14047
14062
14077
14102
14112
14132
14136
14175
14177
14184
14187
14219
14245
14253
14255
14269
14280
14309
14314
14331
14388
14395
14422
14424
14431
14444
14455
14492
14493
14516
14527
14561
14564
14569
14592
14671
14680
14688
14703
14704
14715
14724
14725
14732
14744
14751
14843
14848
14884
14886
14908
14924
14926
14945
14949
14953
14956
14975
14990
14992
14998
15073
15099
15119
15134
15152
15160
15187
15195
15212
15229
15233
15270
15292
15309
15321
15350
15363
15364
15386
15391
15408
15458
15492
15508
15546
15556
15558
15561
15563
15568
15570
15590
15619
15644
15677
15685
15690
15694
15698
15700
15734
15759
15793
15805
15823
15911
15914
15990
16000
16036
16053
16142
16153
16162
16231
16257
16318
16444
16463
16489
16536
16595
16704
16815
16892
16917
16942
17074
17102
17162
17178
17187
17210
17231
17263
17264
17265
17279
17286
17371
17376
17432
17441
17503
17506
17598
17617
17701
17746
17758
17832
17833
17841
17856
17972
17977
18052
18086
18191
18215
18287
18288
18289
18307
18350
18423
18443
18503
18516
18524
18579
18636
18639
18731
18781
18801
18802
18874
18876
18925
18965
19026
19077
19132
19170
19227
19232
19241
19255
19311
19344
19435
19461
19485
19545
19559
19580
19642
19659
19674
19675
19701
19738
19767
19784
19812
19827
19855
19952
19985
19077
19132
19170
19227
19232
19311
19659
19674
19701
19784
19827
19952
20014
20033
20069
20083
20115
20121
20147
20164
20172
20185
20229
20234
20241
20266
20269
20282
20290
20315
20320
20327
20349
20362
20372
20392
20394
20420
20457
20483
20494
20508
20519
20522
20530
20562
20582
20595
20603
20604
20609
20635
20652
20660
20678
20687
20719
20731
20743
20749
20752
20754
20783
20812
20820
20844
20857
20882
20885
20889
20906
20914
20920
20953
20971
20974
20995
21095
21188
21222
21241
21256
21427
21442
21463
21538
21741
21774
21838
21040
21054
21112
21178
21179
21214
21235
21243
21247
21309
21315
21322
21462
21526
21540
21573
21588
21686
21688
21746
21753
21770
21789
21862
21081
21082
21095
21117
21125
21126
21185
21188
21192
21198
21206
21222
21226
21229
21241
21256
21299
21310
21336
21401
21416
21427
21442
21460
21463
21488
21500
21538
21547
21580
21590
21609
21626
21715
21721
21741
21774
21838
21846
21883
21896
21935
21950
21095
21125
21185
21188
21198
21222
21241
21256
21310
21336
21416
21427
21442
21463
21488
21538
21590
21741
21774
21838
21950
22011
22012
22026
22067
22105
22110
22119
22132
22137
22138
22147
22174
22180
22188
22231
22246
22260
22308
22310
22353
22356
22363
22365
22373
22375
22378
22397
22439
22441
22453
22460
22461
22506
22507
22510
22523
22544
22553
22559
22567
22579
22607
22612
22646
22665
22674
22693
22707
22710
22718
22721
22739
22760
22763
22765
22859
22908
22963
22067
22365
22397
22453
22460
22510
22559
22607
22646
22693
22718
22963
23025
23059
23070
23110
23118
23122
23124
23142
23155
23157
23181
23182
23186
23189
23217
23223
23278
23297
23314
23319
23335
23385
23455
23466
23475
23478
23519
23525
23537
23603
23616
23628
23657
23683
23706
23720
23728
23741
23743
23744
23758
23792
23814
23815
23819
23832
23865
23885
23888
23902
23918
23926
23936
23938
23952
23966
23999
23025
23118
23124
23157
23181
23186
23189
23217
23335
23385
23478
23519
23537
23603
23616
23628
23657
23706
23728
23743
23744
23792
23814
23815
23819
23865
23885
23888
23902
23926
23938
23952
23966
23999
24061
24103
24143
24297
24319
24329
24454
24466
24694
24702
24753
24798
24867
24981
25004
25008
25016
25033
25253
25351
25392
25410
25431
25451
25510
25516
25560
25667
25879
25926
25929
25994
25004
25008
25016
25033
25074
25253
25296
25351
25368
25376
25392
25410
25412
25431
25451
25464
25510
25516
25560
25561
25630
25667
25822
25879
25926
25929
25936
25994
26014
26029
26032
26041
26078
26098
26158
26239
26319
26334
26384
26412
26478
26522
26528
26534
26547
26563
26643
26771
26788
26801
26920
26941
26993
26041
26078
26098
26158
26334
26384
26412
26522
26528
26534
26547
26643
26771
26788
26801
26920
26941
27016
27043
27059
27075
27078
27080
27108
27142
27183
27295
27343
27353
27357
27361
27380
27395
27414
27421
27445
27497
27504
27541
27606
27608
27655
27667
27668
27674
27697
27723
27728
27755
27810
27840
27850
27879
27888
27896
27931
27941
27976
27989
27991
27016
27043
27078
27080
27108
27142
27183
27343
27361
27395
27414
27497
27541
27606
27667
27697
27728
27850
27888
27896
27931
27941
27976
27989
27991
28054
28057
28191
28200
28223
28273
28321
28452
28535
28609
28632
28648
28669
28685
28698
28700
28722
28741
28785
28819
28832
28847
28907
28926
28991
28003
28122
28157
28185
28283
28308
28475
28481
28484
28530
28558
28598
28610
28650
28794
28844
28855
30033
30038
30047
30048
30051
30070
30074
30107
30135
30139
30148
30171
30181
30196
30222
30241
30268
30281
30318
30330
30336
30338
30348
30352
30353
30362
30410
30445
30451
30454
30481
30498
30543
30653
30676
30720
30729
30790
30827
30837
30848
30866
30876
30926
30966
30989
30993
30070
30074
30139
30148
30222
30330
30338
30348
30362
30410
30445
30481
30498
30676
30720
30729
30837
30876
30926
30966
30047
30048
30070
30074
30107
30135
30139
30148
30171
30181
30196
30222
30268
30281
30330
30338
30348
30352
30362
30410
30445
30451
30454
30481
30498
30543
30653
30676
30720
30729
30790
30827
30837
30866
30876
30926
30966
30993
30047
30048
30107
30135
30171
30181
30196
30268
30281
30352
30451
30454
30543
30653
30790
30827
30866
30993
31003
31009
31056
31058
31070
31071
31073
31077
31102
31153
31184
31197
31273
31309
31310
31335
31342
31356
31362
31385
31386
31410
31439
31462
31518
31620
31706
31787
31792
31793
31866
31880
31927
31931
31948
31003
31058
31070
31077
31153
31273
31310
31342
31356
31385
31787
31866
31880
31927
32058
32179
32182
32207
32236
32255
32361
32380
32381
32396
32403
32566
32619
32686
32703
32704
32725
32728
32741
32773
32835
32837
32879
32901
32978
32999
33003
33005
33024
33037
33044
33055
33058
33068
33129
33132
33137
33145
33192
33205
33212
33247
33259
33282
33284
33295
33301
33359
33371
33421
33423
33439
33445
33451
33453
33472
33474
33476
33484
33496
33530
33533
33542
33605
33606
33617
33642
33650
33656
33657
33660
33666
33678
33679
33716
33729
33745
33751
33766
33783
33796
33807
33819
33828
33829
33837
33840
33860
33940
33949
33970
33975
33980
33996
33037
33044
33058
33192
33472
33533
33605
33606
33642
33679
33751
33837
33940
33996
34028
34033
34042
34049
34051
34069
34072
34080
34097
34116
34137
34145
34149
34173
34189
34195
34243
34275
34283
34290
34303
34305
34319
34364
34374
34380
34398
34403
34415
34424
34442
34444
34445
34449
34477
34479
34524
34532
34537
34549
34614
34616
34635
34645
34663
34664
34688
34701
34714
34756
34759
34760
34771
34785
34787
34791
34794
34795
34838
34853
34855
34856
34859
34881
34893
34896
34937
34955
34956
34028
34049
34051
34080
34116
34145
34173
34189
34195
34275
34305
34319
34364
34380
34424
34442
34444
34449
34477
34537
34549
34616
34645
34663
34688
34714
34759
34760
34771
34785
34787
34791
34855
34856
34955
34049
34051
34116
34189
34275
34319
34442
34449
34537
34549
34663
34688
34759
34785
34791
