Finalized group 5.txt
2022
2107
2130
2146
2173
2256
2261
2281
2317
2653
2746
2772
2780
2788
2923
4001
4037
4077
4080
4096
4101
4122
4124
4132
4138
4143
4185
4207
4214
4240
4256
4269
4271
4293
4321
4328
4329
4332
4335
4345
4350
4351
4357
4394
4400
4409
4417
4418
4422
4425
4434
4438
4447
4459
4544
4586
4602
4610
4623
4624
4625
4633
4648
4654
4667
4677
4679
4686
4699
4715
4717
4737
4757
4765
4767
4779
4783
4801
4811
4819
4852
4854
4858
4899
4906
4912
4935
4950
4953
4970
4988
5023
5053
5104
5200
5324
5335
5372
5449
5456
5481
5508
5514
5522
5609
5640
5642
5654
5687
5705
5734
5792
5851
5868
5889
5937
5963
5976
6061
6090
6091
6093
6098
6116
6135
6156
6234
6282
6299
6300
6352
6356
6406
6428
6468
6505
6531
6628
6646
6666
6722
6805
6830
6864
6934
6943
6965
6988
6108
6139
6168
6237
6247
6298
6391
6417
6464
6647
6674
6740
6790
6821
6827
6968
9000
9067
9085
9263
9324
9497
9534
9617
9756
9866
9908
9016
9026
9120
9160
9274
9297
9321
9475
9611
9632
9728
9779
9000
9016
9026
9067
9085
9120
9160
9263
9274
9297
9321
9324
9475
9497
9534
9611
9617
9632
9728
9756
9779
9866
9908
10059
10063
10157
10160
10184
10230
10282
10320
10335
10374
10459
10539
10613
10646
10776
10854
10891
10901
10975
10979
11022
11023
11029
11033
11049
11094
11096
11159
11173
11184
11185
11202
11243
11246
11256
11268
11277
11278
11281
11285
11291
11295
11314
11326
11330
11332
11338
11356
11401
11408
11429
11447
11457
11473
11480
11482
11488
11544
11551
11552
11567
11580
11587
11593
11602
11609
11630
11631
11650
11654
11707
11708
11717
11741
11773
11794
11843
11910
11968
11999
11022
11029
11184
11202
11256
11278
11314
11326
11457
11480
11488
11544
11551
11567
11654
11708
11741
11773
11794
11968
11022
11029
11049
11096
11184
11202
11243
11256
11278
11314
11326
11330
11356
11401
11457
11480
11488
11544
11551
11567
11609
11630
11654
11708
11717
11741
11773
11794
11843
11968
13011
13074
13224
13325
13341
13345
13497
13590
13721
13753
13798
13922
13965
15003
15039
15048
15065
15072
15080
15082
15104
15143
15147
15180
15216
15232
15236
15272
15279
15337
15342
15345
15360
15378
15446
15475
15480
15487
15519
15533
15534
15560
15562
15577
15578
15588
15622
15623
15632
15649
15660
15666
15672
15678
15686
15711
15715
15719
15723
15725
15742
15767
15782
15794
15846
15858
15884
15896
15907
15915
15933
15938
15942
15946
15947
15958
15960
15964
15975
15993
19024
19066
19101
19104
19107
19109
19113
19127
19142
19166
19168
19169
19180
19186
19220
19247
19248
19276
19330
19331
19340
19345
19349
19365
19367
19368
19398
19434
19470
19471
19482
19498
19509
19534
19603
19605
19607
19618
19625
19644
19655
19667
19753
19763
19791
19803
19852
19853
19931
19937
19991
20001
20090
20134
20194
20370
20419
20498
20571
20585
20682
20709
20745
20775
20821
20869
20871
20898
20912
21037
21083
21086
21109
21145
21155
21175
21209
21223
21307
21364
21394
21396
21411
21415
21466
21479
21612
21649
21657
21668
21733
21735
21742
21782
21845
21854
21871
21885
21912
21913
21938
21945
21953
21963
22061
22072
22101
22109
22131
22160
22198
22218
22245
22247
22283
22294
22300
22313
22315
22331
22345
22354
22364
22385
22400
22409
22421
22446
22477
22503
22551
22562
22572
22593
22620
22639
22648
22658
22659
22706
22748
22757
22790
22797
22808
22831
22856
22857
22939
22940
22967
22972
22979
22997
23007
23010
23027
23055
23057
23073
23079
23082
23112
23119
23150
23159
23172
23190
23195
23196
23201
23207
23244
23295
23345
23354
23365
23373
23383
23395
23397
23403
23413
23421
23469
23471
23514
23526
23529
23532
23577
23581
23600
23606
23613
23623
23626
23635
23672
23693
23696
23725
23735
23750
23763
23779
23788
23790
23804
23825
23907
23922
23950
23959
23960
23965
23968
24004
24013
24031
24036
24055
24056
24059
24099
24129
24158
24177
24182
24199
24260
24263
24270
24274
24283
24288
24289
24302
24307
24327
24390
24397
24398
24461
24479
24498
24528
24531
24564
24567
24574
24578
24601
24602
24616
24645
24652
24723
24748
24766
24794
24796
24842
24847
24856
24870
24883
24906
24924
24958
24993
24004
24031
24059
24270
24283
24302
24327
24531
24567
24723
24883
25039
25079
25104
25124
25163
25172
25193
25209
25225
25241
25302
25332
25362
25377
25472
25481
25489
25514
25532
25545
25571
25581
25590
25657
25733
25737
25756
25759
25770
25782
25783
25804
25805
25810
25811
25836
25839
25847
25850
25863
25871
25878
25900
25959
25996
29048
29238
29246
29258
29271
29389
29473
29507
29514
29674
29714
29770
29921
29945
30007
30055
30102
30198
30203
30235
30267
30270
30294
30296
30297
30311
30426
30467
30483
30489
30557
30646
30677
30679
30715
30771
30792
30881
30918
30957
30963
31027
31035
31067
31124
31172
31254
31334
31545
31549
31616
31757
31825
31895
31947
31997
32030
32127
32295
32353
32366
32439
32540
32589
32782
32791
32874
32897
32905
32939
32000
32030
32127
32295
32337
32353
32366
32439
32487
32540
32589
32598
32722
32782
32791
32793
32839
32864
32874
32897
32905
32936
32939
