Finalized group 6.txt
123
177
254
314
322
367
419
434
536
574
766
929
992
1051
1073
1170
1304
1453
1514
1531
1534
1541
1644
1646
1651
1702
1714
1814
1859
1869
1900
1944
1958
2041
2057
2123
2150
2253
2275
2367
2371
2375
2406
2594
2662
2667
2670
2682
2756
2816
2926
2041
2057
2072
2123
2150
2253
2258
2275
2357
2367
2371
2375
2376
2386
2406
2483
2485
2594
2645
2651
2662
2667
2670
2682
2756
2816
2920
2926
4131
4141
4170
4183
4196
4222
4223
4353
4367
4416
4429
4443
4461
4535
4574
4657
4694
4733
4745
4931
4973
4131
4141
4196
4223
4353
4367
4429
4443
4694
4733
4973
6047
6074
6076
6082
6170
6188
6348
6420
6523
6759
6836
6856
6888
6905
6937
8209
8302
8447
8515
8526
8542
8602
8741
8767
8801
8915
8975
8985
9017
9149
9165
9167
9231
9243
9249
9368
9476
9513
9614
9679
9900
9966
9968
11191
11192
11308
11333
11346
11366
11426
11496
11535
11539
11575
11695
11832
11983
11997
12038
12131
12137
12168
12374
12421
12426
12429
12472
12492
12500
12626
12833
12853
12918
13042
13048
13062
13070
13133
13138
13169
13184
13265
13285
13298
13350
13356
13462
13493
13578
13656
13683
13696
13709
13772
13776
13822
13841
13898
13967
13042
13048
13133
13184
13265
13356
13493
13696
13776
13822
13967
14015
14029
14050
14095
14119
14186
14195
14228
14233
14270
14288
14406
14409
14435
14464
14510
14583
14641
14645
14692
14702
14778
14801
14835
14836
14015
14029
14095
14195
14233
14288
14409
14435
14464
14583
14645
14702
14801
14835
14836
17224
17332
17399
17495
17715
17748
17752
17782
17915
17951
17954
18000
18062
18082
18090
18094
18192
18293
18297
18308
18364
18379
18444
18474
18488
18573
18836
18841
18859
18927
18936
18980
23115
23194
23198
23323
23358
23448
23479
23491
23541
23579
23583
23636
23679
23797
23862
23892
23994
24047
24054
24060
24206
24210
24217
24258
24286
24316
24399
24484
24594
24630
24719
24743
24902
24909
24980
25086
25111
25146
25150
25214
25229
25248
25258
25290
25330
25385
25418
25430
25448
25504
25582
25632
25684
25785
25829
25856
25866
25870
25921
27069
27081
27151
27157
27237
27265
27309
27322
27346
27381
27514
27598
27659
27708
27716
27738
27831
27857
27859
27918
27938
27958
28007
28115
28306
28320
28371
28436
28513
28552
28711
28795
28891
28997
29010
29012
29123
29162
29175
29282
29453
29549
29580
29605
29622
29697
29994
31011
31031
31061
31155
31189
31202
31210
31246
31373
31408
31413
31455
31534
31571
31610
31654
31689
31691
31761
31824
31875
31888
31940
31970
31971
31011
31031
31210
31246
31373
31610
31689
31691
31824
31875
31940
31970
32011
32180
32193
32273
32318
32342
32372
32375
32394
32417
32456
32458
32499
32607
32705
32732
32764
32969
