Group 0.txt from replicate 32
31013
31024
31025
31026
31029
31034
31037
31044
31050
31051
31052
31057
31063
31078
31081
31092
31093
31094
31106
31109
31112
31115
31120
31137
31138
31144
31145
31148
31158
31160
31161
31171
31177
31180
31187
31188
31200
31212
31215
31224
31225
31227
31234
31247
31248
31251
31258
31261
31264
31268
31278
31282
31286
31288
31290
31296
31306
31313
31315
31316
31322
31325
31340
31344
31345
31348
31349
31351
31361
31371
31381
31382
31388
31394
31395
31398
31405
31409
31415
31416
31434
31451
31464
31473
31475
31494
31495
31496
31503
31505
31509
31520
31525
31527
31528
31530
31531
31542
31562
31575
31579
31582
31590
31600
31618
31626
31631
31634
31643
31651
31652
31657
31658
31670
31672
31677
31699
31700
31701
31708
31712
31713
31720
31723
31727
31728
31730
31736
31740
31741
31745
31751
31754
31759
31767
31769
31780
31791
31798
31804
31805
31807
31810
31812
31817
31831
31837
31838
31840
31846
31849
31850
31860
31873
31876
31884
31891
31894
31896
31902
31903
31913
31915
31918
31919
31929
31935
31944
31957
31979
31990
