Group 18.txt from replicate 32
31001
31005
31012
31018
31030
31040
31046
31048
31065
31069
31087
31088
31091
31095
31097
31099
31100
31104
31116
31136
31143
31147
31156
31157
31159
31164
31174
31175
31192
31206
31209
31221
31223
31233
31237
31238
31239
31240
31242
31250
31256
31267
31277
31284
31285
31291
31294
31295
31302
31308
31311
31312
31314
31320
31324
31327
31332
31333
31336
31341
31367
31369
31378
31389
31390
31391
31393
31396
31403
31404
31406
31407
31414
31419
31421
31422
31425
31428
31429
31435
31440
31441
31442
31458
31468
31470
31480
31481
31482
31488
31493
31499
31500
31510
31514
31524
31533
31535
31536
31543
31557
31558
31561
31576
31578
31581
31586
31587
31592
31594
31595
31599
31602
31603
31604
31606
31615
31628
31630
31633
31649
31650
31653
31665
31669
31671
31685
31687
31688
31694
31697
31703
31715
31718
31722
31725
31726
31747
31749
31750
31755
31756
31765
31773
31777
31779
31785
31795
31797
31800
31813
31819
31820
31822
31829
31832
31833
31836
31842
31845
31851
31855
31858
31861
31863
31874
31877
31879
31882
31883
31886
31893
31904
31910
31921
31922
31962
31968
31978
31985
31987
31992
31993
