Group 16.txt from replicate 32
31000
31010
31013
31024
31025
31026
31029
31034
31037
31038
31043
31044
31050
31051
31052
31057
31063
31064
31076
31078
31081
31092
31093
31094
31106
31109
31112
31114
31115
31120
31130
31134
31135
31137
31138
31144
31145
31148
31158
31160
31161
31162
31166
31167
31170
31171
31177
31178
31180
31183
31187
31188
31200
31212
31215
31218
31224
31225
31226
31227
31232
31234
31241
31244
31247
31248
31249
31251
31255
31257
31258
31261
31264
31268
31278
31279
31282
31286
31287
31288
31289
31290
31292
31296
31306
31313
31315
31316
31317
31319
31322
31323
31325
31340
31344
31345
31347
31348
31349
31351
31353
31354
31355
31361
31368
31371
31372
31376
31381
31382
31388
31394
31395
31398
31401
31405
31409
31415
31416
31423
31432
31433
31434
31449
31451
31454
31459
31460
31464
31466
31467
31473
31475
31485
31487
31494
31495
31496
31503
31505
31509
31520
31525
31527
31528
31530
31531
31541
31542
31550
31562
31575
31579
31582
31583
31590
31600
31601
31612
31618
31623
31626
31631
31634
31635
31643
31646
31651
31652
31657
31658
31668
31670
31672
31677
31692
31693
31699
31700
31701
31707
31708
31710
31712
31713
31714
31716
31720
31723
31727
31728
31730
31731
31734
31736
31740
31741
31745
31748
31751
31754
31759
31767
31769
31772
31776
31778
31780
31783
31791
31798
31802
31804
31805
31807
31809
31810
31812
31816
31817
31821
31823
31831
31837
31838
31840
31843
31844
31846
31849
31850
31852
31857
31860
31868
31873
31876
31884
31891
31894
31896
31899
31902
31903
31913
31915
31918
31919
31926
31929
31930
31934
31935
31941
31943
31944
31951
31953
31957
31975
31976
31977
31979
31981
31990
31991
31994
31995
