Group 17.txt from replicate 32
31004
31007
31015
31016
31019
31020
31021
31022
31033
31041
31042
31045
31049
31054
31059
31060
31072
31074
31079
31082
31083
31086
31090
31101
31103
31108
31110
31111
31113
31118
31119
31121
31123
31125
31127
31131
31133
31139
31140
31142
31146
31154
31163
31165
31168
31179
31182
31185
31190
31193
31194
31195
31196
31198
31201
31204
31205
31208
31213
31214
31217
31236
31243
31252
31253
31260
31262
31263
31265
31266
31270
31271
31274
31275
31280
31293
31299
31300
31305
31307
31321
31326
31328
31329
31331
31338
31350
31359
31360
31365
31366
31374
31380
31387
31397
31400
31402
31411
31412
31417
31418
31420
31424
31426
31430
31431
31436
31443
31444
31445
31446
31452
31453
31461
31463
31471
31474
31477
31478
31489
31492
31502
31504
31506
31507
31508
31511
31512
31513
31516
31517
31519
31521
31522
31526
31537
31539
31544
31546
31548
31552
31553
31559
31573
31574
31577
31585
31598
31607
31611
31614
31617
31622
31624
31636
31637
31638
31644
31655
31656
31660
31661
31663
31667
31679
31682
31683
31686
31690
31704
31705
31721
31732
31733
31735
31737
31739
31743
31752
31753
31760
31764
31771
31774
31775
31781
31782
31789
31790
31794
31796
31801
31803
31814
31815
31826
31839
31847
31848
31853
31854
31864
31865
31871
31878
31885
31898
31901
31906
31907
31908
31912
31914
31920
31923
31925
31936
31937
31939
31942
31945
31949
31950
31952
31954
31955
31960
31967
31972
31974
31980
31982
31983
31986
31988
31996
31998
