Group 2.txt from replicate 32
31005
31012
31040
31048
31088
31091
31095
31099
31104
31116
31136
31147
31159
31174
31206
31233
31237
31242
31250
31256
31267
31285
31291
31294
31302
31332
31333
31341
31367
31369
31378
31389
31390
31391
31393
31396
31403
31404
31414
31428
31429
31435
31440
31442
31470
31480
31488
31493
31499
31500
31514
31533
31535
31557
31561
31586
31587
31592
31595
31602
31604
31606
31615
31633
31650
31665
31671
31685
31694
31697
31703
31715
31718
31722
31726
31756
31765
31777
31800
31813
31819
31820
31832
31836
31842
31845
31851
31855
31863
31874
31877
31879
31893
31904
31910
31922
31962
31968
31978
31985
