Group 19.txt from replicate 33
32005
32009
32020
32022
32025
32028
32032
32039
32045
32049
32056
32075
32080
32085
32086
32087
32089
32096
32097
32100
32106
32107
32108
32121
32126
32128
32132
32136
32142
32152
32153
32158
32161
32169
32176
32181
32191
32194
32205
32234
32237
32240
32248
32249
32265
32275
32277
32279
32304
32309
32315
32320
32325
32326
32330
32333
32335
32355
32356
32363
32371
32373
32377
32379
32382
32386
32387
32410
32416
32441
32444
32448
32451
32459
32466
32468
32475
32477
32479
32484
32493
32504
32506
32508
32510
32511
32521
32526
32530
32532
32545
32546
32552
32557
32560
32571
32573
32575
32578
32579
32581
32583
32600
32611
32612
32620
32628
32638
32644
32645
32649
32655
32663
32674
32675
32678
32680
32688
32692
32693
32700
32707
32717
32724
32731
32735
32736
32743
32748
32750
32757
32759
32760
32766
32767
32778
32780
32785
32792
32799
32800
32810
32818
32819
32823
32836
32838
32845
32848
32854
32855
32858
32861
32868
32891
32899
32914
32927
32932
32934
32943
32951
32953
32954
32956
32970
32971
32972
32974
32976
32987
32988
32991
