Group 1.txt from replicate 33
32003
32006
32017
32026
32042
32046
32048
32050
32060
32074
32076
32077
32082
32084
32092
32099
32101
32104
32105
32115
32141
32149
32150
32154
32160
32170
32174
32175
32195
32197
32215
32217
32218
32219
32222
32227
32251
32252
32258
32274
32278
32283
32289
32291
32310
32314
32332
32338
32348
32364
32365
32367
32370
32395
32398
32399
32404
32407
32408
32419
32420
32428
32431
32434
32438
32443
32445
32457
32467
32469
32471
32476
32481
32483
32501
32502
32505
32512
32513
32514
32515
32523
32529
32531
32544
32547
32551
32556
32567
32570
32590
32593
32595
32599
32601
32602
32605
32610
32614
32615
32621
32624
32626
32630
32633
32642
32653
32666
32669
32684
32690
32697
32708
32718
32729
32742
32744
32745
32751
32756
32774
32783
32784
32788
32789
32790
32795
32806
32808
32809
32825
32834
32857
32866
32869
32871
32875
32906
32917
32918
32925
32930
32947
32952
32955
32963
32965
32968
32973
32981
32984
32985
