Group 0.txt from replicate 33
32008
32010
32012
32019
32036
32043
32052
32053
32055
32057
32062
32063
32065
32068
32069
32078
32079
32088
32091
32110
32111
32114
32118
32123
32124
32137
32138
32146
32147
32164
32173
32184
32196
32201
32211
32216
32223
32231
32238
32239
32243
32250
32253
32259
32260
32261
32268
32282
32284
32292
32296
32297
32301
32302
32305
32307
32311
32322
32341
32349
32357
32374
32392
32393
32400
32422
32440
32450
32452
32460
32470
32474
32485
32488
32494
32496
32500
32527
32528
32534
32537
32538
32539
32541
32543
32559
32563
32564
32569
32576
32582
32586
32594
32606
32608
32609
32617
32618
32625
32629
32631
32634
32635
32646
32650
32651
32652
32659
32660
32661
32670
32671
32672
32673
32681
32682
32687
32694
32710
32712
32714
32715
32716
32719
32720
32723
32726
32733
32737
32739
32749
32761
32765
32768
32771
32779
32794
32797
32801
32805
32816
32826
32830
32831
32840
32842
32847
32851
32853
32870
32873
32877
32886
32888
32892
32904
32908
32916
32921
32923
32928
32929
32933
32935
32938
32941
32946
32949
32982
32983
32989
