Group 18.txt from replicate 33
32003
32004
32006
32015
32017
32018
32026
32029
32041
32042
32046
32048
32050
32054
32060
32074
32076
32077
32082
32084
32092
32099
32101
32102
32103
32104
32105
32109
32115
32135
32141
32143
32149
32150
32154
32157
32160
32168
32170
32174
32175
32186
32187
32195
32197
32209
32210
32212
32215
32217
32218
32219
32222
32225
32227
32233
32235
32246
32251
32252
32258
32267
32270
32274
32278
32283
32286
32287
32289
32291
32298
32303
32308
32310
32314
32331
32332
32334
32338
32343
32344
32346
32348
32350
32351
32359
32364
32365
32367
32368
32370
32389
32391
32395
32398
32399
32404
32407
32408
32415
32419
32420
32425
32428
32431
32432
32434
32436
32437
32438
32443
32445
32453
32454
32457
32461
32463
32467
32469
32471
32472
32476
32481
32483
32501
32502
32503
32505
32512
32513
32514
32515
32520
32523
32529
32531
32544
32547
32551
32553
32556
32567
32570
32572
32577
32590
32593
32595
32596
32599
32601
32602
32605
32610
32614
32615
32621
32624
32626
32630
32633
32642
32653
32666
32669
32676
32679
32684
32690
32697
32708
32718
32729
32730
32742
32744
32745
32746
32747
32751
32756
32770
32774
32781
32783
32784
32787
32788
32789
32790
32795
32796
32806
32808
32809
32815
32825
32827
32834
32856
32857
32866
32869
32871
32875
32876
32890
32893
32906
32917
32918
32925
32930
32942
32947
32952
32955
32963
32965
32968
32973
32981
32984
32985
32986
32990
32993
32997
32998
