Group 2.txt from replicate 3
2001
2007
2014
2020
2029
2032
2038
2058
2061
2064
2077
2081
2083
2087
2100
2105
2122
2128
2129
2131
2133
2134
2140
2147
2149
2155
2163
2177
2200
2201
2203
2217
2218
2220
2243
2244
2247
2252
2259
2265
2273
2279
2284
2289
2299
2304
2308
2322
2333
2335
2344
2346
2347
2359
2374
2384
2396
2398
2401
2402
2412
2421
2423
2430
2437
2440
2441
2442
2450
2455
2461
2475
2477
2482
2484
2486
2492
2522
2525
2538
2540
2555
2556
2557
2572
2584
2595
2607
2614
2617
2620
2624
2627
2633
2634
2636
2665
2687
2691
2703
2705
2707
2715
2717
2725
2733
2738
2771
2779
2782
2786
2793
2876
2880
2881
2883
2896
2910
2921
2943
2947
2951
2957
2958
2966
2984
2986
2993
2996
2998
