Group 17.txt from replicate 33
32002
32008
32010
32012
32013
32019
32027
32031
32035
32036
32043
32051
32052
32053
32055
32057
32062
32063
32065
32068
32069
32078
32079
32088
32091
32095
32110
32111
32113
32114
32116
32118
32123
32124
32129
32130
32137
32138
32144
32146
32147
32148
32151
32162
32164
32166
32167
32171
32172
32173
32178
32184
32188
32192
32196
32198
32199
32200
32201
32203
32211
32214
32216
32223
32228
32230
32231
32238
32239
32243
32250
32253
32254
32256
32257
32259
32260
32261
32264
32268
32280
32282
32284
32288
32290
32292
32296
32297
32299
32301
32302
32305
32307
32311
32317
32321
32322
32324
32328
32341
32349
32357
32374
32376
32383
32384
32390
32392
32393
32397
32400
32401
32402
32405
32413
32421
32422
32427
32435
32440
32442
32450
32452
32455
32460
32470
32474
32478
32480
32482
32485
32488
32490
32494
32496
32500
32519
32525
32527
32528
32534
32537
32538
32539
32541
32542
32543
32555
32559
32561
32563
32564
32565
32568
32569
32576
32580
32582
32585
32586
32587
32591
32594
32603
32604
32606
32608
32609
32617
32618
32623
32625
32627
32629
32631
32632
32634
32635
32637
32643
32646
32650
32651
32652
32654
32659
32660
32661
32662
32667
32668
32670
32671
32672
32673
32681
32682
32687
32691
32694
32710
32712
32714
32715
32716
32719
32720
32721
32723
32726
32733
32737
32739
32749
32753
32754
32761
32765
32768
32771
32775
32777
32779
32794
32797
32801
32805
32807
32811
32813
32814
32816
32822
32826
32828
32830
32831
32833
32840
32842
32846
32847
32850
32851
32853
32862
32865
32870
32872
32873
32877
32882
32886
32888
32892
32894
32896
32898
32904
32908
32909
32913
32916
32920
32921
32922
32923
32928
32929
32933
32935
32937
32938
32940
32941
32945
32946
32948
32949
32950
32958
32982
32983
32989
32992
32994
32996
