Group 20.txt from replicate 33
32007
32014
32016
32023
32024
32034
32037
32044
32047
32059
32061
32064
32066
32067
32070
32071
32073
32081
32083
32090
32093
32094
32098
32112
32119
32120
32122
32131
32133
32134
32139
32145
32159
32163
32165
32183
32185
32190
32208
32220
32224
32226
32229
32232
32241
32242
32244
32262
32263
32266
32271
32272
32276
32281
32285
32294
32312
32313
32316
32319
32336
32339
32347
32354
32358
32362
32385
32406
32411
32414
32418
32430
32433
32446
32447
32465
32473
32491
32497
32507
32509
32517
32518
32524
32535
32549
32550
32558
32584
32588
32592
32613
32616
32641
32647
32648
32657
32658
32677
32683
32685
32689
32695
32696
32699
32701
32706
32709
32711
32713
32727
32734
32738
32740
32752
32762
32763
32769
32776
32786
32798
32802
32803
32804
32817
32820
32824
32829
32832
32841
32843
32844
32849
32852
32859
32860
32867
32878
32881
32885
32887
32889
32895
32902
32903
32910
32911
32926
32944
32960
32961
32962
32966
32975
32980
