Group 7.txt from replicate 4
3006
3017
3018
3019
3025
3034
3035
3053
3066
3067
3079
3090
3095
3098
3102
3126
3133
3149
3158
3165
3172
3175
3181
3211
3217
3218
3220
3226
3244
3269
3292
3296
3312
3316
3317
3318
3319
3324
3341
3342
3347
3349
3358
3361
3364
3371
3391
3402
3424
3426
3429
3431
3435
3440
3444
3445
3449
3466
3476
3483
3487
3488
3495
3497
3502
3503
3505
3516
3542
3552
3573
3580
3601
3609
3634
3639
3646
3658
3665
3674
3675
3679
3680
3701
3707
3713
3736
3757
3779
3788
3799
3811
3818
3843
3854
3865
3875
3877
3887
3892
3895
3904
3923
3929
3930
3949
3959
3978
3992
