Group 12.txt from replicate 33
32008
32019
32036
32053
32057
32062
32063
32065
32069
32078
32110
32118
32137
32138
32164
32223
32231
32238
32239
32243
32253
32259
32260
32261
32282
32296
32305
32311
32322
32341
32400
32450
32452
32460
32470
32488
32494
32496
32527
32534
32537
32539
32541
32543
32563
32569
32576
32582
32608
32609
32625
32629
32631
32634
32646
32650
32659
32661
32670
32671
32682
32687
32694
32710
32716
32723
32726
32733
32739
32749
32761
32771
32779
32801
32805
32851
32853
32870
32873
32877
32892
32916
32929
32933
32983
