Group 2.txt from replicate 33
32014
32034
32037
32047
32061
32070
32073
32081
32083
32090
32093
32112
32119
32122
32131
32133
32134
32139
32163
32190
32208
32220
32224
32226
32229
32232
32244
32266
32271
32276
32285
32294
32312
32313
32336
32339
32347
32358
32362
32414
32418
32430
32433
32447
32465
32473
32497
32509
32535
32550
32558
32588
32592
32641
32647
32657
32677
32683
32685
32699
32701
32706
32709
32713
32727
32734
32752
32762
32769
32776
32786
32798
32803
32820
32829
32832
32844
32849
32878
32881
32885
32887
32895
32911
32962
32980
