Group 7.txt from replicate 34
33002
33006
33014
33028
33029
33038
33056
33062
33074
33079
33096
33112
33116
33127
33134
33149
33153
33169
33194
33204
33207
33213
33218
33226
33238
33252
33263
33280
33290
33298
33300
33312
33313
33325
33332
33340
33395
33400
33409
33418
33434
33435
33444
33473
33491
33498
33499
33508
33511
33518
33539
33552
33553
33559
33565
33566
33567
33568
33570
33571
33581
33598
33602
33619
33621
33623
33625
33627
33633
33648
33649
33658
33659
33664
33683
33693
33699
33708
33714
33728
33734
33743
33748
33752
33771
33787
33814
33815
33833
33843
33847
33854
33862
33879
33886
33888
33892
33898
33899
33901
33903
33905
33911
33915
33919
33920
33933
33941
33947
33950
33952
33963
33986
33990
33991
33994
