Group 3.txt from replicate 34
33013
33016
33018
33021
33023
33025
33039
33042
33085
33094
33098
33106
33108
33115
33118
33131
33143
33162
33179
33189
33191
33197
33246
33248
33264
33268
33270
33274
33279
33286
33287
33308
33309
33316
33318
33319
33323
33324
33329
33337
33351
33356
33365
33366
33382
33388
33397
33401
33415
33420
33426
33433
33450
33457
33460
33462
33464
33479
33485
33504
33523
33526
33534
33546
33574
33585
33587
33600
33616
33637
33647
33654
33677
33686
33702
33707
33720
33722
33725
33727
33742
33744
33756
33757
33769
33773
33777
33795
33799
33816
33818
33844
33846
33853
33857
33859
33865
33869
33874
33880
33887
33893
33913
33942
33967
33973
33995
