Group 1.txt from replicate 34
33002
33006
33009
33014
33017
33028
33029
33038
33041
33053
33056
33057
33061
33062
33074
33079
33081
33092
33096
33107
33112
33113
33116
33117
33124
33125
33126
33127
33134
33149
33153
33154
33169
33186
33194
33204
33207
33213
33218
33221
33226
33233
33238
33239
33252
33255
33263
33280
33281
33285
33290
33296
33298
33300
33311
33312
33313
33325
33327
33332
33340
33347
33358
33373
33378
33391
33395
33400
33409
33418
33434
33435
33438
33444
33466
33473
33480
33487
33491
33497
33498
33499
33505
33508
33511
33518
33539
33544
33549
33552
33553
33559
33565
33566
33567
33568
33570
33571
33579
33580
33581
33584
33589
33594
33598
33602
33618
33619
33621
33623
33625
33627
33633
33648
33649
33653
33658
33659
33664
33683
33684
33693
33698
33699
33708
33712
33714
33715
33726
33728
33734
33741
33743
33748
33752
33761
33765
33771
33787
33800
33814
33815
33833
33841
33843
33847
33851
33854
33862
33864
33879
33886
33888
33892
33898
33899
33901
33903
33905
33906
33910
33911
33915
33919
33920
33933
33941
33947
33950
33952
33963
33986
33987
33990
33991
33994
