Group 3.txt from replicate 4
3004
3005
3007
3008
3010
3014
3016
3040
3044
3051
3054
3065
3069
3077
3088
3093
3096
3099
3146
3150
3157
3166
3176
3219
3247
3248
3249
3255
3265
3267
3304
3309
3337
3344
3359
3389
3397
3400
3404
3409
3411
3422
3423
3453
3455
3469
3475
3490
3524
3526
3534
3547
3548
3557
3570
3581
3586
3589
3597
3614
3621
3633
3638
3670
3673
3678
3681
3682
3692
3702
3708
3729
3731
3734
3740
3742
3748
3771
3777
3781
3784
3786
3789
3803
3824
3831
3848
3867
3870
3881
3884
3906
3909
3915
3924
3928
3931
3939
3943
3944
3953
3958
3965
3973
3977
3990
3999
