Group 0.txt from replicate 34
33000
33007
33010
33022
33030
33032
33033
33036
33045
33046
33052
33060
33066
33069
33070
33073
33075
33090
33100
33105
33110
33114
33119
33123
33128
33130
33133
33135
33140
33142
33158
33167
33168
33170
33171
33175
33176
33182
33195
33198
33199
33200
33201
33211
33214
33215
33225
33236
33237
33241
33242
33253
33254
33260
33266
33283
33289
33302
33306
33314
33328
33330
33331
33336
33338
33339
33341
33343
33345
33346
33349
33354
33360
33369
33374
33376
33379
33381
33385
33390
33392
33398
33399
33402
33410
33412
33422
33427
33440
33441
33442
33443
33446
33447
33454
33458
33461
33463
33465
33486
33489
33494
33509
33513
33514
33517
33521
33522
33524
33529
33541
33545
33547
33560
33561
33562
33577
33582
33583
33591
33592
33595
33596
33597
33599
33629
33630
33632
33635
33641
33646
33651
33655
33665
33668
33672
33700
33704
33705
33724
33733
33739
33740
33750
33755
33758
33760
33770
33772
33775
33780
33781
33788
33789
33794
33797
33798
33801
33803
33804
33806
33812
33825
33830
33842
33845
33848
33850
33863
33871
33877
33881
33882
33889
33891
33894
33895
33900
33902
33904
33909
33912
33917
33918
33922
33926
33927
33928
33934
33935
33937
33938
33944
33945
33948
33954
33955
33961
33962
33972
33977
33982
33983
33985
33988
33999
