Group 18.txt from replicate 34
33013
33016
33018
33021
33023
33025
33039
33042
33076
33085
33087
33094
33098
33101
33106
33108
33115
33118
33131
33139
33143
33156
33162
33163
33179
33180
33188
33189
33191
33197
33202
33219
33223
33227
33229
33240
33246
33248
33264
33267
33268
33270
33274
33279
33286
33287
33305
33308
33309
33316
33318
33319
33323
33324
33329
33335
33337
33351
33353
33356
33364
33365
33366
33382
33388
33397
33401
33403
33415
33420
33426
33433
33436
33449
33450
33452
33455
33457
33460
33462
33464
33479
33485
33501
33504
33523
33525
33526
33531
33534
33546
33548
33574
33575
33585
33587
33593
33600
33616
33628
33637
33644
33647
33654
33667
33671
33675
33677
33682
33686
33702
33707
33720
33722
33725
33727
33742
33744
33754
33756
33757
33769
33773
33776
33777
33795
33799
33816
33818
33824
33844
33846
33853
33857
33859
33865
33866
33867
33869
33874
33880
33887
33893
33913
33924
33929
33942
33943
33953
33957
33967
33973
33992
33995
