Group 17.txt from replicate 34
33001
33004
33008
33019
33020
33040
33043
33051
33054
33064
33072
33078
33082
33086
33088
33089
33091
33093
33095
33097
33099
33103
33122
33144
33146
33148
33152
33159
33173
33174
33183
33184
33190
33193
33203
33209
33210
33232
33235
33243
33244
33249
33250
33251
33262
33265
33269
33271
33276
33288
33294
33299
33317
33321
33322
33333
33334
33342
33344
33348
33350
33357
33362
33370
33375
33383
33386
33387
33394
33406
33417
33419
33425
33428
33429
33459
33470
33475
33488
33502
33503
33506
33510
33515
33520
33528
33537
33540
33543
33551
33555
33556
33557
33558
33563
33564
33569
33573
33576
33586
33601
33604
33611
33613
33614
33615
33620
33622
33624
33631
33634
33640
33661
33662
33670
33673
33688
33690
33694
33697
33706
33709
33713
33719
33737
33738
33762
33764
33767
33768
33784
33785
33786
33791
33809
33810
33811
33813
33821
33823
33834
33835
33836
33839
33858
33861
33873
33876
33885
33890
33907
33908
33916
33931
33956
33959
33965
33971
33976
33981
33993
33998
