Group 29.txt from replicate 4
3006
3017
3018
3019
3021
3022
3025
3034
3035
3043
3053
3057
3058
3060
3063
3064
3066
3067
3079
3085
3087
3089
3090
3092
3095
3098
3102
3107
3125
3126
3127
3129
3130
3132
3133
3138
3148
3149
3158
3162
3165
3172
3175
3181
3182
3187
3189
3192
3211
3213
3217
3218
3220
3226
3233
3244
3261
3263
3264
3266
3269
3282
3288
3289
3290
3292
3296
3307
3311
3312
3314
3315
3316
3317
3318
3319
3324
3325
3326
3335
3336
3340
3341
3342
3347
3348
3349
3350
3357
3358
3361
3364
3365
3366
3367
3368
3371
3374
3375
3380
3384
3391
3396
3402
3405
3407
3412
3424
3426
3429
3431
3435
3439
3440
3441
3444
3445
3449
3464
3466
3470
3473
3476
3479
3480
3483
3484
3487
3488
3495
3496
3497
3498
3502
3503
3505
3507
3513
3514
3516
3542
3545
3549
3552
3554
3573
3580
3592
3593
3598
3601
3609
3610
3613
3618
3628
3630
3634
3639
3641
3643
3646
3653
3658
3662
3665
3674
3675
3679
3680
3698
3699
3701
3705
3707
3713
3721
3732
3735
3736
3737
3754
3757
3758
3759
3766
3768
3774
3779
3782
3785
3788
3792
3794
3799
3804
3806
3808
3811
3818
3823
3834
3836
3843
3853
3854
3856
3859
3865
3875
3877
3879
3882
3887
3889
3892
3895
3897
3900
3901
3904
3922
3923
3929
3930
3942
3949
3950
3952
3959
3960
3966
3969
3972
3978
3979
3985
3986
3989
3991
3992
