Group 6.txt from replicate 34
33000
33007
33010
33030
33032
33036
33045
33046
33066
33069
33070
33073
33075
33090
33100
33119
33128
33135
33140
33168
33171
33175
33176
33182
33195
33198
33199
33200
33201
33211
33214
33215
33225
33237
33242
33254
33260
33289
33302
33306
33314
33328
33330
33331
33336
33339
33341
33343
33345
33360
33369
33376
33381
33385
33390
33398
33399
33410
33412
33422
33442
33443
33446
33447
33454
33461
33463
33465
33489
33509
33513
33514
33521
33522
33524
33545
33560
33561
33562
33577
33582
33591
33592
33596
33597
33599
33630
33635
33641
33646
33651
33665
33668
33672
33700
33724
33733
33750
33758
33760
33772
33775
33780
33789
33794
33798
33803
33804
33825
33845
33848
33850
33871
33877
33882
33891
33904
33917
33918
33928
33934
33937
33944
33948
33954
33955
33962
33972
33977
33985
33988
