Group 11.txt from replicate 34
33028
33029
33038
33056
33062
33074
33079
33112
33116
33134
33149
33153
33194
33204
33207
33213
33263
33298
33300
33313
33325
33395
33400
33418
33434
33435
33444
33491
33498
33508
33511
33539
33559
33565
33566
33567
33568
33570
33571
33581
33598
33602
33619
33621
33623
33625
33633
33648
33649
33658
33683
33693
33699
33714
33728
33752
33771
33815
33833
33843
33847
33854
33879
33886
33888
33898
33899
33901
33903
33905
33911
33915
33920
33933
33941
33947
33952
33991
33994
