Group 15.txt from replicate 34
33000
33007
33010
33012
33022
33030
33032
33033
33035
33036
33045
33046
33052
33059
33060
33066
33067
33069
33070
33071
33073
33075
33077
33090
33100
33105
33109
33110
33114
33119
33123
33128
33130
33133
33135
33140
33142
33147
33150
33158
33161
33164
33165
33167
33168
33170
33171
33172
33175
33176
33181
33182
33185
33195
33198
33199
33200
33201
33208
33211
33214
33215
33222
33225
33231
33234
33236
33237
33241
33242
33253
33254
33256
33258
33260
33266
33275
33278
33283
33289
33302
33303
33306
33310
33314
33315
33328
33330
33331
33336
33338
33339
33341
33343
33345
33346
33349
33354
33355
33360
33369
33372
33374
33376
33379
33380
33381
33385
33389
33390
33392
33393
33398
33399
33402
33410
33411
33412
33414
33422
33427
33430
33440
33441
33442
33443
33446
33447
33448
33454
33458
33461
33463
33465
33467
33468
33477
33481
33482
33486
33489
33493
33494
33500
33509
33513
33514
33516
33517
33519
33521
33522
33524
33529
33536
33541
33545
33547
33554
33560
33561
33562
33572
33577
33582
33583
33591
33592
33595
33596
33597
33599
33607
33629
33630
33632
33635
33636
33641
33643
33646
33651
33655
33665
33668
33669
33672
33674
33680
33700
33704
33705
33710
33711
33724
33730
33732
33733
33735
33739
33740
33746
33750
33755
33758
33759
33760
33770
33772
33775
33779
33780
33781
33788
33789
33792
33793
33794
33797
33798
33801
33803
33804
33805
33806
33812
33820
33825
33830
33838
33842
33845
33848
33849
33850
33855
33863
33870
33871
33872
33877
33881
33882
33889
33891
33894
33895
33900
33902
33904
33909
33912
33917
33918
33922
33926
33927
33928
33932
33934
33935
33937
33938
33944
33945
33948
33951
33954
33955
33961
33962
33964
33969
33972
33977
33979
33982
33983
33984
33985
33988
33997
33999
