Group 28.txt from replicate 4
3000
3002
3012
3015
3020
3027
3046
3049
3059
3071
3076
3080
3081
3084
3086
3094
3100
3112
3114
3118
3120
3122
3124
3134
3135
3136
3137
3140
3144
3151
3152
3153
3155
3156
3163
3171
3174
3177
3178
3184
3190
3191
3194
3195
3196
3199
3200
3204
3207
3209
3216
3223
3230
3232
3236
3238
3241
3251
3254
3258
3268
3272
3273
3274
3278
3284
3297
3298
3299
3305
3310
3313
3323
3329
3332
3338
3345
3351
3353
3354
3355
3362
3372
3373
3377
3381
3382
3386
3390
3393
3398
3399
3403
3406
3410
3413
3415
3416
3417
3420
3430
3434
3442
3443
3451
3457
3458
3460
3465
3468
3471
3477
3478
3482
3493
3494
3499
3500
3504
3506
3509
3511
3517
3518
3525
3528
3530
3533
3536
3539
3540
3558
3559
3560
3561
3564
3566
3567
3568
3571
3575
3577
3578
3583
3585
3590
3595
3599
3600
3602
3604
3608
3616
3617
3620
3623
3625
3626
3631
3632
3635
3636
3640
3647
3649
3651
3657
3661
3664
3667
3686
3690
3693
3696
3709
3711
3712
3714
3716
3717
3718
3720
3722
3724
3725
3728
3739
3741
3743
3750
3751
3756
3761
3764
3767
3770
3772
3776
3778
3780
3783
3793
3796
3798
3805
3812
3814
3815
3819
3820
3821
3822
3826
3832
3840
3844
3847
3851
3858
3860
3862
3874
3876
3885
3888
3891
3893
3898
3903
3908
3916
3919
3920
3921
3926
3932
3933
3935
3938
3940
3941
3947
3954
3956
3957
3961
3962
3968
3971
3974
3975
3976
3980
3983
3984
3993
3995
3996
3997
3998
