Group 7.txt from replicate 35
34002
34041
34054
34064
34066
34077
34082
34089
34102
34105
34111
34114
34115
34130
34136
34142
34150
34178
34192
34193
34197
34203
34207
34223
34227
34250
34262
34263
34268
34280
34307
34323
34331
34336
34338
34355
34359
34366
34373
34407
34413
34432
34451
34458
34470
34471
34475
34483
34487
34488
34489
34530
34536
34548
34560
34562
34563
34575
34601
34613
34621
34624
34639
34650
34668
34696
34699
34707
34718
34726
34727
34729
34820
34828
34845
34848
34852
34866
34908
34909
34936
34950
34968
34984
