Group 3.txt from replicate 35
34036
34045
34048
34058
34060
34132
34168
34183
34246
34248
34251
34252
34253
34273
34286
34298
34300
34306
34309
34315
34317
34320
34334
34335
34362
34367
34371
34382
34391
34417
34433
34438
34450
34455
34459
34461
34486
34490
34506
34521
34531
34533
34561
34568
34573
34579
34590
34599
34619
34625
34654
34673
34684
34694
34706
34709
34712
34746
34779
34786
34798
34815
34819
34822
34826
34864
34865
34868
34872
34876
34885
34887
34899
34926
34942
34971
34979
34980
34981
