Group 1.txt from replicate 35
34002
34007
34014
34018
34023
34026
34041
34054
34062
34064
34065
34066
34067
34077
34082
34089
34093
34102
34105
34111
34114
34115
34120
34130
34136
34142
34150
34152
34178
34192
34193
34197
34203
34207
34223
34227
34241
34249
34250
34258
34261
34262
34263
34266
34268
34280
34296
34297
34307
34323
34331
34336
34338
34348
34355
34359
34366
34373
34386
34392
34406
34407
34413
34414
34432
34440
34451
34458
34470
34471
34475
34481
34483
34484
34487
34488
34489
34495
34500
34514
34517
34518
34530
34536
34538
34542
34548
34553
34560
34562
34563
34575
34584
34586
34588
34592
34601
34605
34613
34621
34624
34633
34639
34650
34665
34668
34674
34686
34690
34692
34696
34699
34707
34718
34719
34720
34726
34727
34729
34736
34748
34758
34781
34783
34805
34813
34820
34828
34844
34845
34847
34848
34852
34854
34866
34900
34905
34908
34909
34911
34923
34936
34938
34950
34963
34968
34969
34975
34984
