Group 0.txt from replicate 35
34001
34011
34027
34031
34037
34040
34043
34046
34047
34057
34081
34086
34087
34088
34092
34094
34099
34101
34108
34109
34123
34126
34127
34128
34135
34143
34159
34160
34161
34165
34176
34181
34191
34202
34211
34212
34214
34215
34218
34221
34224
34232
34234
34244
34254
34259
34265
34274
34279
34285
34288
34289
34295
34310
34321
34326
34333
34341
34350
34352
34353
34357
34378
34383
34384
34393
34399
34409
34412
34423
34428
34431
34443
34447
34448
34456
34457
34469
34493
34504
34513
34516
34520
34545
34550
34559
34570
34572
34581
34593
34595
34597
34602
34604
34608
34610
34617
34623
34630
34634
34648
34651
34662
34666
34680
34682
34683
34687
34689
34695
34702
34703
34723
34724
34735
34747
34755
34768
34769
34775
34777
34778
34792
34796
34797
34802
34806
34810
34821
34833
34834
34837
34849
34850
34851
34861
34867
34869
34875
34883
34888
34889
34891
34894
34898
34903
34904
34906
34910
34916
34933
34944
34970
34982
34985
34987
34991
