Group 18.txt from replicate 35
34005
34035
34036
34045
34048
34050
34058
34059
34060
34070
34100
34117
34132
34134
34138
34153
34156
34168
34183
34201
34206
34217
34230
34233
34246
34248
34251
34252
34253
34257
34273
34282
34286
34298
34300
34306
34309
34315
34317
34320
34334
34335
34344
34354
34362
34367
34371
34372
34382
34385
34388
34391
34396
34417
34426
34429
34433
34436
34437
34438
34450
34454
34455
34459
34461
34463
34468
34486
34490
34498
34499
34501
34503
34506
34507
34510
34511
34519
34521
34523
34525
34531
34533
34551
34555
34557
34561
34568
34573
34579
34585
34590
34599
34603
34619
34625
34627
34631
34653
34654
34661
34671
34673
34679
34684
34694
34706
34709
34712
34713
34715
34732
34746
34749
34766
34773
34779
34786
34798
34807
34815
34817
34819
34822
34826
34864
34865
34868
34872
34876
34885
34887
34899
34915
34919
34920
34921
34924
34926
34931
34932
34934
34942
34943
34947
34949
34957
34971
34978
34979
34980
34981
