Group 16.txt from replicate 35
34001
34003
34004
34009
34010
34011
34016
34019
34025
34027
34029
34031
34037
34040
34043
34046
34047
34057
34068
34073
34078
34079
34081
34084
34086
34087
34088
34091
34092
34094
34095
34098
34099
34101
34108
34109
34110
34113
34123
34124
34126
34127
34128
34131
34135
34141
34143
34158
34159
34160
34161
34165
34175
34176
34181
34191
34194
34202
34204
34208
34211
34212
34214
34215
34218
34221
34224
34225
34232
34234
34242
34244
34245
34254
34259
34260
34265
34274
34277
34279
34281
34285
34288
34289
34295
34310
34321
34322
34326
34327
34333
34339
34341
34345
34350
34352
34353
34357
34377
34378
34383
34384
34393
34399
34401
34404
34409
34412
34420
34421
34423
34428
34431
34443
34447
34448
34453
34456
34457
34469
34472
34493
34504
34513
34516
34520
34526
34539
34545
34546
34550
34556
34559
34570
34572
34581
34593
34594
34595
34597
34602
34604
34606
34608
34610
34617
34623
34630
34634
34636
34648
34651
34659
34662
34666
34672
34678
34680
34681
34682
34683
34687
34689
34695
34702
34703
34704
34722
34723
34724
34731
34733
34734
34735
34747
34751
34755
34763
34768
34769
34775
34777
34778
34780
34790
34792
34796
34797
34799
34802
34803
34806
34810
34811
34816
34821
34831
34833
34834
34837
34841
34843
34849
34850
34851
34860
34861
34867
34869
34875
34883
34888
34889
34891
34894
34897
34898
34902
34903
34904
34906
34910
34912
34916
34917
34918
34927
34928
34929
34933
34941
34944
34948
34960
34962
34970
34973
34974
34982
34983
34985
34986
34987
34991
