Group 17.txt from replicate 35
34000
34006
34008
34015
34017
34021
34022
34030
34063
34071
34074
34083
34085
34112
34121
34122
34129
34133
34146
34151
34154
34155
34163
34167
34172
34174
34179
34180
34182
34198
34205
34210
34213
34216
34219
34229
34235
34238
34240
34264
34269
34271
34276
34278
34287
34291
34294
34299
34301
34308
34311
34312
34313
34314
34316
34325
34330
34332
34337
34340
34342
34351
34360
34361
34365
34375
34389
34390
34400
34405
34410
34411
34419
34427
34434
34439
34464
34465
34474
34482
34494
34496
34502
34505
34527
34540
34541
34552
34554
34564
34566
34569
34574
34576
34578
34596
34598
34620
34622
34626
34629
34632
34638
34641
34643
34644
34647
34660
34669
34685
34710
34716
34717
34721
34725
34737
34738
34741
34743
34744
34757
34764
34770
34772
34782
34784
34789
34793
34800
34804
34808
34809
34812
34825
34832
34835
34839
34840
34842
34846
34857
34858
34862
34870
34873
34877
34879
34884
34895
34913
34914
34922
34930
34945
34946
34954
34967
34972
34976
