Group 6.txt from replicate 35
34011
34031
34040
34043
34046
34047
34057
34081
34086
34087
34088
34094
34108
34109
34123
34126
34127
34128
34135
34143
34160
34161
34165
34176
34191
34211
34212
34215
34224
34232
34234
34244
34254
34259
34274
34279
34295
34310
34321
34326
34341
34350
34357
34378
34383
34384
34393
34399
34409
34412
34428
34431
34443
34447
34448
34456
34469
34493
34516
34520
34545
34550
34559
34572
34581
34593
34595
34597
34602
34604
34608
34617
34623
34630
34634
34648
34680
34682
34683
34689
34695
34702
34723
34724
34755
34769
34777
34797
34810
34821
34833
34834
34849
34867
34875
34889
34891
34910
34916
34982
34987
