Group 15.txt from replicate 35
34002
34007
34012
34013
34014
34018
34020
34023
34026
34034
34038
34039
34041
34052
34053
34054
34061
34062
34064
34065
34066
34067
34075
34077
34082
34089
34093
34096
34102
34103
34105
34107
34111
34114
34115
34118
34119
34120
34130
34136
34142
34144
34147
34148
34150
34152
34164
34166
34169
34177
34178
34184
34186
34187
34188
34190
34192
34193
34197
34199
34203
34207
34209
34220
34223
34227
34228
34236
34237
34241
34247
34249
34250
34258
34261
34262
34263
34266
34267
34268
34272
34280
34292
34293
34296
34297
34304
34307
34323
34324
34329
34331
34336
34338
34348
34349
34355
34358
34359
34366
34369
34373
34379
34386
34392
34395
34402
34406
34407
34408
34413
34414
34418
34432
34440
34441
34446
34451
34458
34460
34462
34466
34470
34471
34473
34475
34476
34480
34481
34483
34484
34487
34488
34489
34492
34495
34500
34514
34517
34518
34522
34528
34529
34530
34534
34535
34536
34538
34542
34543
34544
34547
34548
34553
34558
34560
34562
34563
34565
34567
34575
34584
34586
34587
34588
34591
34592
34600
34601
34605
34607
34611
34613
34615
34618
34621
34624
34628
34633
34637
34639
34649
34650
34652
34655
34656
34657
34658
34665
34668
34670
34674
34675
34677
34686
34690
34691
34692
34696
34697
34698
34699
34705
34707
34708
34711
34718
34719
34720
34726
34727
34728
34729
34730
34736
34739
34742
34748
34752
34758
34765
34767
34776
34781
34783
34801
34805
34813
34814
34818
34820
34823
34828
34829
34830
34836
34844
34845
34847
34848
34852
34854
34863
34866
34878
34882
34886
34890
34892
34900
34905
34907
34908
34909
34911
34923
34936
34938
34939
34940
34950
34951
34952
34961
34963
34965
34968
34969
34975
34977
34984
34988
34989
34990
