Group 2.txt from replicate 35
34006
34030
34083
34085
34112
34122
34129
34146
34151
34154
34155
34163
34179
34180
34198
34205
34210
34216
34219
34235
34264
34269
34271
34276
34278
34294
34299
34311
34337
34340
34342
34361
34365
34390
34405
34410
34411
34427
34494
34527
34540
34541
34569
34574
34578
34596
34598
34620
34622
34629
34632
34638
34641
34643
34669
34716
34721
34743
34744
34757
34782
34784
34793
34800
34808
34809
34825
34840
34846
34857
34870
34873
34879
34884
34922
34930
34945
34946
34967
34972
34976
