Group 1.txt from replicate 4
3006
3017
3018
3019
3021
3025
3034
3035
3053
3058
3063
3064
3066
3067
3079
3085
3089
3090
3092
3095
3098
3102
3107
3125
3126
3133
3149
3158
3165
3172
3175
3181
3211
3217
3218
3220
3226
3233
3244
3263
3269
3288
3289
3292
3296
3307
3311
3312
3314
3316
3317
3318
3319
3324
3336
3340
3341
3342
3347
3348
3349
3350
3358
3361
3364
3366
3367
3371
3374
3375
3391
3402
3405
3407
3424
3426
3429
3431
3435
3440
3444
3445
3449
3464
3466
3470
3476
3480
3483
3487
3488
3495
3496
3497
3498
3502
3503
3505
3507
3513
3516
3542
3552
3554
3573
3580
3593
3601
3609
3610
3618
3630
3634
3639
3641
3643
3646
3658
3662
3665
3674
3675
3679
3680
3698
3701
3707
3713
3721
3732
3735
3736
3754
3757
3758
3759
3766
3779
3788
3799
3806
3811
3818
3843
3854
3865
3875
3877
3879
3887
3892
3895
3900
3904
3922
3923
3929
3930
3942
3949
3959
3969
3972
3978
3979
3985
3992
