Group 0.txt from replicate 4
3002
3012
3020
3027
3046
3049
3059
3071
3076
3080
3081
3084
3094
3100
3112
3114
3118
3122
3124
3134
3135
3137
3140
3144
3151
3152
3153
3156
3163
3171
3174
3178
3190
3191
3194
3196
3199
3200
3207
3209
3216
3223
3230
3232
3251
3258
3268
3272
3273
3278
3297
3298
3305
3310
3313
3323
3332
3338
3345
3351
3353
3354
3355
3362
3372
3373
3377
3381
3382
3386
3390
3393
3398
3399
3403
3406
3413
3415
3416
3417
3420
3430
3442
3443
3451
3458
3465
3468
3471
3477
3482
3493
3494
3499
3500
3504
3511
3517
3518
3530
3533
3536
3539
3540
3558
3559
3560
3567
3568
3571
3577
3578
3583
3585
3590
3595
3599
3626
3631
3636
3640
3647
3649
3651
3657
3661
3664
3667
3690
3693
3696
3709
3712
3716
3717
3718
3720
3724
3725
3743
3750
3761
3767
3770
3772
3778
3780
3783
3793
3796
3798
3812
3814
3821
3822
3832
3840
3844
3847
3851
3858
3860
3862
3874
3885
3888
3891
3898
3903
3908
3920
3921
3926
3932
3935
3938
3940
3941
3956
3957
3961
3962
3968
3971
3974
3975
3976
3993
3996
3997
3998
