Group 30.txt from replicate 4
3003
3009
3023
3024
3029
3030
3031
3032
3036
3038
3039
3041
3042
3045
3047
3048
3050
3052
3061
3062
3072
3074
3075
3078
3082
3101
3105
3108
3113
3116
3119
3121
3123
3142
3143
3154
3168
3170
3180
3202
3203
3205
3208
3210
3212
3214
3224
3225
3227
3228
3234
3239
3243
3245
3250
3252
3256
3257
3259
3260
3271
3277
3279
3280
3281
3285
3286
3291
3293
3300
3308
3322
3327
3334
3339
3346
3360
3369
3376
3379
3387
3392
3395
3401
3419
3425
3428
3436
3438
3446
3447
3448
3454
3459
3461
3467
3474
3485
3489
3501
3512
3515
3521
3523
3527
3531
3532
3538
3546
3550
3551
3555
3562
3565
3569
3576
3579
3596
3605
3606
3607
3611
3612
3615
3627
3637
3642
3652
3656
3666
3669
3671
3677
3683
3684
3688
3694
3695
3703
3710
3715
3719
3726
3730
3733
3744
3747
3752
3753
3763
3773
3787
3790
3810
3813
3816
3817
3829
3833
3841
3845
3849
3850
3852
3857
3861
3869
3872
3880
3894
3912
3936
3951
3955
3981
