Group 18.txt from replicate 1
2
7
11
24
28
38
40
45
54
56
59
61
62
64
69
74
77
80
82
84
85
86
87
94
99
101
108
109
117
122
125
126
127
128
135
138
144
147
148
150
154
159
163
164
166
167
168
173
178
179
181
184
191
192
193
201
207
210
212
226
230
231
238
240
241
252
255
259
260
269
282
289
297
302
304
306
313
323
324
326
330
341
345
349
350
351
354
361
362
363
364
366
372
375
381
390
391
395
405
409
413
421
430
444
452
453
454
457
459
460
461
467
472
474
480
496
501
508
512
517
520
526
527
530
532
537
539
540
548
566
568
572
575
579
592
601
611
612
619
622
623
634
637
642
646
653
654
658
667
670
678
694
701
704
707
719
721
732
733
734
737
741
743
746
749
750
751
752
753
755
761
777
779
784
786
791
795
800
806
808
810
819
820
823
836
839
842
843
845
846
847
849
854
860
863
864
867
869
872
874
877
879
880
882
883
884
887
890
891
893
896
902
903
913
914
915
917
918
924
927
928
934
938
940
941
947
949
950
951
954
956
957
958
959
960
969
972
973
975
979
981
982
987
990
998
