Group 31.txt from replicate 4
3001
3004
3005
3007
3008
3010
3014
3016
3028
3040
3044
3051
3054
3065
3069
3070
3077
3083
3088
3093
3096
3099
3103
3139
3145
3146
3150
3157
3160
3166
3169
3173
3176
3215
3219
3231
3247
3248
3249
3255
3265
3267
3275
3283
3287
3301
3304
3306
3309
3337
3344
3359
3378
3383
3389
3397
3400
3404
3408
3409
3411
3414
3421
3422
3423
3432
3453
3455
3469
3475
3490
3508
3524
3526
3529
3534
3547
3548
3556
3557
3570
3572
3581
3584
3586
3588
3589
3594
3597
3614
3621
3633
3638
3644
3670
3673
3678
3681
3682
3692
3697
3702
3708
3727
3729
3731
3734
3740
3742
3748
3771
3777
3781
3784
3786
3789
3803
3809
3824
3828
3830
3831
3835
3837
3848
3867
3870
3873
3881
3884
3905
3906
3909
3913
3915
3918
3924
3925
3928
3931
3934
3939
3943
3944
3948
3953
3958
3965
3973
3977
3982
3988
3990
3999
