Group 6.txt from replicate 4
3002
3012
3046
3071
3076
3081
3084
3094
3100
3112
3122
3140
3144
3156
3163
3171
3174
3178
3190
3191
3200
3207
3209
3216
3223
3230
3232
3251
3258
3268
3272
3278
3305
3310
3323
3332
3338
3345
3351
3353
3354
3355
3362
3372
3381
3382
3386
3390
3393
3398
3403
3413
3415
3416
3430
3443
3451
3458
3468
3493
3499
3500
3511
3517
3518
3530
3533
3539
3540
3558
3560
3577
3583
3585
3590
3595
3599
3626
3636
3640
3649
3651
3657
3661
3664
3667
3690
3693
3696
3709
3716
3718
3720
3743
3761
3772
3778
3780
3783
3793
3798
3812
3821
3822
3840
3844
3847
3858
3862
3888
3898
3903
3920
3926
3932
3935
3940
3941
3961
3968
3971
3974
3993
3996
3997
3998
