Group 2.txt from replicate 4
3009
3023
3029
3030
3032
3036
3038
3041
3042
3047
3050
3052
3061
3074
3075
3082
3101
3105
3108
3113
3119
3123
3142
3143
3154
3168
3180
3212
3214
3224
3225
3228
3239
3245
3250
3256
3257
3259
3271
3277
3281
3286
3291
3293
3308
3327
3334
3339
3346
3360
3369
3376
3379
3392
3395
3401
3419
3425
3428
3446
3447
3448
3454
3459
3461
3467
3474
3489
3501
3512
3521
3523
3538
3546
3550
3562
3569
3605
3606
3611
3615
3637
3652
3656
3666
3669
3683
3684
3688
3694
3695
3703
3710
3715
3719
3726
3733
3744
3747
3752
3753
3763
3773
3787
3810
3813
3816
3817
3829
3833
3845
3849
3852
3861
3869
3872
3880
3894
3912
3936
3951
3955
