Group 1.txt from replicate 5
4000
4003
4010
4019
4027
4032
4039
4053
4055
4057
4059
4061
4063
4069
4070
4076
4081
4083
4091
4098
4099
4102
4103
4108
4109
4117
4118
4119
4126
4148
4151
4154
4160
4163
4165
4176
4178
4193
4194
4195
4201
4216
4219
4228
4235
4236
4237
4239
4241
4249
4253
4259
4260
4268
4272
4279
4283
4284
4286
4288
4291
4295
4297
4306
4307
4311
4318
4334
4336
4352
4366
4368
4369
4371
4372
4375
4378
4384
4389
4392
4396
4397
4406
4413
4414
4415
4420
4421
4424
4428
4439
4444
4445
4450
4463
4474
4477
4479
4482
4490
4492
4496
4498
4500
4506
4507
4510
4511
4517
4543
4552
4559
4566
4570
4573
4577
4580
4581
4585
4590
4592
4599
4600
4603
4607
4621
4628
4644
4647
4660
4663
4687
4693
4700
4704
4706
4709
4716
4720
4726
4727
4730
4752
4753
4759
4761
4764
4770
4773
4778
4780
4785
4815
4817
4822
4823
4825
4827
4829
4831
4860
4864
4868
4875
4887
4891
4893
4896
4897
4903
4907
4924
4927
4934
4938
4941
4943
4948
4955
4981
4982
4985
4989
4996
4998
