Group 0.txt from replicate 5
4004
4008
4013
4014
4016
4025
4028
4031
4035
4038
4040
4044
4048
4049
4050
4054
4062
4072
4073
4075
4088
4092
4100
4106
4107
4115
4136
4140
4147
4164
4166
4173
4175
4186
4187
4189
4198
4247
4266
4276
4282
4287
4289
4292
4294
4300
4308
4313
4330
4331
4344
4347
4348
4356
4362
4374
4380
4382
4393
4404
4410
4423
4426
4432
4433
4437
4442
4446
4449
4457
4462
4470
4471
4473
4475
4480
4486
4489
4493
4502
4504
4508
4509
4512
4514
4527
4529
4531
4532
4537
4541
4546
4553
4562
4572
4591
4598
4608
4609
4615
4616
4631
4632
4634
4636
4639
4649
4653
4655
4658
4669
4671
4674
4675
4676
4680
4688
4690
4696
4701
4703
4705
4710
4713
4725
4738
4740
4742
4750
4754
4755
4763
4771
4776
4781
4787
4792
4797
4798
4802
4806
4809
4810
4813
4821
4828
4833
4834
4835
4838
4839
4840
4841
4844
4855
4863
4867
4872
4873
4874
4877
4880
4884
4902
4911
4917
4922
4923
4925
4926
4930
4933
4942
4946
4960
4962
4964
4966
4974
4975
4976
4986
4991
4992
4994
4997
