Group 24.txt from replicate 5
4002
4005
4011
4012
4022
4023
4029
4041
4042
4056
4058
4060
4067
4068
4078
4086
4093
4095
4111
4112
4113
4133
4139
4155
4157
4161
4168
4177
4181
4188
4192
4209
4211
4217
4221
4226
4230
4232
4243
4245
4250
4252
4257
4280
4285
4298
4301
4310
4316
4320
4323
4324
4339
4354
4359
4383
4385
4390
4398
4407
4427
4431
4454
4456
4464
4465
4468
4476
4487
4501
4519
4525
4528
4534
4536
4538
4539
4548
4551
4557
4567
4579
4583
4593
4597
4605
4606
4611
4612
4617
4652
4672
4685
4689
4691
4698
4714
4718
4719
4722
4734
4739
4741
4744
4746
4756
4760
4791
4793
4794
4796
4800
4803
4804
4807
4816
4824
4830
4836
4846
4849
4856
4862
4870
4878
4881
4882
4885
4890
4892
4895
4898
4910
4914
4918
4920
4932
4937
4944
4945
4958
4963
4969
4979
