Group 22.txt from replicate 5
4004
4007
4008
4009
4013
4014
4016
4020
4025
4026
4028
4031
4033
4034
4035
4038
4040
4044
4045
4048
4049
4050
4051
4054
4062
4064
4065
4072
4073
4075
4088
4089
4090
4092
4100
4106
4107
4114
4115
4123
4125
4130
4136
4140
4144
4147
4153
4164
4166
4172
4173
4175
4179
4186
4187
4189
4197
4198
4213
4220
4247
4254
4258
4266
4270
4276
4277
4282
4287
4289
4292
4294
4299
4300
4302
4308
4309
4313
4314
4327
4330
4331
4333
4340
4343
4344
4346
4347
4348
4355
4356
4362
4374
4380
4382
4386
4388
4393
4404
4410
4411
4423
4426
4432
4433
4437
4442
4446
4449
4451
4457
4462
4467
4470
4471
4473
4475
4480
4486
4489
4493
4502
4504
4508
4509
4512
4514
4515
4518
4520
4521
4526
4527
4529
4530
4531
4532
4537
4541
4546
4553
4555
4556
4562
4564
4565
4572
4591
4594
4598
4608
4609
4613
4614
4615
4616
4620
4631
4632
4634
4636
4637
4639
4640
4649
4653
4655
4656
4658
4662
4665
4666
4668
4669
4671
4674
4675
4676
4680
4681
4688
4690
4695
4696
4701
4703
4705
4707
4710
4712
4713
4725
4736
4738
4740
4742
4747
4748
4749
4750
4754
4755
4763
4771
4775
4776
4781
4782
4786
4787
4789
4792
4797
4798
4802
4806
4809
4810
4813
4821
4828
4833
4834
4835
4838
4839
4840
4841
4844
4853
4855
4863
4867
4871
4872
4873
4874
4877
4880
4884
4886
4902
4905
4911
4917
4922
4923
4925
4926
4930
4933
4942
4946
4960
4962
4964
4966
4972
4974
4975
4976
4980
4983
4986
4991
4992
4994
4997
