Group 21.txt from replicate 5
4000
4003
4010
4019
4021
4027
4032
4036
4039
4047
4053
4055
4057
4059
4061
4063
4066
4069
4070
4071
4076
4081
4083
4085
4091
4098
4099
4102
4103
4105
4108
4109
4110
4117
4118
4119
4126
4142
4146
4148
4149
4151
4154
4156
4160
4162
4163
4165
4167
4169
4176
4178
4193
4194
4195
4201
4206
4208
4210
4212
4216
4219
4224
4228
4234
4235
4236
4237
4239
4241
4244
4246
4249
4253
4259
4260
4261
4263
4264
4267
4268
4272
4273
4279
4281
4283
4284
4286
4288
4291
4295
4297
4304
4306
4307
4311
4318
4334
4336
4341
4352
4358
4366
4368
4369
4371
4372
4375
4377
4378
4384
4389
4391
4392
4396
4397
4403
4405
4406
4413
4414
4415
4420
4421
4424
4428
4430
4439
4441
4444
4445
4448
4450
4463
4466
4469
4474
4477
4478
4479
4482
4484
4485
4490
4492
4494
4495
4496
4498
4499
4500
4506
4507
4510
4511
4517
4523
4524
4543
4552
4554
4559
4566
4570
4573
4575
4577
4580
4581
4585
4587
4590
4592
4599
4600
4603
4607
4619
4621
4628
4638
4644
4645
4646
4647
4659
4660
4663
4664
4670
4682
4684
4687
4693
4697
4700
4704
4706
4709
4716
4720
4721
4724
4726
4727
4729
4730
4732
4743
4752
4753
4758
4759
4761
4764
4768
4770
4773
4778
4780
4785
4790
4799
4815
4817
4822
4823
4825
4827
4829
4831
4860
4864
4866
4868
4875
4887
4889
4891
4893
4894
4896
4897
4900
4903
4907
4913
4915
4924
4927
4929
4934
4938
4941
4943
4947
4948
4952
4954
4955
4957
4977
4981
4982
4984
4985
4989
4996
4998
