Group 23.txt from replicate 5
4017
4018
4043
4046
4052
4074
4082
4084
4087
4094
4097
4120
4121
4127
4129
4134
4135
4145
4150
4158
4159
4171
4190
4191
4199
4200
4202
4203
4204
4218
4225
4227
4231
4233
4238
4242
4248
4251
4255
4262
4265
4275
4296
4305
4317
4319
4325
4326
4337
4338
4342
4360
4361
4363
4364
4370
4376
4381
4395
4399
4401
4402
4408
4419
4435
4436
4440
4453
4455
4458
4460
4472
4488
4491
4497
4503
4516
4522
4533
4540
4545
4547
4549
4550
4558
4560
4571
4576
4582
4584
4588
4589
4595
4596
4601
4604
4626
4627
4629
4630
4641
4651
4661
4673
4711
4728
4735
4751
4762
4766
4769
4772
4774
4777
4784
4805
4808
4812
4818
4826
4837
4842
4843
4845
4850
4851
4859
4861
4869
4883
4888
4901
4904
4909
4916
4919
4921
4928
4936
4939
4949
4951
4956
4961
4965
4967
4968
4971
4978
4987
4993
4995
