Group 3.txt from replicate 6
5012
5020
5026
5034
5038
5039
5047
5059
5064
5069
5077
5085
5091
5124
5147
5148
5157
5161
5162
5165
5196
5202
5207
5230
5232
5239
5269
5282
5285
5318
5326
5331
5338
5360
5371
5401
5402
5403
5416
5417
5428
5432
5434
5480
5489
5493
5494
5515
5523
5532
5546
5555
5569
5570
5575
5576
5577
5587
5589
5605
5620
5637
5652
5657
5674
5694
5708
5711
5717
5727
5742
5743
5767
5776
5799
5801
5814
5831
5844
5852
5855
5857
5875
5882
5884
5887
5892
5893
5906
5913
5919
5933
5934
5940
5942
5946
5947
5949
5953
5973
5979
5987
5993
