Group 20.txt from replicate 1
16
18
19
30
32
33
34
36
37
42
43
51
52
63
73
90
95
96
115
118
137
169
171
186
213
216
218
227
228
232
236
237
243
244
253
256
261
263
264
270
276
284
285
309
317
318
320
329
340
346
356
376
377
385
389
392
398
420
422
432
445
449
450
451
456
469
470
471
478
484
485
486
499
502
503
504
507
513
519
524
528
529
541
550
551
561
584
600
615
645
660
665
666
668
686
688
690
697
703
705
711
712
724
725
744
745
763
769
772
785
792
799
803
807
811
827
829
830
831
835
844
848
850
851
855
856
868
875
881
889
894
900
908
923
926
931
937
945
953
963
967
968
970
983
984
996
