Group 24.txt from replicate 6
5012
5019
5020
5026
5034
5038
5039
5045
5047
5059
5064
5069
5077
5085
5091
5113
5124
5145
5147
5148
5157
5161
5162
5165
5167
5170
5191
5195
5196
5202
5203
5207
5230
5231
5232
5239
5242
5254
5268
5269
5282
5285
5297
5318
5326
5331
5338
5352
5360
5365
5369
5371
5375
5385
5401
5402
5403
5416
5417
5426
5428
5429
5432
5434
5436
5457
5480
5483
5489
5493
5494
5502
5515
5521
5523
5532
5535
5543
5546
5548
5549
5554
5555
5569
5570
5575
5576
5577
5581
5587
5589
5601
5605
5620
5637
5652
5657
5663
5664
5674
5682
5684
5694
5708
5711
5717
5727
5728
5742
5743
5752
5767
5773
5776
5779
5796
5799
5801
5802
5807
5814
5831
5844
5845
5852
5855
5857
5867
5875
5882
5884
5887
5892
5893
5897
5898
5906
5913
5919
5933
5934
5940
5942
5946
5947
5949
5953
5960
5964
5965
5973
5975
5979
5987
5993
