Group 22.txt from replicate 6
5000
5002
5004
5005
5009
5010
5015
5016
5030
5033
5040
5042
5046
5048
5052
5054
5057
5060
5065
5066
5070
5074
5076
5078
5079
5080
5081
5082
5086
5093
5097
5099
5101
5102
5105
5111
5112
5119
5121
5122
5127
5128
5130
5131
5132
5137
5144
5153
5154
5155
5156
5158
5163
5169
5171
5176
5180
5181
5182
5185
5189
5193
5194
5205
5211
5214
5221
5235
5237
5238
5244
5245
5249
5251
5252
5267
5275
5278
5286
5290
5296
5300
5301
5306
5309
5310
5312
5315
5317
5322
5323
5328
5337
5340
5346
5347
5348
5351
5353
5357
5361
5362
5366
5368
5376
5383
5387
5390
5392
5405
5406
5407
5410
5411
5420
5421
5423
5427
5442
5467
5471
5474
5475
5478
5484
5490
5495
5496
5499
5501
5505
5507
5509
5512
5517
5518
5519
5525
5537
5538
5539
5540
5542
5544
5558
5560
5565
5567
5571
5580
5590
5596
5613
5617
5619
5621
5623
5625
5629
5630
5631
5635
5644
5646
5647
5651
5660
5661
5662
5667
5676
5677
5683
5686
5688
5692
5698
5700
5701
5703
5704
5712
5713
5714
5718
5720
5721
5724
5733
5739
5745
5746
5747
5756
5757
5762
5770
5778
5784
5786
5790
5791
5797
5811
5812
5813
5817
5824
5828
5829
5835
5838
5841
5849
5854
5859
5860
5862
5863
5877
5878
5883
5894
5904
5909
5910
5915
5924
5935
5941
5943
5944
5952
5954
5956
5958
5959
5966
5968
5972
5974
5978
5981
5983
5989
5991
5996
