Group 21.txt from replicate 6
5001
5003
5006
5018
5021
5022
5024
5025
5027
5031
5036
5043
5049
5050
5055
5056
5062
5071
5073
5075
5084
5088
5089
5096
5098
5100
5106
5107
5109
5110
5114
5116
5117
5118
5123
5126
5134
5135
5139
5141
5143
5151
5160
5166
5172
5179
5183
5184
5186
5188
5198
5199
5201
5206
5208
5218
5222
5224
5227
5228
5229
5233
5236
5241
5246
5247
5248
5250
5255
5257
5258
5262
5266
5271
5273
5274
5279
5281
5288
5291
5292
5293
5299
5305
5307
5308
5314
5316
5319
5325
5330
5334
5341
5342
5343
5345
5349
5350
5358
5359
5364
5367
5370
5379
5382
5386
5389
5393
5394
5396
5397
5398
5399
5400
5404
5408
5409
5413
5418
5433
5438
5439
5444
5446
5448
5450
5453
5454
5455
5459
5465
5472
5473
5476
5477
5486
5487
5492
5497
5498
5504
5510
5516
5526
5531
5534
5536
5547
5550
5551
5552
5553
5556
5557
5562
5566
5568
5573
5579
5582
5583
5584
5592
5593
5597
5598
5604
5606
5607
5608
5611
5612
5615
5622
5626
5627
5633
5634
5641
5643
5649
5656
5659
5666
5668
5669
5671
5678
5680
5681
5685
5689
5691
5693
5710
5715
5722
5723
5725
5730
5731
5735
5737
5738
5740
5749
5754
5755
5758
5761
5763
5764
5766
5768
5769
5772
5781
5782
5783
5787
5788
5789
5793
5798
5805
5808
5809
5815
5818
5819
5821
5823
5826
5827
5833
5834
5840
5842
5846
5848
5856
5858
5861
5864
5865
5871
5872
5874
5876
5879
5880
5886
5890
5895
5899
5901
5902
5903
5911
5912
5918
5920
5925
5929
5930
5938
5945
5950
5951
5962
5967
5970
5985
5986
5990
5997
