Group 23.txt from replicate 6
5007
5008
5011
5013
5029
5035
5044
5051
5058
5061
5063
5067
5072
5083
5092
5103
5129
5136
5149
5150
5152
5168
5174
5178
5190
5192
5209
5212
5213
5219
5220
5240
5256
5261
5263
5265
5270
5276
5277
5283
5287
5294
5295
5298
5302
5303
5304
5311
5313
5320
5321
5333
5336
5339
5354
5356
5363
5374
5378
5381
5391
5395
5412
5414
5419
5424
5425
5430
5431
5435
5440
5443
5447
5451
5452
5463
5464
5466
5468
5469
5470
5482
5485
5488
5500
5511
5513
5520
5524
5527
5528
5530
5533
5541
5545
5559
5561
5563
5564
5574
5602
5603
5618
5624
5628
5632
5636
5638
5639
5645
5648
5650
5655
5658
5665
5670
5672
5675
5679
5695
5696
5699
5707
5719
5726
5729
5732
5736
5748
5753
5759
5760
5765
5775
5777
5780
5785
5794
5795
5803
5804
5806
5816
5820
5830
5832
5836
5837
5839
5843
5847
5853
5870
5873
5885
5896
5900
5907
5908
5914
5916
5921
5922
5927
5928
5931
5932
5936
5948
5955
5957
5961
5977
5980
5982
5988
5992
5998
5999
