Group 11.txt from replicate 6
5001
5006
5018
5021
5022
5024
5031
5049
5050
5055
5071
5073
5075
5088
5089
5098
5100
5106
5107
5109
5114
5117
5123
5139
5151
5160
5166
5172
5179
5188
5198
5199
5201
5218
5222
5227
5228
5229
5233
5236
5241
5246
5247
5250
5257
5271
5288
5291
5299
5305
5308
5319
5325
5334
5343
5358
5370
5379
5386
5389
5393
5394
5397
5399
5400
5404
5408
5409
5438
5444
5446
5448
5453
5459
5465
5473
5477
5487
5492
5504
5516
5526
5550
5551
5552
5556
5557
5562
5566
5568
5573
5579
5582
5583
5584
5597
5598
5606
5607
5612
5626
5634
5659
5666
5668
5671
5678
5680
5681
5685
5691
5710
5715
5722
5723
5725
5730
5738
5740
5754
5758
5761
5764
5769
5772
5781
5782
5787
5789
5793
5798
5805
5809
5815
5818
5821
5827
5833
5834
5840
5848
5856
5858
5864
5871
5874
5879
5899
5912
5918
5925
5930
5938
5945
5950
5951
