Group 12.txt from replicate 6
5000
5004
5005
5009
5010
5016
5033
5042
5048
5052
5065
5066
5070
5076
5078
5079
5080
5081
5097
5099
5101
5102
5105
5111
5112
5121
5122
5127
5128
5130
5131
5132
5144
5169
5171
5176
5181
5182
5189
5193
5194
5214
5221
5237
5238
5244
5249
5267
5275
5278
5286
5290
5300
5306
5309
5310
5312
5315
5317
5323
5346
5362
5366
5383
5387
5392
5406
5410
5420
5421
5423
5467
5471
5474
5475
5478
5484
5495
5496
5499
5501
5505
5507
5509
5517
5518
5538
5539
5540
5542
5558
5560
5565
5567
5590
5596
5613
5617
5623
5625
5629
5635
5644
5646
5647
5660
5662
5686
5688
5692
5698
5700
5701
5704
5713
5714
5718
5721
5724
5739
5747
5756
5757
5770
5778
5784
5790
5797
5811
5824
5829
5835
5854
5859
5860
5862
5863
5877
5883
5909
5915
5941
5944
5952
5958
5966
5968
5981
5983
5996
