Group 2.txt from replicate 6
5007
5008
5013
5029
5035
5044
5051
5058
5061
5063
5067
5072
5103
5129
5136
5149
5150
5152
5168
5174
5190
5209
5212
5213
5219
5220
5240
5256
5263
5265
5270
5276
5294
5295
5298
5302
5303
5304
5311
5313
5333
5354
5363
5378
5381
5391
5395
5412
5414
5419
5424
5425
5430
5435
5443
5447
5451
5452
5464
5466
5468
5469
5482
5488
5500
5520
5528
5530
5533
5541
5559
5574
5602
5618
5624
5632
5636
5638
5639
5645
5648
5655
5665
5670
5672
5675
5679
5696
5699
5707
5726
5729
5732
5765
5775
5777
5780
5803
5804
5816
5820
5830
5832
5839
5847
5870
5885
5900
5908
5914
5916
5921
5927
5928
5931
5932
5936
5955
5957
5961
5977
5980
5999
