Group 25.txt from replicate 7
6015
6018
6021
6032
6060
6062
6065
6079
6080
6087
6089
6096
6099
6124
6150
6167
6172
6176
6178
6183
6184
6187
6194
6207
6209
6210
6213
6225
6231
6233
6238
6254
6255
6264
6266
6272
6285
6291
6293
6296
6302
6303
6304
6305
6323
6344
6345
6359
6360
6364
6367
6373
6376
6382
6386
6396
6398
6399
6403
6412
6418
6419
6425
6436
6450
6453
6456
6460
6461
6465
6480
6481
6484
6485
6486
6487
6488
6496
6506
6512
6518
6520
6524
6528
6542
6545
6552
6560
6570
6576
6589
6593
6600
6602
6608
6613
6614
6618
6620
6623
6629
6630
6634
6638
6641
6649
6655
6656
6658
6660
6665
6668
6671
6688
6705
6718
6723
6725
6732
6742
6743
6745
6746
6761
6768
6775
6779
6782
6785
6786
6788
6811
6813
6819
6822
6823
6826
6829
6838
6850
6852
6859
6866
6871
6877
6894
6895
6897
6907
6908
6910
6925
6926
6935
6936
6939
6941
6952
6953
6956
6961
6974
6983
6991
6998
