Group 26.txt from replicate 7
6016
6017
6023
6024
6036
6038
6059
6085
6102
6104
6107
6112
6128
6130
6134
6136
6137
6146
6152
6169
6171
6191
6193
6204
6218
6222
6227
6232
6249
6258
6275
6280
6295
6297
6308
6312
6313
6314
6320
6324
6330
6338
6339
6340
6354
6355
6357
6362
6371
6372
6374
6395
6397
6414
6426
6431
6434
6435
6438
6444
6446
6459
6482
6490
6511
6526
6529
6533
6534
6539
6549
6550
6556
6568
6569
6591
6596
6598
6599
6611
6615
6616
6621
6622
6631
6633
6643
6651
6652
6659
6669
6673
6681
6683
6685
6701
6714
6716
6726
6728
6729
6734
6739
6756
6757
6760
6764
6766
6773
6780
6784
6787
6796
6798
6800
6802
6803
6812
6833
6834
6840
6844
6845
6846
6848
6851
6855
6860
6865
6868
6873
6875
6879
6883
6886
6889
6890
6891
6893
6903
6909
6911
6920
6922
6938
6951
6982
6994
6996
