Group 1.txt from replicate 7
6007
6008
6011
6012
6019
6031
6040
6041
6043
6045
6056
6057
6058
6075
6086
6103
6105
6109
6117
6126
6129
6131
6138
6153
6154
6165
6166
6173
6175
6181
6182
6185
6196
6197
6200
6215
6217
6219
6223
6224
6228
6235
6236
6242
6244
6245
6248
6250
6263
6269
6294
6306
6309
6310
6311
6315
6316
6319
6325
6331
6332
6335
6336
6342
6347
6349
6358
6363
6369
6370
6375
6379
6384
6388
6389
6390
6393
6400
6404
6405
6422
6427
6429
6439
6441
6448
6457
6458
6463
6471
6474
6477
6493
6494
6495
6498
6502
6507
6508
6510
6514
6517
6519
6527
6537
6541
6546
6554
6555
6565
6571
6583
6584
6604
6605
6612
6624
6625
6626
6627
6636
6637
6642
6654
6664
6672
6675
6680
6682
6684
6692
6698
6703
6706
6715
6724
6747
6750
6755
6758
6771
6776
6789
6795
6801
6807
6808
6815
6818
6839
6857
6872
6880
6882
6885
6900
6902
6914
6917
6918
6924
6927
6930
6932
6945
6954
6955
6964
6975
6984
6993
6995
