Group 0.txt from replicate 7
6001
6002
6003
6004
6006
6009
6010
6014
6020
6025
6037
6042
6046
6051
6055
6063
6064
6066
6067
6069
6073
6084
6092
6100
6110
6113
6114
6118
6120
6123
6125
6127
6144
6147
6148
6149
6151
6155
6157
6159
6160
6163
6177
6190
6199
6202
6214
6216
6229
6251
6252
6256
6257
6259
6260
6262
6273
6274
6288
6289
6290
6292
6318
6334
6343
6346
6353
6368
6377
6378
6380
6385
6387
6394
6407
6408
6409
6410
6423
6430
6433
6437
6445
6452
6454
6455
6467
6469
6470
6476
6478
6483
6492
6497
6499
6500
6501
6503
6504
6516
6521
6522
6525
6536
6540
6543
6544
6548
6559
6566
6573
6588
6594
6597
6606
6609
6635
6640
6648
6653
6657
6661
6677
6679
6693
6695
6696
6697
6700
6708
6709
6710
6721
6727
6730
6731
6733
6736
6738
6741
6749
6751
6752
6783
6794
6809
6824
6828
6831
6837
6841
6842
6843
6858
6862
6869
6876
6878
6887
6896
6898
6899
6904
6906
6913
6916
6919
6929
6931
6933
6942
6944
6946
6949
6950
6959
6963
6966
6969
6972
6973
6978
6981
6985
6986
