Group 24.txt from replicate 7
6005
6007
6008
6011
6012
6019
6026
6027
6031
6033
6034
6039
6040
6041
6043
6044
6045
6048
6050
6052
6056
6057
6058
6075
6077
6078
6086
6088
6097
6103
6105
6106
6109
6117
6121
6126
6129
6131
6132
6138
6140
6143
6145
6153
6154
6164
6165
6166
6173
6174
6175
6179
6181
6182
6185
6192
6196
6197
6200
6203
6208
6211
6215
6217
6219
6223
6224
6228
6235
6236
6242
6244
6245
6248
6250
6263
6268
6269
6271
6276
6281
6294
6306
6307
6309
6310
6311
6315
6316
6319
6325
6326
6328
6331
6332
6335
6336
6342
6347
6349
6358
6361
6363
6365
6369
6370
6375
6379
6381
6383
6384
6388
6389
6390
6393
6400
6404
6405
6415
6416
6422
6427
6429
6432
6439
6441
6442
6443
6447
6448
6457
6458
6463
6471
6474
6475
6477
6493
6494
6495
6498
6502
6507
6508
6509
6510
6514
6515
6517
6519
6527
6537
6541
6546
6554
6555
6558
6562
6563
6565
6567
6571
6574
6575
6578
6579
6580
6583
6584
6586
6587
6603
6604
6605
6612
6619
6624
6625
6626
6627
6636
6637
6639
6642
6654
6662
6664
6672
6675
6680
6682
6684
6687
6690
6691
6692
6698
6699
6703
6706
6715
6719
6720
6724
6747
6750
6755
6758
6767
6771
6776
6789
6792
6795
6801
6807
6808
6814
6815
6818
6835
6839
6847
6857
6872
6880
6882
6885
6892
6900
6901
6902
6914
6917
6918
6921
6924
6927
6928
6930
6932
6945
6948
6954
6955
6964
6967
6975
6979
6984
6993
6995
