Group 6.txt from replicate 7
6001
6002
6003
6004
6006
6009
6014
6020
6025
6037
6042
6051
6055
6064
6067
6069
6073
6084
6100
6110
6120
6123
6127
6144
6147
6148
6149
6151
6155
6157
6159
6163
6177
6199
6202
6216
6229
6252
6256
6260
6262
6273
6274
6292
6318
6334
6353
6377
6378
6380
6385
6394
6408
6409
6423
6430
6433
6437
6445
6452
6455
6467
6470
6476
6478
6497
6499
6500
6501
6503
6504
6521
6536
6540
6543
6544
6559
6573
6597
6606
6609
6635
6648
6657
6677
6679
6693
6695
6696
6697
6700
6708
6709
6710
6721
6730
6733
6736
6741
6749
6751
6752
6783
6794
6809
6828
6831
6837
6841
6842
6843
6858
6862
6869
6876
6887
6898
6899
6904
6906
6916
6919
6929
6933
6942
6944
6946
6959
6963
6966
6969
6972
6973
6981
6985
6986
