Group 23.txt from replicate 7
6000
6001
6002
6003
6004
6006
6009
6010
6013
6014
6020
6025
6029
6035
6037
6042
6046
6051
6054
6055
6063
6064
6066
6067
6069
6070
6072
6073
6081
6084
6092
6095
6100
6101
6110
6111
6113
6114
6115
6118
6119
6120
6122
6123
6125
6127
6133
6141
6142
6144
6147
6148
6149
6151
6155
6157
6158
6159
6160
6163
6177
6190
6199
6202
6214
6216
6226
6229
6230
6239
6246
6251
6252
6256
6257
6259
6260
6262
6267
6273
6274
6278
6279
6283
6284
6286
6287
6288
6289
6290
6292
6317
6318
6327
6329
6334
6341
6343
6346
6353
6366
6368
6377
6378
6380
6385
6387
6392
6394
6402
6407
6408
6409
6410
6411
6413
6421
6423
6424
6430
6433
6437
6440
6445
6452
6454
6455
6466
6467
6469
6470
6476
6478
6479
6483
6489
6492
6497
6499
6500
6501
6503
6504
6513
6516
6521
6522
6525
6532
6535
6536
6538
6540
6543
6544
6548
6551
6553
6557
6559
6561
6566
6573
6577
6581
6585
6588
6590
6592
6594
6597
6606
6607
6609
6610
6635
6640
6644
6645
6648
6653
6657
6661
6670
6676
6677
6679
6686
6689
6693
6695
6696
6697
6700
6702
6704
6708
6709
6710
6713
6721
6727
6730
6731
6733
6736
6737
6738
6741
6744
6749
6751
6752
6754
6763
6769
6774
6781
6783
6793
6794
6799
6804
6806
6809
6810
6816
6824
6828
6831
6832
6837
6841
6842
6843
6858
6861
6862
6863
6869
6876
6878
6881
6887
6896
6898
6899
6904
6906
6912
6913
6915
6916
6919
6929
6931
6933
6940
6942
6944
6946
6949
6950
6958
6959
6963
6966
6969
6970
6971
6972
6973
6978
6981
6985
6986
6987
6989
6997
6999
