Group 12.txt from replicate 7
6000
6013
6029
6035
6054
6070
6072
6081
6095
6101
6111
6115
6119
6122
6133
6141
6142
6158
6226
6230
6239
6246
6267
6278
6279
6283
6284
6286
6287
6317
6327
6329
6341
6366
6392
6402
6411
6413
6421
6424
6440
6466
6479
6489
6513
6532
6535
6538
6551
6553
6557
6561
6577
6581
6585
6590
6592
6607
6610
6644
6645
6670
6676
6686
6689
6702
6704
6713
6737
6744
6754
6763
6769
6774
6781
6793
6799
6804
6806
6810
6816
6832
6861
6863
6881
6912
6915
6940
6958
6970
6971
6987
6989
6997
6999
