Group 3.txt from replicate 8
7016
7022
7023
7024
7025
7037
7039
7045
7059
7062
7063
7091
7103
7110
7119
7124
7128
7149
7150
7154
7160
7181
7206
7211
7213
7216
7229
7233
7252
7262
7286
7315
7324
7327
7334
7357
7366
7370
7372
7381
7382
7394
7401
7447
7453
7454
7458
7474
7481
7502
7531
7537
7539
7541
7542
7544
7551
7552
7553
7557
7560
7563
7584
7590
7605
7609
7613
7629
7634
7645
7649
7660
7672
7694
7706
7709
7715
7736
7740
7742
7745
7763
7769
7797
7798
7800
7806
7807
7812
7819
7830
7833
7844
7852
7857
7859
7883
7889
7895
7903
7909
7910
7931
7936
7937
7938
7944
7991
7998
