Group 22.txt from replicate 8
7016
7022
7023
7024
7025
7037
7039
7045
7052
7056
7059
7062
7063
7078
7091
7094
7099
7103
7110
7117
7119
7124
7128
7149
7150
7154
7160
7168
7181
7182
7183
7186
7206
7209
7211
7213
7216
7229
7233
7242
7252
7262
7267
7276
7278
7285
7286
7297
7315
7324
7327
7334
7357
7363
7366
7370
7372
7377
7381
7382
7394
7396
7401
7403
7407
7415
7445
7447
7453
7454
7458
7474
7476
7481
7490
7499
7502
7504
7519
7522
7527
7528
7531
7537
7539
7541
7542
7544
7548
7551
7552
7553
7557
7560
7563
7584
7589
7590
7599
7605
7609
7613
7614
7629
7634
7644
7645
7649
7656
7660
7668
7672
7688
7689
7694
7705
7706
7709
7715
7725
7733
7736
7740
7742
7745
7746
7757
7763
7769
7780
7791
7797
7798
7800
7806
7807
7812
7814
7819
7830
7833
7844
7847
7852
7857
7859
7863
7883
7887
7889
7895
7903
7909
7910
7923
7927
7931
7936
7937
7938
7944
7971
7979
7982
7991
7998
