Group 20.txt from replicate 8
7006
7007
7010
7013
7017
7018
7028
7030
7034
7042
7044
7048
7051
7067
7071
7073
7076
7082
7083
7084
7085
7086
7088
7093
7098
7108
7111
7113
7115
7116
7125
7126
7131
7132
7133
7136
7143
7146
7151
7152
7153
7163
7164
7166
7167
7169
7172
7176
7179
7188
7191
7192
7194
7195
7198
7199
7200
7201
7203
7205
7208
7214
7223
7226
7228
7232
7234
7235
7237
7241
7244
7245
7247
7248
7259
7263
7269
7270
7277
7281
7282
7287
7288
7289
7295
7299
7303
7305
7307
7308
7309
7317
7318
7320
7325
7330
7336
7338
7350
7352
7356
7359
7365
7368
7384
7385
7388
7392
7395
7398
7400
7409
7412
7414
7423
7426
7428
7437
7444
7446
7448
7449
7451
7459
7460
7461
7463
7464
7468
7477
7480
7489
7497
7498
7500
7501
7503
7506
7507
7512
7515
7517
7533
7538
7540
7547
7549
7550
7555
7556
7561
7565
7573
7578
7580
7581
7582
7585
7591
7594
7597
7602
7606
7607
7611
7615
7620
7623
7628
7632
7642
7646
7647
7650
7652
7661
7665
7666
7671
7677
7679
7682
7686
7691
7695
7700
7703
7712
7713
7717
7728
7730
7732
7737
7739
7748
7750
7751
7758
7760
7762
7766
7772
7774
7779
7784
7786
7789
7790
7792
7793
7794
7796
7799
7809
7810
7817
7821
7823
7824
7832
7836
7841
7845
7849
7853
7858
7860
7865
7869
7878
7880
7896
7897
7900
7904
7911
7913
7914
7916
7917
7918
7926
7928
7930
7933
7934
7939
7941
7945
7946
7949
7951
7958
7959
7962
7967
7973
7974
7978
7981
7988
7990
7993
7996
7999
