Group 21.txt from replicate 8
7009
7011
7015
7029
7038
7041
7043
7046
7049
7053
7054
7055
7061
7065
7066
7072
7080
7089
7097
7102
7104
7106
7107
7112
7122
7130
7134
7135
7137
7139
7141
7161
7162
7165
7170
7184
7189
7190
7196
7197
7207
7210
7218
7222
7224
7225
7236
7240
7251
7253
7260
7265
7272
7274
7275
7279
7284
7293
7294
7296
7298
7300
7302
7306
7312
7313
7314
7316
7319
7323
7329
7332
7335
7337
7340
7343
7345
7347
7348
7351
7353
7355
7360
7361
7364
7374
7375
7379
7386
7390
7391
7393
7397
7402
7404
7405
7410
7419
7431
7432
7433
7435
7438
7440
7443
7450
7456
7457
7462
7466
7482
7484
7488
7491
7493
7496
7505
7513
7514
7518
7520
7521
7523
7529
7530
7535
7546
7554
7564
7567
7571
7572
7574
7587
7593
7595
7598
7612
7616
7617
7618
7622
7625
7626
7630
7636
7639
7640
7641
7643
7648
7653
7655
7659
7662
7664
7669
7670
7676
7683
7684
7693
7702
7704
7707
7711
7720
7721
7729
7734
7735
7743
7749
7752
7756
7759
7767
7768
7770
7783
7802
7804
7813
7818
7820
7822
7827
7831
7835
7839
7840
7842
7843
7848
7851
7854
7868
7873
7874
7875
7877
7885
7886
7888
7892
7893
7894
7899
7901
7902
7907
7908
7912
7919
7921
7925
7929
7935
7942
7943
7953
7955
7957
7961
7964
7966
7968
7969
7970
7975
7976
7977
7980
7984
7994
7995
7997
