Group 11.txt from replicate 8
7007
7013
7028
7034
7048
7051
7076
7082
7088
7093
7115
7125
7131
7143
7146
7152
7163
7164
7169
7176
7179
7191
7198
7200
7201
7203
7214
7223
7228
7232
7234
7235
7244
7245
7247
7248
7259
7269
7282
7287
7288
7289
7299
7305
7318
7330
7338
7350
7352
7385
7388
7392
7400
7426
7449
7459
7460
7464
7498
7503
7506
7507
7515
7517
7533
7538
7540
7547
7549
7550
7555
7556
7561
7565
7580
7581
7582
7591
7597
7602
7606
7620
7632
7642
7650
7661
7677
7682
7686
7712
7717
7728
7732
7737
7751
7762
7786
7817
7821
7832
7836
7849
7860
7865
7880
7896
7897
7911
7916
7918
7926
7930
7939
7946
7951
7962
7967
7978
7981
7988
7999
