Group 10.txt from replicate 8
7043
7046
7049
7055
7061
7072
7080
7089
7107
7122
7135
7141
7162
7165
7189
7190
7196
7210
7224
7225
7236
7251
7260
7272
7274
7275
7279
7284
7293
7296
7300
7306
7314
7316
7329
7337
7340
7343
7345
7347
7351
7355
7360
7374
7386
7390
7391
7393
7405
7432
7433
7435
7440
7450
7456
7482
7491
7496
7513
7514
7518
7520
7521
7523
7535
7546
7554
7567
7572
7574
7587
7593
7612
7622
7625
7626
7630
7639
7640
7648
7655
7662
7670
7676
7683
7702
7704
7711
7721
7729
7734
7735
7743
7752
7759
7770
7804
7827
7831
7835
7842
7848
7868
7875
7877
7885
7886
7888
7892
7893
7894
7899
7907
7912
7929
7942
7953
7955
7964
7966
7969
7980
7984
