Group 2.txt from replicate 8
7001
7003
7004
7021
7027
7031
7057
7068
7079
7095
7096
7100
7121
7123
7138
7142
7144
7145
7155
7156
7158
7159
7171
7175
7202
7219
7227
7243
7254
7255
7256
7257
7261
7264
7268
7280
7292
7321
7322
7326
7328
7341
7367
7373
7380
7399
7413
7416
7417
7421
7427
7430
7439
7452
7467
7473
7478
7479
7483
7487
7510
7511
7524
7536
7569
7570
7577
7583
7586
7592
7600
7610
7621
7624
7627
7633
7638
7658
7675
7678
7687
7690
7692
7698
7701
7719
7727
7741
7744
7753
7754
7776
7782
7785
7787
7788
7828
7834
7838
7856
7861
7862
7864
7866
7872
7876
7879
7882
7905
7915
7940
7963
7986
7987
7989
