Group 3.txt from replicate 9
8015
8017
8023
8028
8030
8034
8035
8042
8047
8048
8053
8060
8071
8074
8075
8077
8090
8102
8107
8113
8116
8122
8132
8155
8157
8161
8165
8178
8195
8205
8207
8234
8247
8260
8262
8263
8265
8266
8271
8306
8311
8323
8332
8338
8342
8351
8354
8357
8359
8366
8367
8372
8424
8426
8430
8443
8446
8453
8458
8466
8469
8474
8479
8488
8490
8492
8511
8529
8531
8538
8541
8545
8564
8579
8588
8598
8600
8604
8605
8613
8618
8652
8659
8660
8672
8680
8687
8699
8702
8706
8731
8734
8763
8769
8782
8783
8786
8787
8796
8806
8807
8811
8823
8828
8832
8854
8855
8858
8865
8881
8890
8892
8905
8912
8920
8923
8925
8936
8946
8956
8965
8974
