Group 25.txt from replicate 9
8001
8002
8007
8011
8012
8013
8019
8022
8026
8027
8037
8039
8045
8049
8050
8052
8056
8059
8061
8065
8068
8073
8076
8085
8086
8089
8093
8095
8097
8098
8100
8110
8111
8112
8120
8127
8129
8135
8138
8139
8140
8143
8152
8154
8163
8167
8170
8173
8174
8175
8176
8177
8179
8184
8192
8197
8206
8208
8213
8215
8218
8219
8225
8231
8232
8233
8241
8250
8253
8255
8259
8261
8264
8269
8272
8273
8278
8282
8287
8289
8290
8292
8297
8300
8312
8319
8327
8339
8340
8343
8348
8352
8355
8368
8381
8385
8386
8387
8393
8401
8419
8421
8432
8437
8456
8464
8472
8483
8491
8498
8500
8504
8505
8514
8518
8524
8525
8543
8544
8546
8552
8553
8557
8558
8560
8561
8563
8569
8570
8572
8580
8582
8589
8590
8591
8607
8615
8616
8621
8624
8627
8631
8632
8636
8638
8639
8642
8646
8649
8650
8653
8654
8655
8658
8661
8664
8667
8668
8671
8673
8678
8679
8681
8695
8704
8705
8709
8712
8718
8723
8727
8732
8733
8737
8744
8748
8749
8750
8756
8766
8770
8773
8774
8776
8780
8785
8790
8793
8794
8805
8809
8810
8813
8822
8837
8840
8843
8845
8846
8863
8864
8870
8871
8876
8882
8883
8884
8885
8888
8895
8898
8899
8902
8906
8910
8916
8917
8922
8926
8927
8934
8941
8942
8943
8949
8953
8955
8969
8972
8973
8976
8977
8980
8982
8984
8986
8988
8990
8992
8998
