Group 26.txt from replicate 9
8003
8008
8018
8029
8032
8038
8041
8043
8055
8066
8069
8072
8082
8083
8091
8092
8094
8109
8119
8125
8136
8137
8145
8148
8151
8156
8159
8168
8185
8191
8194
8196
8200
8202
8203
8204
8222
8226
8227
8228
8229
8230
8235
8236
8237
8242
8243
8244
8246
8256
8257
8258
8267
8275
8286
8288
8298
8299
8301
8305
8310
8314
8317
8318
8320
8322
8326
8328
8329
8330
8335
8336
8344
8347
8364
8370
8375
8384
8388
8391
8399
8404
8409
8410
8415
8427
8428
8429
8431
8434
8441
8442
8448
8450
8451
8455
8460
8462
8463
8477
8478
8485
8486
8493
8494
8501
8503
8506
8519
8527
8528
8532
8534
8547
8549
8550
8555
8567
8568
8571
8573
8585
8586
8601
8608
8610
8620
8625
8630
8633
8637
8643
8644
8647
8648
8656
8662
8663
8666
8676
8690
8692
8694
8696
8703
8710
8713
8716
8724
8725
8736
8738
8745
8747
8751
8754
8759
8761
8762
8775
8778
8779
8792
8797
8804
8808
8812
8817
8824
8826
8827
8831
8838
8867
8869
8872
8873
8875
8877
8880
8886
8889
8893
8904
8908
8911
8913
8929
8932
8938
8939
8945
8951
8954
8957
8958
8961
8967
8968
8970
8987
8989
