Group 27.txt from replicate 9
8015
8017
8023
8028
8030
8034
8035
8036
8042
8044
8047
8048
8053
8054
8060
8071
8074
8075
8077
8080
8090
8102
8107
8113
8116
8122
8132
8146
8155
8157
8161
8165
8171
8178
8181
8195
8205
8207
8210
8220
8234
8245
8247
8260
8262
8263
8265
8266
8271
8304
8306
8308
8311
8323
8332
8338
8342
8351
8353
8354
8357
8359
8366
8367
8372
8418
8424
8426
8430
8443
8446
8453
8458
8466
8469
8471
8474
8479
8482
8488
8490
8492
8499
8509
8511
8512
8529
8531
8538
8539
8541
8545
8564
8565
8576
8579
8588
8598
8600
8604
8605
8613
8618
8635
8652
8659
8660
8672
8680
8687
8699
8702
8706
8731
8734
8763
8769
8782
8783
8786
8787
8796
8806
8807
8811
8823
8828
8832
8848
8852
8854
8855
8857
8858
8865
8881
8890
8891
8892
8896
8905
8912
8920
8923
8925
8936
8937
8946
8956
8962
8965
8974
8981
