Group 24.txt from replicate 9
8000
8004
8005
8009
8010
8014
8016
8021
8031
8033
8040
8046
8057
8058
8062
8064
8078
8079
8081
8084
8087
8096
8099
8101
8105
8106
8108
8118
8123
8126
8131
8134
8141
8142
8144
8149
8158
8164
8169
8182
8183
8186
8187
8188
8189
8190
8198
8199
8201
8211
8212
8214
8217
8221
8223
8224
8238
8240
8248
8251
8254
8274
8277
8279
8281
8284
8291
8294
8307
8309
8313
8316
8321
8324
8331
8333
8337
8341
8345
8346
8349
8350
8356
8361
8363
8365
8376
8378
8379
8380
8383
8389
8390
8392
8394
8395
8396
8397
8398
8403
8405
8406
8407
8411
8412
8413
8414
8416
8420
8422
8425
8433
8436
8438
8439
8445
8457
8459
8461
8465
8467
8468
8470
8473
8475
8476
8480
8484
8489
8497
8502
8507
8510
8513
8520
8521
8522
8523
8530
8533
8535
8536
8540
8554
8556
8577
8581
8592
8593
8594
8595
8596
8603
8606
8609
8611
8614
8617
8619
8622
8626
8628
8634
8641
8645
8651
8657
8669
8675
8683
8684
8685
8686
8688
8689
8691
8693
8697
8708
8711
8714
8715
8717
8721
8722
8728
8729
8730
8735
8742
8746
8752
8753
8760
8764
8768
8771
8772
8777
8781
8784
8795
8798
8799
8800
8802
8803
8814
8816
8818
8820
8821
8825
8830
8839
8844
8847
8851
8853
8856
8861
8862
8866
8878
8879
8887
8903
8907
8909
8914
8918
8919
8931
8935
8940
8944
8947
8950
8952
8963
8964
8966
8971
8983
8991
8993
8995
8996
