Group 11.txt from replicate 9
8007
8011
8012
8013
8026
8050
8061
8065
8073
8085
8089
8093
8110
8112
8120
8127
8143
8154
8163
8177
8179
8184
8192
8206
8208
8213
8215
8225
8231
8241
8250
8255
8261
8264
8269
8273
8278
8282
8287
8292
8300
8312
8339
8340
8343
8368
8385
8401
8419
8432
8464
8491
8504
8505
8514
8518
8553
8558
8561
8563
8569
8570
8582
8590
8591
8624
8627
8631
8639
8655
8661
8664
8668
8671
8678
8679
8681
8695
8718
8723
8732
8733
8737
8744
8748
8749
8766
8773
8774
8785
8790
8793
8794
8805
8813
8837
8840
8845
8846
8863
8871
8876
8882
8883
8885
8888
8898
8899
8902
8906
8917
8927
8934
8941
8943
8949
8953
8969
8972
8977
8982
8984
8990
8992
8998
