Group 10.txt from replicate 9
8000
8004
8009
8010
8021
8031
8033
8062
8064
8078
8084
8087
8096
8099
8101
8105
8108
8118
8123
8134
8141
8142
8144
8149
8164
8169
8182
8186
8188
8189
8198
8199
8201
8217
8221
8240
8277
8279
8284
8291
8294
8313
8316
8333
8337
8341
8345
8346
8350
8365
8376
8378
8379
8380
8389
8390
8394
8398
8403
8405
8406
8411
8412
8413
8414
8422
8425
8438
8439
8445
8459
8465
8467
8468
8470
8476
8480
8484
8497
8502
8513
8521
8522
8523
8533
8535
8540
8554
8581
8594
8595
8596
8603
8606
8611
8614
8645
8669
8675
8683
8685
8691
8708
8715
8717
8722
8728
8730
8742
8746
8752
8764
8772
8784
8795
8799
8800
8830
8839
8847
8853
8856
8903
8907
8909
8914
8918
8919
8940
8944
8947
8952
8964
8966
8991
8993
8995
