Group 7.txt from replicate 10
9002
9009
9024
9028
9059
9068
9070
9078
9080
9081
9086
9096
9099
9103
9107
9108
9112
9155
9157
9181
9184
9189
9196
9198
9208
9216
9219
9238
9239
9262
9267
9271
9275
9294
9298
9301
9309
9310
9312
9317
9354
9358
9375
9382
9383
9402
9404
9407
9432
9433
9443
9445
9453
9477
9519
9530
9533
9539
9544
9562
9567
9576
9577
9594
9597
9598
9620
9626
9627
9631
9664
9699
9701
9709
9719
9720
9722
9734
9744
9747
9766
9767
9770
9778
9809
9829
9832
9836
9864
9879
9881
9887
9898
9916
9922
9945
9947
9952
9959
9961
9964
9969
9971
9974
9980
9995
9997
