Group 25.txt from replicate 10
9004
9027
9030
9033
9042
9049
9061
9063
9066
9071
9074
9083
9084
9100
9104
9110
9124
9130
9131
9156
9164
9166
9168
9176
9180
9186
9197
9207
9215
9222
9225
9229
9234
9247
9250
9260
9264
9272
9282
9284
9288
9295
9299
9304
9315
9322
9327
9328
9334
9341
9346
9349
9351
9356
9364
9365
9384
9386
9399
9410
9412
9417
9418
9419
9438
9452
9459
9465
9467
9470
9473
9487
9524
9527
9552
9553
9604
9609
9610
9615
9629
9639
9640
9641
9644
9645
9646
9653
9656
9661
9663
9674
9675
9676
9681
9687
9695
9698
9703
9711
9712
9717
9737
9759
9774
9783
9784
9785
9804
9806
9812
9837
9852
9853
9854
9860
9862
9863
9865
9867
9870
9876
9880
9889
9897
9903
9906
9913
9915
9930
9933
9935
9942
9943
9946
9957
9960
9972
9985
9996
