Group 1.txt from replicate 10
9002
9009
9024
9028
9044
9057
9059
9068
9069
9070
9075
9078
9080
9081
9086
9088
9093
9096
9099
9103
9107
9108
9112
9114
9133
9146
9148
9155
9157
9181
9184
9189
9196
9198
9208
9216
9219
9223
9238
9239
9251
9262
9267
9271
9275
9294
9298
9300
9301
9302
9309
9310
9312
9317
9350
9354
9358
9367
9374
9375
9382
9383
9400
9402
9404
9407
9422
9425
9432
9433
9443
9445
9448
9453
9454
9461
9466
9477
9506
9516
9517
9519
9530
9533
9539
9544
9562
9564
9567
9575
9576
9577
9584
9586
9594
9597
9598
9608
9620
9626
9627
9631
9664
9680
9699
9701
9709
9719
9720
9722
9734
9735
9744
9747
9755
9766
9767
9770
9778
9786
9802
9809
9829
9832
9836
9844
9846
9864
9879
9881
9887
9890
9891
9898
9899
9916
9922
9924
9925
9926
9927
9945
9947
9950
9952
9959
9961
9964
9969
9971
9974
9980
9981
9988
9993
9995
9997
