Group 0.txt from replicate 10
9005
9010
9018
9019
9022
9031
9036
9037
9038
9040
9041
9051
9064
9082
9089
9090
9106
9111
9119
9123
9129
9132
9136
9137
9139
9141
9144
9145
9147
9151
9153
9170
9172
9178
9193
9195
9199
9205
9212
9214
9218
9240
9244
9246
9248
9256
9261
9268
9279
9280
9281
9283
9285
9289
9308
9320
9323
9329
9332
9333
9340
9343
9345
9348
9359
9362
9371
9385
9394
9416
9421
9431
9435
9437
9442
9456
9462
9469
9472
9479
9480
9482
9495
9496
9501
9504
9510
9520
9523
9528
9537
9540
9545
9547
9556
9558
9568
9570
9572
9579
9582
9583
9600
9601
9603
9605
9606
9607
9612
9616
9623
9625
9642
9643
9650
9652
9658
9667
9668
9670
9684
9685
9686
9702
9708
9710
9715
9725
9729
9732
9739
9752
9754
9757
9771
9772
9780
9789
9794
9798
9803
9818
9820
9823
9824
9830
9842
9845
9848
9851
9861
9869
9872
9875
9893
9896
9901
9909
9920
9923
9931
9944
9951
9963
9967
9983
9992
