Group 24.txt from replicate 10
9012
9020
9021
9025
9034
9035
9043
9046
9047
9052
9060
9079
9091
9092
9097
9105
9115
9116
9118
9126
9127
9134
9143
9152
9162
9179
9187
9191
9194
9200
9201
9202
9210
9224
9226
9227
9228
9232
9233
9235
9236
9241
9253
9255
9258
9278
9290
9303
9307
9319
9326
9330
9331
9336
9337
9344
9347
9361
9376
9377
9379
9380
9381
9391
9395
9396
9405
9406
9413
9414
9415
9426
9427
9430
9434
9444
9447
9449
9450
9455
9458
9460
9464
9468
9484
9489
9491
9492
9494
9498
9509
9511
9518
9521
9525
9529
9531
9532
9550
9554
9555
9561
9563
9569
9571
9580
9585
9588
9592
9599
9634
9635
9637
9638
9647
9651
9659
9666
9673
9677
9689
9692
9693
9696
9697
9704
9705
9706
9714
9721
9730
9731
9740
9745
9748
9749
9750
9764
9765
9768
9769
9775
9776
9777
9788
9792
9801
9815
9821
9826
9827
9828
9840
9857
9859
9871
9873
9874
9878
9882
9892
9902
9918
9932
9936
9937
9939
9955
9958
9962
9970
9979
9982
9990
