Group 22.txt from replicate 10
9001
9003
9005
9008
9010
9013
9018
9019
9022
9031
9032
9036
9037
9038
9040
9041
9045
9051
9054
9062
9064
9072
9077
9082
9089
9090
9095
9098
9101
9106
9111
9117
9119
9121
9123
9128
9129
9132
9136
9137
9138
9139
9140
9141
9144
9145
9147
9151
9153
9159
9161
9163
9169
9170
9171
9172
9175
9178
9185
9190
9193
9195
9199
9205
9212
9214
9217
9218
9221
9237
9240
9244
9246
9248
9254
9256
9261
9268
9273
9277
9279
9280
9281
9283
9285
9289
9291
9296
9305
9308
9320
9323
9329
9332
9333
9340
9343
9345
9348
9355
9359
9360
9362
9366
9371
9372
9385
9387
9389
9393
9394
9397
9401
9403
9416
9421
9423
9428
9429
9431
9435
9436
9437
9439
9442
9456
9462
9463
9469
9472
9474
9479
9480
9482
9485
9495
9496
9500
9501
9504
9510
9514
9520
9523
9528
9536
9537
9540
9541
9542
9545
9546
9547
9551
9556
9558
9559
9566
9568
9570
9572
9573
9579
9582
9583
9587
9595
9596
9600
9601
9603
9605
9606
9607
9612
9613
9616
9623
9625
9628
9630
9642
9643
9649
9650
9652
9657
9658
9667
9668
9669
9670
9672
9684
9685
9686
9688
9700
9702
9707
9708
9710
9713
9715
9718
9723
9725
9726
9729
9732
9733
9739
9741
9742
9752
9754
9757
9758
9760
9763
9771
9772
9773
9780
9789
9794
9797
9798
9799
9803
9807
9810
9814
9818
9819
9820
9822
9823
9824
9825
9830
9834
9835
9838
9841
9842
9845
9848
9850
9851
9858
9861
9868
9869
9872
9875
9883
9885
9886
9888
9893
9896
9901
9909
9911
9912
9917
9920
9921
9923
9929
9931
9940
9944
9951
9956
9963
9967
9976
9977
9983
9984
9991
9992
9998
9999
