Group 6.txt from replicate 10
9005
9010
9018
9019
9022
9031
9036
9038
9040
9041
9064
9082
9090
9106
9111
9129
9132
9136
9139
9141
9144
9147
9151
9170
9193
9195
9199
9205
9218
9240
9246
9256
9261
9279
9280
9308
9323
9332
9333
9343
9345
9348
9359
9362
9371
9385
9394
9421
9431
9437
9442
9469
9472
9480
9495
9496
9501
9504
9520
9523
9528
9540
9545
9547
9556
9558
9568
9570
9572
9579
9582
9600
9601
9605
9606
9607
9616
9625
9642
9652
9658
9667
9668
9670
9685
9686
9702
9710
9725
9732
9752
9757
9780
9789
9794
9798
9803
9818
9820
9823
9824
9830
9842
9845
9848
9851
9861
9869
9875
9893
9896
9901
9909
9923
9963
9983
9992
