Group 23.txt from replicate 10
9002
9007
9009
9011
9014
9023
9024
9028
9029
9044
9048
9050
9053
9056
9057
9059
9068
9069
9070
9075
9078
9080
9081
9086
9088
9093
9094
9096
9099
9102
9103
9107
9108
9112
9114
9133
9135
9142
9146
9148
9154
9155
9157
9173
9181
9182
9184
9189
9196
9198
9203
9206
9208
9209
9211
9213
9216
9219
9223
9238
9239
9242
9245
9251
9252
9259
9262
9267
9269
9271
9275
9286
9294
9298
9300
9301
9302
9309
9310
9312
9316
9317
9318
9325
9350
9353
9354
9358
9363
9367
9373
9374
9375
9378
9382
9383
9388
9390
9398
9400
9402
9404
9407
9420
9422
9425
9432
9433
9440
9441
9443
9445
9448
9451
9453
9454
9461
9466
9471
9477
9499
9502
9506
9512
9515
9516
9517
9519
9522
9526
9530
9533
9538
9539
9544
9548
9557
9560
9562
9564
9567
9575
9576
9577
9578
9581
9584
9586
9589
9594
9597
9598
9602
9608
9618
9619
9620
9624
9626
9627
9631
9633
9636
9654
9655
9660
9664
9665
9680
9682
9694
9699
9701
9709
9719
9720
9722
9724
9727
9734
9735
9738
9744
9746
9747
9755
9762
9766
9767
9770
9778
9786
9787
9790
9791
9796
9800
9802
9809
9813
9829
9831
9832
9833
9836
9839
9843
9844
9846
9847
9855
9864
9877
9879
9881
9884
9887
9890
9891
9894
9898
9899
9907
9916
9919
9922
9924
9925
9926
9927
9928
9938
9945
9947
9950
9952
9954
9959
9961
9964
9965
9969
9971
9973
9974
9975
9980
9981
9986
9988
9989
9993
9994
9995
9997
