Group 7.txt from replicate 11
10023
10024
10046
10055
10058
10066
10093
10112
10113
10118
10120
10125
10126
10142
10147
10159
10171
10179
10180
10194
10203
10207
10214
10220
10234
10240
10241
10252
10258
10271
10278
10279
10280
10281
10292
10315
10324
10339
10380
10394
10406
10414
10419
10421
10441
10466
10487
10490
10493
10504
10513
10523
10531
10540
10557
10559
10563
10565
10569
10574
10578
10590
10595
10604
10619
10631
10637
10651
10657
10658
10665
10668
10672
10679
10697
10698
10722
10725
10733
10739
10744
10749
10761
10770
10775
10782
10790
10793
10797
10808
10825
10847
10848
10862
10882
10883
10893
10894
10897
10900
10907
10913
10915
10919
10930
10951
10957
10960
10964
10965
10966
10967
10970
10984
10985
10997
