Group 3.txt from replicate 11
10001
10002
10007
10015
10016
10027
10043
10049
10064
10076
10089
10100
10106
10108
10127
10133
10139
10181
10186
10190
10195
10198
10208
10229
10231
10233
10251
10255
10266
10294
10295
10300
10304
10306
10345
10349
10365
10381
10399
10404
10426
10445
10472
10473
10506
10529
10553
10561
10567
10568
10593
10610
10620
10624
10653
10662
10687
10689
10695
10712
10713
10737
10745
10746
10768
10772
10792
10815
10816
10832
10844
10849
10870
10872
10876
10892
10908
10909
10916
10935
10995
