Group 19.txt from replicate 11
10026
10045
10062
10072
10073
10074
10078
10079
10084
10102
10103
10116
10145
10163
10164
10165
10177
10192
10196
10197
10201
10204
10211
10219
10247
10261
10274
10287
10291
10302
10311
10322
10325
10331
10418
10420
10434
10436
10437
10439
10440
10447
10448
10470
10478
10492
10496
10527
10537
10545
10552
10558
10609
10645
10660
10709
10743
10752
10771
10777
10778
10789
10800
10802
10818
10827
10830
10857
10865
10866
10899
10902
10912
10917
10940
10942
10947
10954
10972
