Group 1.txt from replicate 11
10023
10024
10033
10039
10046
10055
10058
10066
10092
10093
10096
10112
10113
10118
10120
10125
10126
10132
10142
10147
10159
10168
10171
10179
10180
10194
10203
10207
10209
10210
10214
10220
10234
10240
10241
10252
10258
10271
10278
10279
10280
10281
10292
10315
10324
10339
10363
10370
10380
10394
10406
10414
10419
10421
10424
10441
10456
10466
10467
10479
10487
10490
10493
10504
10507
10513
10523
10531
10540
10546
10557
10559
10563
10565
10569
10574
10578
10588
10590
10595
10603
10604
10619
10631
10635
10637
10651
10657
10658
10665
10668
10672
10675
10676
10679
10697
10698
10711
10722
10725
10733
10739
10744
10749
10761
10770
10775
10782
10790
10793
10797
10808
10825
10847
10848
10862
10873
10877
10882
10883
10888
10893
10894
10897
10900
10907
10913
10915
10919
10923
10929
10930
10932
10951
10957
10960
10964
10965
10966
10967
10970
10981
10984
10985
10997
