Group 0.txt from replicate 11
10000
10005
10010
10021
10022
10029
10032
10037
10040
10050
10052
10053
10054
10056
10060
10061
10069
10081
10083
10088
10091
10098
10099
10137
10144
10148
10153
10155
10158
10166
10173
10188
10191
10200
10202
10215
10223
10236
10239
10249
10257
10259
10267
10273
10305
10309
10312
10314
10317
10326
10328
10332
10334
10340
10347
10351
10354
10356
10368
10373
10375
10378
10382
10390
10392
10395
10396
10400
10402
10411
10412
10413
10415
10416
10429
10435
10444
10451
10452
10454
10469
10480
10482
10485
10486
10494
10498
10499
10501
10509
10510
10514
10518
10519
10521
10528
10533
10536
10541
10547
10566
10572
10579
10583
10597
10599
10607
10611
10615
10617
10626
10629
10632
10638
10644
10648
10654
10655
10659
10663
10666
10674
10677
10682
10685
10686
10691
10692
10696
10699
10700
10701
10714
10720
10721
10731
10736
10748
10753
10755
10763
10764
10779
10786
10795
10811
10819
10823
10837
10839
10840
10845
10856
10860
10863
10868
10884
10895
10898
10904
10931
10934
10949
10952
10959
10968
10976
10992
10994
