Group 18.txt from replicate 11
10001
10002
10007
10015
10016
10017
10027
10031
10036
10043
10049
10064
10068
10076
10089
10095
10100
10101
10106
10108
10127
10130
10133
10139
10146
10151
10167
10175
10176
10181
10186
10189
10190
10195
10198
10208
10218
10222
10227
10229
10231
10233
10244
10251
10255
10264
10265
10266
10284
10285
10288
10294
10295
10297
10299
10300
10304
10306
10308
10319
10327
10329
10336
10345
10349
10365
10381
10387
10391
10393
10397
10399
10404
10426
10428
10443
10445
10446
10461
10472
10473
10477
10489
10502
10503
10505
10506
10508
10525
10526
10529
10534
10542
10548
10553
10561
10567
10568
10581
10593
10596
10598
10605
10610
10620
10624
10653
10661
10662
10667
10671
10687
10689
10693
10695
10708
10712
10713
10719
10737
10740
10745
10746
10750
10768
10772
10785
10791
10792
10798
10803
10807
10815
10816
10817
10828
10829
10832
10835
10844
10849
10870
10872
10876
10892
10905
10906
10908
10909
10916
10918
10922
10935
10938
10958
10961
10969
10983
10995
