Group 16.txt from replicate 11
10003
10004
10008
10023
10024
10033
10035
10038
10039
10042
10046
10055
10058
10066
10085
10086
10090
10092
10093
10096
10107
10112
10113
10118
10120
10123
10124
10125
10126
10132
10141
10142
10147
10149
10150
10156
10159
10168
10169
10171
10172
10174
10178
10179
10180
10194
10203
10207
10209
10210
10214
10220
10234
10237
10238
10240
10241
10252
10253
10258
10262
10263
10268
10271
10275
10278
10279
10280
10281
10286
10292
10293
10315
10323
10324
10339
10343
10353
10363
10370
10379
10380
10394
10406
10414
10419
10421
10424
10430
10432
10438
10441
10456
10460
10464
10466
10467
10468
10471
10479
10483
10487
10490
10491
10493
10504
10507
10513
10515
10520
10523
10530
10531
10532
10540
10546
10550
10555
10556
10557
10559
10562
10563
10565
10569
10570
10573
10574
10578
10580
10587
10588
10589
10590
10594
10595
10603
10604
10616
10619
10631
10633
10635
10637
10650
10651
10657
10658
10665
10668
10672
10675
10676
10678
10679
10680
10690
10697
10698
10703
10704
10706
10707
10711
10717
10722
10725
10732
10733
10735
10739
10741
10744
10749
10759
10761
10766
10767
10770
10775
10782
10790
10793
10797
10805
10808
10813
10825
10847
10848
10851
10862
10871
10873
10875
10877
10881
10882
10883
10886
10888
10889
10893
10894
10896
10897
10900
10903
10907
10913
10915
10919
10923
10929
10930
10932
10944
10948
10951
10957
10960
10962
10964
10965
10966
10967
10970
10980
10981
10984
10985
10986
10988
10997
