Group 17.txt from replicate 11
10012
10020
10048
10051
10070
10075
10077
10080
10082
10087
10097
10104
10114
10117
10119
10121
10122
10128
10131
10135
10136
10138
10140
10143
10170
10182
10185
10187
10193
10205
10213
10221
10224
10225
10226
10228
10232
10242
10246
10248
10269
10270
10272
10276
10289
10296
10301
10307
10310
10313
10318
10321
10337
10338
10341
10342
10344
10346
10348
10355
10359
10366
10371
10372
10376
10377
10388
10398
10401
10403
10407
10408
10417
10423
10433
10442
10449
10457
10463
10465
10474
10475
10481
10495
10497
10511
10516
10544
10554
10564
10575
10577
10584
10585
10601
10608
10612
10614
10618
10622
10625
10628
10641
10642
10652
10656
10670
10681
10683
10688
10694
10702
10710
10726
10727
10734
10754
10756
10757
10762
10773
10774
10780
10783
10799
10801
10806
10809
10810
10820
10826
10831
10833
10838
10842
10843
10852
10853
10859
10861
10867
10874
10880
10885
10911
10914
10920
10926
10928
10933
10937
10953
10955
10956
10963
10971
10973
10978
10989
10990
10991
10996
10999
