Group 15.txt from replicate 11
10000
10005
10006
10010
10014
10021
10022
10025
10028
10029
10030
10032
10037
10040
10041
10044
10050
10052
10053
10054
10056
10060
10061
10065
10069
10081
10083
10088
10091
10094
10098
10099
10105
10109
10110
10115
10134
10137
10144
10148
10152
10153
10154
10155
10158
10166
10173
10183
10188
10191
10199
10200
10202
10206
10215
10216
10217
10223
10236
10239
10243
10249
10250
10254
10257
10259
10267
10273
10277
10283
10290
10298
10305
10309
10312
10314
10316
10317
10326
10328
10332
10334
10340
10347
10350
10351
10354
10356
10357
10360
10361
10364
10368
10373
10375
10378
10382
10383
10384
10385
10389
10390
10392
10395
10396
10400
10402
10410
10411
10412
10413
10415
10416
10425
10427
10429
10435
10444
10451
10452
10453
10454
10455
10469
10480
10482
10484
10485
10486
10488
10494
10498
10499
10500
10501
10509
10510
10514
10517
10518
10519
10521
10524
10528
10533
10536
10538
10541
10547
10549
10551
10566
10572
10576
10579
10582
10583
10586
10597
10599
10600
10606
10607
10611
10615
10617
10623
10626
10627
10629
10630
10632
10634
10636
10638
10639
10640
10643
10644
10647
10648
10649
10654
10655
10659
10663
10664
10666
10669
10673
10674
10677
10682
10685
10686
10691
10692
10696
10699
10700
10701
10705
10714
10716
10718
10720
10721
10730
10731
10736
10738
10748
10751
10753
10755
10758
10760
10763
10764
10769
10779
10786
10787
10788
10794
10795
10796
10804
10811
10819
10821
10823
10824
10837
10839
10840
10841
10845
10846
10850
10855
10856
10860
10863
10864
10868
10869
10878
10879
10884
10887
10895
10898
10904
10910
10921
10927
10931
10934
10936
10943
10949
10952
10959
10968
10976
10977
10982
10987
10992
10994
10998
