Group 3.txt from replicate 12
11003
11017
11027
11048
11062
11082
11088
11103
11106
11117
11121
11137
11140
11144
11147
11148
11155
11181
11186
11196
11197
11215
11230
11237
11245
11254
11331
11336
11370
11378
11411
11414
11415
11439
11441
11442
11453
11468
11478
11486
11489
11500
11503
11530
11534
11562
11568
11588
11606
11607
11629
11636
11646
11647
11665
11679
11693
11697
11699
11712
11728
11774
11785
11786
11790
11793
11811
11816
11830
11831
11854
11857
11861
11862
11870
11884
11896
11901
11907
11911
11914
11919
11921
11926
11930
11932
11937
11949
11960
11976
11978
