Group 29.txt from replicate 12
11001
11011
11014
11018
11019
11036
11039
11043
11046
11047
11058
11059
11068
11072
11084
11089
11090
11095
11111
11115
11138
11161
11167
11174
11176
11187
11188
11201
11204
11210
11213
11217
11241
11250
11259
11279
11296
11297
11312
11319
11368
11381
11425
11444
11456
11472
11487
11492
11499
11502
11507
11540
11541
11550
11553
11574
11586
11599
11612
11614
11620
11641
11644
11645
11648
11658
11661
11670
11694
11696
11705
11719
11722
11723
11751
11753
11756
11759
11764
11782
11798
11812
11815
11819
11838
11855
11871
11881
11892
11903
11916
11917
11934
11938
11947
11971
