Group 30.txt from replicate 12
11006
11015
11024
11030
11035
11051
11056
11067
11098
11105
11107
11116
11119
11122
11127
11150
11168
11175
11189
11195
11207
11219
11240
11257
11274
11284
11290
11303
11317
11323
11328
11334
11350
11355
11362
11376
11389
11400
11448
11479
11493
11501
11508
11515
11520
11522
11538
11547
11548
11560
11571
11579
11596
11608
11628
11640
11642
11666
11668
11690
11703
11710
11713
11718
11733
11739
11758
11780
11820
11822
11833
11836
11837
11858
11873
11886
11889
11915
11923
11924
11931
11940
11948
11951
11964
11973
11982
11995
