Group 24.txt from replicate 12
11012
11020
11021
11032
11044
11045
11063
11064
11069
11071
11074
11075
11077
11081
11085
11086
11092
11099
11100
11104
11108
11110
11120
11129
11130
11134
11135
11136
11149
11153
11165
11166
11170
11171
11172
11177
11180
11194
11198
11200
11211
11212
11220
11224
11227
11232
11234
11242
11244
11248
11251
11260
11262
11264
11265
11269
11273
11282
11283
11288
11300
11306
11320
11325
11337
11345
11359
11361
11363
11365
11374
11375
11380
11383
11384
11385
11391
11393
11396
11402
11406
11409
11416
11419
11427
11431
11432
11433
11435
11437
11446
11451
11466
11467
11471
11475
11476
11483
11484
11485
11497
11498
11510
11517
11518
11519
11523
11526
11529
11532
11533
11542
11546
11549
11556
11557
11558
11559
11561
11563
11565
11566
11577
11585
11589
11600
11601
11611
11627
11635
11637
11638
11639
11651
11669
11672
11673
11674
11676
11683
11685
11686
11698
11701
11702
11704
11711
11715
11716
11725
11731
11740
11743
11744
11746
11748
11752
11761
11768
11769
11772
11787
11795
11799
11801
11806
11807
11810
11818
11823
11824
11826
11828
11829
11834
11841
11846
11849
11850
11859
11869
11875
11882
11883
11887
11905
11906
11918
11920
11922
11928
11936
11939
11941
11956
11958
11962
11965
11975
11979
11987
11989
11990
11994
