Group 22.txt from replicate 12
11000
11001
11002
11004
11009
11011
11014
11016
11018
11019
11036
11037
11039
11042
11043
11046
11047
11050
11052
11053
11058
11059
11066
11068
11070
11072
11076
11078
11084
11089
11090
11095
11111
11114
11115
11128
11138
11139
11141
11152
11154
11157
11161
11162
11167
11169
11174
11176
11178
11182
11187
11188
11199
11201
11204
11206
11210
11213
11217
11218
11221
11223
11225
11226
11228
11229
11239
11241
11250
11252
11258
11259
11266
11272
11279
11289
11296
11297
11298
11301
11307
11309
11311
11312
11313
11316
11319
11321
11348
11349
11353
11358
11368
11369
11372
11377
11379
11381
11386
11392
11397
11398
11405
11425
11430
11436
11444
11445
11454
11455
11456
11458
11462
11464
11469
11472
11477
11481
11487
11492
11499
11502
11505
11506
11507
11509
11516
11527
11531
11536
11537
11540
11541
11545
11550
11553
11555
11569
11572
11574
11581
11582
11583
11586
11594
11597
11598
11599
11603
11604
11610
11612
11613
11614
11615
11616
11618
11619
11620
11621
11641
11643
11644
11645
11648
11649
11652
11658
11661
11662
11663
11664
11670
11671
11675
11677
11682
11687
11688
11691
11694
11696
11700
11705
11709
11719
11722
11723
11726
11735
11749
11751
11753
11755
11756
11759
11762
11764
11766
11770
11771
11777
11778
11782
11783
11798
11800
11802
11803
11812
11813
11815
11817
11819
11827
11835
11838
11839
11847
11855
11867
11871
11872
11877
11878
11881
11885
11888
11892
11894
11895
11900
11902
11903
11909
11912
11913
11916
11917
11929
11933
11934
11935
11938
11942
11944
11947
11950
11954
11955
11961
11963
11967
11970
11971
11972
11974
11985
11988
11993
11998
