Group 13.txt from replicate 12
11012
11032
11063
11064
11074
11075
11077
11092
11099
11120
11134
11136
11149
11165
11166
11170
11172
11180
11194
11211
11224
11244
11260
11264
11273
11282
11306
11320
11325
11363
11365
11374
11384
11385
11391
11419
11427
11431
11433
11437
11451
11466
11471
11476
11483
11485
11498
11518
11519
11523
11526
11529
11532
11533
11542
11546
11556
11558
11561
11565
11589
11600
11601
11611
11627
11635
11638
11651
11672
11673
11674
11676
11683
11686
11702
11704
11711
11725
11743
11761
11769
11772
11795
11807
11810
11834
11841
11846
11875
11882
11905
11922
11936
11939
11958
11962
11965
11975
11987
11989
11990
11994
