Group 23.txt from replicate 12
11006
11007
11008
11010
11015
11024
11026
11030
11031
11035
11040
11051
11056
11057
11065
11067
11087
11097
11098
11102
11105
11107
11109
11112
11113
11116
11118
11119
11122
11124
11125
11126
11127
11131
11132
11133
11142
11150
11151
11164
11168
11175
11183
11189
11190
11193
11195
11207
11214
11219
11222
11231
11233
11235
11236
11240
11257
11261
11267
11270
11271
11274
11275
11276
11280
11284
11286
11290
11292
11294
11299
11303
11315
11317
11318
11322
11323
11328
11329
11334
11339
11340
11341
11343
11344
11347
11350
11351
11354
11355
11357
11362
11364
11373
11376
11387
11388
11389
11394
11395
11400
11403
11404
11412
11417
11418
11420
11421
11422
11438
11440
11443
11448
11449
11450
11452
11460
11461
11463
11470
11474
11479
11491
11493
11494
11501
11504
11508
11512
11513
11514
11515
11520
11521
11522
11524
11538
11543
11547
11548
11560
11571
11573
11576
11578
11579
11584
11590
11595
11596
11608
11617
11623
11624
11625
11628
11632
11633
11634
11640
11642
11655
11657
11660
11666
11668
11678
11680
11681
11689
11690
11692
11703
11710
11713
11714
11718
11727
11729
11732
11733
11734
11736
11737
11738
11739
11742
11754
11757
11758
11765
11767
11775
11776
11780
11781
11791
11796
11804
11820
11822
11833
11836
11837
11840
11842
11844
11845
11851
11852
11853
11856
11858
11860
11863
11864
11865
11868
11873
11874
11876
11879
11880
11886
11889
11891
11893
11898
11899
11915
11923
11924
11931
11940
11946
11948
11951
11953
11957
11959
11964
11969
11973
11977
11980
11981
11982
11984
11986
11992
11995
