Group 11.txt from replicate 12
11001
11004
11011
11014
11018
11019
11036
11039
11043
11046
11047
11050
11053
11058
11059
11068
11072
11076
11078
11084
11089
11090
11095
11111
11115
11138
11152
11161
11167
11174
11176
11187
11188
11199
11201
11204
11210
11213
11217
11218
11223
11226
11229
11241
11250
11252
11259
11266
11279
11296
11297
11307
11312
11316
11319
11348
11358
11368
11369
11381
11392
11405
11425
11444
11455
11456
11458
11472
11487
11492
11499
11502
11507
11516
11527
11536
11540
11541
11550
11553
11574
11586
11597
11598
11599
11603
11604
11612
11614
11615
11620
11621
11641
11643
11644
11645
11648
11652
11658
11661
11662
11670
11671
11677
11682
11688
11694
11696
11705
11709
11719
11722
11723
11735
11751
11753
11756
11759
11764
11770
11771
11778
11782
11783
11798
11802
11812
11813
11815
11819
11827
11835
11838
11839
11855
11867
11871
11877
11881
11885
11892
11902
11903
11912
11916
11917
11933
11934
11935
11938
11947
11954
11955
11963
11970
11971
11972
11974
11985
11988
