Group 12.txt from replicate 12
11006
11007
11008
11015
11024
11030
11035
11051
11056
11067
11098
11105
11107
11116
11118
11119
11122
11127
11132
11150
11151
11168
11175
11189
11195
11207
11219
11222
11235
11240
11257
11274
11275
11280
11284
11290
11292
11303
11317
11318
11322
11323
11328
11329
11334
11340
11350
11355
11362
11373
11376
11387
11389
11394
11400
11421
11422
11443
11448
11463
11479
11493
11494
11501
11508
11512
11514
11515
11520
11522
11538
11547
11548
11560
11571
11576
11578
11579
11584
11596
11608
11623
11624
11628
11633
11634
11640
11642
11666
11668
11678
11690
11703
11710
11713
11714
11718
11727
11729
11733
11734
11737
11739
11742
11757
11758
11765
11775
11776
11780
11781
11804
11820
11822
11833
11836
11837
11842
11844
11851
11852
11858
11860
11863
11868
11873
11876
11879
11880
11886
11889
11899
11915
11923
11924
11931
11940
11946
11948
11951
11953
11959
11964
11969
11973
11982
11984
11995
