Group 7.txt from replicate 13
12002
12003
12023
12029
12035
12042
12048
12053
12086
12095
12101
12102
12116
12122
12124
12128
12138
12140
12146
12167
12172
12193
12197
12213
12217
12222
12223
12235
12244
12245
12255
12260
12262
12270
12284
12286
12292
12294
12303
12338
12344
12346
12350
12356
12360
12364
12366
12372
12376
12396
12400
12436
12441
12444
12450
12456
12466
12467
12470
12471
12487
12488
12493
12495
12498
12499
12504
12517
12527
12531
12537
12539
12546
12555
12584
12587
12589
12603
12615
12620
12637
12656
12665
12666
12668
12677
12682
12689
12692
12705
12725
12738
12739
12742
12747
12760
12765
12774
12780
12792
12795
12799
12806
12819
12820
12821
12835
12846
12862
12874
12876
12884
12894
12899
12908
12945
12950
12957
12976
12981
12984
