Group 3.txt from replicate 13
12001
12004
12019
12026
12070
12091
12092
12098
12113
12119
12130
12155
12163
12173
12179
12234
12238
12247
12248
12273
12277
12293
12306
12312
12318
12320
12322
12323
12328
12329
12343
12345
12348
12355
12357
12384
12391
12392
12395
12402
12403
12407
12448
12457
12476
12479
12491
12509
12510
12516
12521
12528
12533
12536
12538
12557
12558
12593
12594
12599
12600
12605
12612
12616
12618
12619
12634
12649
12699
12709
12716
12724
12731
12740
12746
12755
12758
12762
12763
12775
12781
12782
12783
12803
12804
12814
12825
12848
12849
12865
12875
12891
12900
12909
12921
12939
12943
12948
12949
12951
12958
12972
12985
