Group 25.txt from replicate 13
12001
12004
12012
12019
12026
12044
12060
12070
12077
12091
12092
12098
12112
12113
12114
12119
12130
12144
12155
12163
12173
12179
12201
12234
12238
12247
12248
12266
12267
12269
12273
12277
12293
12306
12311
12312
12318
12320
12322
12323
12328
12329
12341
12343
12345
12348
12355
12357
12361
12365
12379
12383
12384
12391
12392
12393
12395
12402
12403
12407
12437
12448
12457
12476
12479
12491
12501
12509
12510
12515
12516
12518
12521
12528
12533
12536
12538
12557
12558
12560
12568
12570
12593
12594
12597
12598
12599
12600
12605
12612
12616
12618
12619
12628
12629
12634
12641
12649
12672
12673
12699
12709
12714
12716
12724
12731
12740
12744
12746
12755
12758
12762
12763
12775
12777
12781
12782
12783
12794
12803
12804
12814
12825
12843
12848
12849
12865
12875
12891
12900
12902
12909
12910
12913
12921
12925
12931
12939
12943
12948
12949
12951
12958
12972
12985
12995
