Group 0.txt from replicate 13
12002
12003
12006
12007
12016
12022
12023
12024
12029
12035
12042
12048
12053
12059
12064
12067
12069
12086
12088
12095
12101
12102
12110
12116
12122
12124
12128
12138
12140
12146
12152
12159
12164
12166
12167
12172
12175
12180
12185
12193
12197
12204
12212
12213
12214
12217
12220
12222
12223
12227
12230
12231
12235
12241
12244
12245
12255
12258
12260
12261
12262
12270
12275
12284
12286
12290
12292
12294
12295
12303
12309
12336
12338
12340
12344
12346
12350
12352
12356
12360
12364
12366
12372
12376
12377
12380
12387
12396
12397
12400
12410
12415
12417
12436
12441
12444
12450
12456
12466
12467
12470
12471
12475
12486
12487
12488
12493
12494
12495
12498
12499
12504
12517
12527
12531
12537
12539
12545
12546
12551
12555
12576
12584
12587
12589
12603
12615
12620
12624
12635
12637
12648
12656
12661
12665
12666
12668
12671
12674
12677
12679
12682
12689
12692
12696
12698
12705
12725
12728
12736
12738
12739
12742
12747
12748
12756
12760
12765
12768
12769
12774
12779
12780
12785
12787
12788
12792
12795
12799
12800
12801
12806
12816
12818
12819
12820
12821
12835
12838
12846
12847
12856
12862
12868
12873
12874
12876
12884
12894
12897
12898
12899
12901
12906
12908
12914
12917
12928
12929
12938
12945
12950
12952
12957
12970
12976
12981
12984
12994
