Group 24.txt from replicate 13
12000
12008
12018
12021
12032
12037
12039
12047
12050
12051
12054
12057
12075
12078
12082
12083
12085
12105
12109
12111
12115
12117
12120
12135
12136
12141
12148
12150
12154
12161
12177
12187
12189
12192
12206
12208
12209
12210
12216
12229
12236
12242
12243
12251
12256
12263
12268
12272
12281
12282
12283
12285
12298
12301
12302
12310
12315
12321
12325
12334
12335
12337
12342
12363
12370
12378
12381
12386
12394
12401
12405
12408
12418
12423
12431
12438
12442
12460
12463
12468
12474
12477
12478
12483
12490
12505
12507
12513
12514
12519
12529
12535
12544
12561
12574
12579
12580
12588
12591
12604
12611
12613
12614
12625
12636
12639
12643
12646
12652
12653
12660
12662
12664
12669
12675
12676
12678
12681
12686
12691
12695
12706
12707
12711
12712
12715
12717
12718
12719
12721
12729
12732
12734
12737
12745
12759
12761
12764
12767
12784
12805
12808
12810
12812
12826
12829
12831
12836
12839
12854
12859
12860
12869
12872
12877
12879
12881
12886
12887
12890
12893
12912
12919
12922
12927
12932
12946
12954
12955
12956
12965
12971
12974
12975
12997
