Group 0.txt from replicate 2
1000
1008
1013
1022
1027
1028
1029
1030
1031
1041
1044
1046
1047
1052
1054
1055
1056
1058
1061
1063
1066
1067
1068
1075
1077
1083
1085
1093
1094
1095
1100
1103
1109
1117
1122
1126
1127
1133
1135
1144
1147
1151
1159
1160
1162
1163
1169
1174
1181
1182
1184
1193
1196
1198
1199
1200
1205
1207
1209
1214
1216
1223
1226
1229
1240
1247
1249
1253
1254
1256
1257
1258
1262
1263
1269
1271
1288
1289
1292
1293
1296
1306
1330
1331
1333
1339
1340
1346
1352
1357
1369
1375
1380
1383
1386
1389
1391
1399
1400
1409
1410
1415
1416
1424
1425
1426
1427
1428
1436
1438
1441
1449
1452
1454
1455
1456
1457
1461
1468
1475
1491
1492
1495
1498
1507
1509
1511
1526
1528
1540
1544
1551
1552
1555
1562
1564
1567
1569
1570
1572
1580
1581
1585
1586
1589
1592
1594
1596
1599
1603
1604
1612
1613
1614
1616
1618
1627
1634
1641
1642
1659
1662
1663
1666
1668
1674
1677
1680
1681
1693
1701
1704
1707
1710
1711
1712
1716
1717
1719
1720
1732
1734
1738
1745
1747
1748
1757
1759
1765
1770
1779
1783
1784
1792
1793
1806
1815
1816
1819
1820
1821
1826
1832
1833
1845
1846
1863
1866
1870
1872
1874
1881
1882
1884
1889
1892
1896
1899
1904
1907
1911
1915
1926
1933
1935
1936
1938
1952
1962
1975
1978
1982
1990
