Group 6.txt from replicate 13
12010
12013
12030
12033
12034
12036
12041
12043
12049
12055
12058
12061
12073
12079
12081
12084
12094
12106
12108
12123
12129
12133
12147
12170
12176
12182
12183
12191
12194
12205
12219
12225
12240
12249
12250
12252
12253
12254
12264
12265
12278
12279
12287
12300
12305
12314
12324
12327
12349
12351
12353
12367
12371
12375
12382
12398
12413
12420
12425
12440
12449
12455
12458
12464
12481
12485
12496
12497
12503
12506
12511
12520
12534
12549
12553
12556
12562
12564
12566
12567
12575
12578
12581
12582
12583
12595
12596
12601
12607
12608
12609
12622
12630
12644
12647
12650
12658
12685
12704
12713
12723
12727
12730
12735
12749
12752
12770
12771
12790
12793
12822
12837
12842
12844
12861
12871
12878
12882
12883
12885
12892
12907
12911
12923
12937
12942
12947
12960
12961
12963
12969
12979
12982
