Group 23.txt from replicate 13
12005
12010
12013
12014
12015
12020
12028
12030
12033
12034
12036
12041
12043
12045
12049
12052
12055
12056
12058
12061
12062
12063
12066
12068
12073
12079
12081
12084
12087
12090
12094
12106
12108
12123
12126
12127
12129
12133
12134
12147
12151
12156
12157
12158
12169
12170
12171
12174
12176
12178
12181
12182
12183
12186
12188
12190
12191
12194
12196
12198
12205
12207
12219
12225
12226
12237
12240
12246
12249
12250
12252
12253
12254
12257
12264
12265
12278
12279
12287
12296
12297
12300
12304
12305
12314
12324
12327
12347
12349
12351
12353
12358
12367
12369
12371
12373
12375
12382
12385
12390
12398
12404
12411
12413
12414
12416
12419
12420
12425
12427
12430
12440
12443
12445
12447
12449
12451
12454
12455
12458
12459
12462
12464
12469
12473
12481
12484
12485
12496
12497
12503
12506
12508
12511
12520
12522
12524
12534
12540
12543
12547
12549
12550
12553
12556
12559
12562
12564
12566
12567
12569
12572
12575
12578
12581
12582
12583
12586
12590
12595
12596
12601
12606
12607
12608
12609
12617
12621
12622
12627
12630
12640
12644
12647
12650
12651
12657
12658
12659
12663
12667
12680
12683
12685
12687
12693
12700
12701
12702
12703
12704
12713
12723
12726
12727
12730
12735
12749
12750
12751
12752
12757
12770
12771
12773
12776
12790
12793
12813
12815
12817
12822
12823
12828
12837
12841
12842
12844
12845
12851
12855
12861
12863
12864
12867
12870
12871
12878
12882
12883
12885
12889
12892
12896
12907
12911
12915
12923
12926
12930
12933
12936
12937
12942
12947
12959
12960
12961
12963
12964
12966
12968
12969
12973
12978
12979
12980
12982
12990
12991
12996
12999
