Group 2.txt from replicate 13
12000
12008
12018
12032
12039
12047
12051
12054
12078
12082
12083
12085
12111
12117
12120
12135
12136
12141
12148
12150
12154
12177
12206
12209
12210
12216
12229
12236
12242
12243
12263
12282
12283
12285
12298
12301
12302
12310
12315
12321
12325
12334
12335
12337
12363
12370
12378
12394
12401
12405
12423
12431
12442
12460
12463
12468
12478
12505
12507
12513
12514
12529
12535
12561
12579
12580
12591
12604
12611
12636
12639
12643
12652
12653
12660
12664
12675
12676
12678
12681
12691
12695
12706
12707
12711
12712
12717
12719
12729
12732
12734
12737
12759
12761
12767
12784
12805
12808
12810
12812
12826
12831
12839
12854
12859
12860
12869
12872
12879
12887
12919
12922
12927
12932
12954
12955
12956
12965
12975
