Group 7.txt from replicate 14
13009
13019
13028
13037
13060
13082
13083
13088
13090
13095
13111
13115
13119
13121
13128
13137
13139
13143
13150
13159
13167
13178
13183
13187
13199
13204
13210
13213
13219
13228
13234
13235
13247
13250
13256
13257
13273
13275
13276
13277
13280
13302
13309
13311
13321
13330
13331
13333
13336
13338
13359
13361
13370
13373
13376
13382
13397
13399
13404
13406
13411
13416
13425
13430
13433
13441
13445
13451
13453
13455
13468
13482
13487
13489
13499
13500
13505
13516
13520
13526
13527
13539
13574
13576
13579
13585
13592
13596
13600
13608
13633
13634
13637
13642
13644
13660
13675
13678
13679
13682
13685
13686
13693
13697
13701
13703
13706
13718
13720
13729
13737
13746
13760
13765
13771
13789
13809
13826
13827
13835
13844
13849
13856
13858
13861
13865
13867
13894
13896
13902
13903
13918
13919
13926
13930
13937
13939
13943
13946
13950
13966
13968
13976
13982
13984
13991
13994
