Group 3.txt from replicate 14
13000
13001
13008
13013
13014
13035
13061
13067
13078
13089
13097
13103
13108
13113
13144
13157
13165
13181
13195
13200
13227
13232
13249
13259
13281
13286
13288
13291
13296
13304
13317
13319
13340
13355
13362
13365
13366
13368
13374
13398
13400
13409
13437
13448
13450
13457
13465
13472
13484
13496
13498
13508
13509
13517
13519
13521
13528
13530
13556
13571
13580
13622
13623
13659
13663
13672
13677
13690
13700
13714
13733
13741
13751
13752
13754
13755
13764
13774
13780
13805
13813
13816
13819
13824
13842
13853
13872
13875
13877
13885
13891
13916
13917
13920
13924
13927
13944
13949
13960
13961
13962
13971
