Group 8.txt from replicate 14
13004
13005
13007
13012
13015
13020
13022
13027
13041
13047
13063
13068
13076
13079
13085
13101
13104
13106
13117
13123
13136
13142
13151
13162
13164
13173
13174
13193
13197
13206
13209
13231
13238
13244
13246
13251
13260
13262
13271
13272
13284
13300
13301
13318
13323
13327
13329
13342
13343
13344
13349
13358
13383
13390
13393
13412
13417
13420
13421
13422
13423
13439
13459
13461
13479
13511
13522
13523
13524
13529
13534
13542
13555
13563
13570
13597
13604
13605
13609
13611
13617
13627
13629
13636
13641
13674
13687
13694
13699
13719
13723
13725
13728
13735
13759
13773
13777
13785
13787
13796
13797
13823
13828
13839
13840
13845
13855
13857
13876
13883
13887
13889
13893
13904
13906
13921
13929
13936
13942
13964
13973
13974
13977
13980
13993
