Group 19.txt from replicate 14
13003
13004
13005
13007
13012
13015
13020
13022
13027
13029
13039
13041
13044
13047
13055
13059
13063
13068
13069
13076
13079
13085
13100
13101
13104
13105
13106
13107
13117
13118
13123
13129
13130
13131
13136
13140
13141
13142
13148
13151
13156
13162
13164
13173
13174
13185
13193
13197
13205
13206
13209
13216
13223
13225
13229
13230
13231
13236
13237
13238
13242
13244
13246
13251
13254
13260
13261
13262
13267
13271
13272
13284
13287
13300
13301
13307
13316
13318
13323
13326
13327
13329
13342
13343
13344
13349
13357
13358
13369
13372
13383
13390
13393
13396
13410
13412
13413
13415
13417
13418
13419
13420
13421
13422
13423
13427
13439
13442
13444
13446
13449
13459
13461
13479
13506
13511
13522
13523
13524
13525
13529
13532
13533
13534
13536
13542
13544
13550
13554
13555
13563
13570
13597
13601
13603
13604
13605
13609
13610
13611
13617
13627
13629
13630
13636
13641
13655
13658
13661
13674
13676
13687
13692
13694
13699
13702
13705
13712
13719
13723
13725
13728
13731
13735
13738
13759
13763
13770
13773
13777
13785
13787
13792
13793
13796
13797
13801
13804
13806
13808
13810
13821
13823
13828
13834
13836
13838
13839
13840
13845
13851
13855
13857
13869
13876
13880
13881
13883
13887
13888
13889
13892
13893
13901
13904
13906
13909
13921
13923
13929
13936
13942
13947
13952
13953
13955
13964
13973
13974
13977
13979
13980
13986
13987
13988
13989
13990
13993
