Group 25.txt from replicate 14
13009
13019
13028
13060
13082
13083
13088
13090
13111
13115
13128
13137
13139
13159
13167
13178
13187
13204
13210
13219
13228
13235
13247
13250
13256
13257
13273
13275
13276
13277
13280
13309
13311
13330
13331
13333
13336
13361
13370
13376
13382
13411
13416
13425
13433
13445
13453
13468
13487
13489
13499
13516
13520
13526
13527
13539
13579
13592
13596
13600
13608
13633
13637
13642
13644
13660
13675
13678
13679
13682
13686
13701
13703
13706
13718
13737
13746
13771
13809
13826
13827
13835
13844
13849
13856
13858
13896
13902
13903
13926
13930
13937
13939
13943
13950
13968
13976
13984
