Group 1.txt from replicate 14
13004
13005
13007
13012
13015
13020
13022
13027
13041
13047
13055
13059
13063
13068
13076
13079
13085
13100
13101
13104
13106
13107
13117
13123
13131
13136
13140
13142
13151
13162
13164
13173
13174
13185
13193
13197
13205
13206
13209
13223
13229
13231
13238
13242
13244
13246
13251
13260
13262
13271
13272
13284
13300
13301
13318
13323
13326
13327
13329
13342
13343
13344
13349
13358
13369
13383
13390
13393
13396
13412
13417
13419
13420
13421
13422
13423
13439
13442
13444
13449
13459
13461
13479
13511
13522
13523
13524
13529
13534
13542
13554
13555
13563
13570
13597
13603
13604
13605
13609
13611
13617
13627
13629
13630
13636
13641
13655
13674
13676
13687
13694
13699
13705
13712
13719
13723
13725
13728
13731
13735
13738
13759
13773
13777
13785
13787
13792
13796
13797
13823
13828
13836
13838
13839
13840
13845
13855
13857
13876
13880
13883
13887
13889
13893
13904
13906
13909
13921
13923
13929
13936
13942
13955
13964
13973
13974
13977
13979
13980
13986
13993
