Group 0.txt from replicate 14
13009
13019
13028
13031
13037
13045
13051
13053
13060
13082
13083
13086
13088
13090
13095
13102
13109
13110
13111
13115
13119
13120
13121
13128
13137
13139
13143
13150
13155
13159
13166
13167
13178
13183
13187
13199
13201
13204
13210
13213
13219
13228
13234
13235
13247
13250
13256
13257
13273
13275
13276
13277
13278
13280
13302
13309
13311
13320
13321
13322
13324
13330
13331
13332
13333
13336
13337
13338
13359
13361
13367
13370
13373
13376
13382
13392
13397
13399
13404
13406
13411
13416
13425
13428
13430
13433
13441
13443
13445
13451
13453
13455
13460
13463
13468
13482
13487
13489
13494
13499
13500
13505
13516
13520
13526
13527
13539
13546
13547
13551
13562
13574
13576
13577
13579
13585
13592
13596
13600
13608
13612
13625
13633
13634
13637
13642
13644
13660
13675
13678
13679
13682
13685
13686
13693
13697
13701
13703
13706
13715
13718
13720
13729
13736
13737
13746
13760
13765
13771
13784
13789
13809
13825
13826
13827
13829
13835
13844
13846
13849
13856
13858
13861
13863
13865
13866
13867
13886
13894
13896
13902
13903
13907
13918
13919
13926
13930
13935
13937
13939
13943
13946
13950
13954
13959
13966
13968
13976
13982
13984
13985
13991
13994
