Group 18.txt from replicate 14
13009
13019
13028
13031
13037
13038
13045
13051
13053
13057
13060
13081
13082
13083
13086
13088
13090
13092
13095
13098
13102
13109
13110
13111
13115
13119
13120
13121
13128
13134
13135
13137
13139
13143
13150
13155
13159
13166
13167
13175
13177
13178
13183
13187
13188
13199
13201
13203
13204
13210
13213
13214
13217
13219
13228
13234
13235
13239
13247
13250
13256
13257
13266
13273
13274
13275
13276
13277
13278
13279
13280
13283
13290
13302
13303
13309
13311
13314
13320
13321
13322
13324
13330
13331
13332
13333
13334
13336
13337
13338
13348
13352
13359
13361
13367
13370
13371
13373
13376
13377
13382
13384
13386
13389
13392
13394
13397
13399
13404
13405
13406
13411
13416
13425
13428
13430
13432
13433
13434
13436
13441
13443
13445
13447
13451
13453
13455
13458
13460
13463
13464
13468
13473
13475
13482
13485
13487
13489
13494
13499
13500
13503
13505
13507
13513
13514
13515
13516
13518
13520
13526
13527
13538
13539
13546
13547
13551
13559
13562
13574
13576
13577
13579
13585
13592
13595
13596
13600
13608
13612
13613
13618
13621
13625
13628
13633
13634
13635
13637
13638
13642
13644
13649
13652
13660
13666
13668
13671
13675
13678
13679
13682
13684
13685
13686
13688
13693
13697
13698
13701
13703
13706
13708
13715
13718
13720
13727
13729
13736
13737
13740
13742
13744
13746
13750
13760
13761
13765
13771
13775
13778
13782
13784
13789
13790
13795
13800
13807
13809
13825
13826
13827
13829
13835
13844
13846
13849
13850
13854
13856
13858
13861
13863
13865
13866
13867
13870
13874
13886
13894
13895
13896
13902
13903
13905
13907
13908
13911
13918
13919
13926
13930
13931
13932
13935
13937
13938
13939
13943
13945
13946
13950
13954
13958
13959
13966
13968
13976
13978
13982
13984
13985
13991
13994
13998
