Group 20.txt from replicate 14
13006
13010
13016
13021
13024
13025
13026
13032
13033
13034
13036
13040
13043
13046
13052
13054
13064
13066
13073
13075
13080
13084
13091
13096
13122
13127
13145
13146
13154
13158
13160
13191
13194
13196
13202
13207
13211
13212
13220
13222
13233
13241
13243
13248
13252
13253
13263
13289
13293
13295
13297
13299
13308
13312
13315
13328
13335
13346
13347
13351
13360
13363
13378
13380
13388
13391
13403
13408
13424
13426
13431
13438
13454
13456
13466
13467
13470
13474
13476
13477
13480
13486
13488
13491
13495
13502
13504
13510
13531
13535
13541
13548
13552
13553
13561
13564
13565
13567
13569
13575
13582
13584
13589
13593
13594
13599
13602
13607
13614
13615
13616
13620
13632
13639
13640
13645
13646
13650
13653
13654
13657
13665
13673
13680
13695
13704
13707
13717
13730
13732
13739
13743
13745
13757
13762
13766
13767
13768
13779
13783
13786
13791
13799
13812
13814
13818
13830
13847
13852
13859
13860
13862
13864
13871
13873
13884
13899
13900
13913
13915
13925
13933
13934
13940
13941
13948
13956
13957
13963
13970
13975
13981
13995
13999
