Group 21.txt from replicate 14
13000
13001
13002
13008
13013
13014
13017
13030
13035
13049
13061
13067
13077
13078
13089
13097
13099
13103
13108
13113
13124
13125
13144
13149
13157
13165
13168
13171
13179
13180
13181
13186
13195
13200
13227
13232
13245
13249
13259
13270
13281
13282
13286
13288
13291
13296
13304
13317
13319
13340
13353
13355
13362
13365
13366
13368
13374
13398
13400
13402
13409
13435
13437
13448
13450
13457
13465
13469
13472
13484
13492
13496
13498
13508
13509
13517
13519
13521
13528
13530
13549
13556
13568
13571
13580
13619
13622
13623
13651
13659
13663
13670
13672
13677
13689
13690
13700
13713
13714
13733
13734
13741
13749
13751
13752
13754
13755
13758
13764
13774
13780
13781
13794
13803
13805
13813
13816
13817
13819
13824
13842
13848
13853
13872
13875
13877
13885
13890
13891
13910
13916
13917
13920
13924
13927
13944
13949
13951
13960
13961
13962
13971
13972
