Group 14.txt from replicate 14
13004
13007
13015
13022
13027
13041
13063
13076
13085
13101
13104
13117
13123
13142
13162
13164
13173
13174
13193
13197
13206
13238
13244
13251
13272
13300
13301
13329
13342
13343
13358
13383
13393
13417
13420
13422
13423
13439
13459
13461
13522
13523
13524
13529
13542
13555
13563
13570
13597
13604
13609
13611
13617
13627
13629
13636
13674
13694
13699
13719
13725
13728
13759
13773
13777
13785
13787
13797
13823
13828
13839
13845
13876
13889
13893
13904
13906
13929
13936
13942
13964
13977
13980
13993
