Group 2.txt from replicate 14
13010
13016
13024
13026
13033
13034
13036
13043
13046
13052
13054
13064
13066
13080
13091
13127
13145
13154
13158
13191
13194
13196
13202
13207
13211
13212
13222
13241
13248
13289
13293
13297
13308
13315
13346
13351
13360
13363
13380
13391
13403
13408
13426
13431
13438
13456
13467
13474
13476
13486
13495
13502
13504
13548
13552
13553
13561
13575
13589
13593
13594
13599
13602
13607
13620
13632
13640
13645
13646
13650
13653
13654
13657
13665
13673
13695
13704
13717
13732
13739
13743
13745
13757
13766
13767
13786
13791
13799
13812
13814
13818
13830
13847
13862
13864
13873
13884
13900
13913
13915
13925
13934
13941
13948
13981
13995
13999
