Group 7.txt from replicate 15
14003
14005
14014
14021
14041
14048
14067
14071
14083
14090
14092
14107
14113
14117
14120
14121
14122
14123
14125
14131
14134
14147
14148
14151
14161
14166
14172
14174
14181
14190
14191
14193
14198
14199
14202
14204
14207
14218
14223
14225
14230
14241
14246
14256
14265
14266
14278
14287
14289
14299
14302
14303
14306
14312
14313
14317
14325
14337
14346
14347
14350
14366
14373
14379
14381
14419
14433
14434
14436
14442
14446
14450
14451
14453
14459
14467
14469
14472
14480
14486
14503
14507
14509
14518
14526
14544
14547
14550
14555
14571
14594
14600
14603
14606
14618
14620
14621
14629
14639
14642
14649
14656
14662
14665
14666
14675
14677
14681
14683
14684
14685
14705
14706
14716
14720
14721
14740
14757
14758
14765
14767
14780
14782
14783
14791
14794
14806
14816
14841
14847
14851
14855
14862
14867
14869
14871
14877
14885
14888
14889
14890
14892
14900
14901
14909
14919
14930
14933
14942
14946
14950
14959
14960
14964
14970
14978
14987
14991
14993
14996
