Group 3.txt from replicate 15
14001
14004
14019
14023
14032
14034
14035
14040
14056
14058
14060
14064
14069
14072
14074
14078
14079
14094
14101
14118
14124
14130
14135
14152
14158
14163
14176
14182
14200
14205
14214
14216
14236
14237
14240
14242
14247
14273
14274
14276
14279
14304
14305
14310
14329
14330
14334
14338
14345
14356
14360
14361
14365
14375
14376
14382
14393
14402
14405
14407
14408
14412
14443
14447
14461
14470
14473
14481
14485
14489
14491
14514
14515
14523
14524
14528
14530
14540
14560
14567
14575
14578
14589
14643
14653
14660
14668
14682
14687
14691
14694
14698
14719
14739
14760
14768
14771
14774
14776
14777
14795
14799
14803
14813
14815
14818
14821
14826
14827
14833
14834
14842
14844
14850
14853
14864
14872
14882
14905
14912
14913
14920
14922
14932
14938
14947
14951
14969
14979
14981
14997
