Group 8.txt from replicate 15
14009
14010
14018
14026
14028
14030
14055
14075
14098
14109
14128
14138
14140
14142
14143
14145
14149
14153
14157
14159
14167
14178
14185
14188
14192
14197
14203
14206
14210
14211
14212
14215
14221
14226
14232
14235
14238
14243
14248
14257
14258
14259
14261
14264
14282
14286
14293
14298
14311
14319
14342
14353
14355
14367
14368
14369
14371
14374
14377
14383
14385
14387
14394
14399
14401
14403
14414
14415
14421
14425
14426
14429
14454
14456
14462
14463
14478
14482
14487
14498
14499
14501
14517
14520
14525
14534
14554
14559
14566
14568
14570
14576
14595
14596
14608
14609
14615
14631
14638
14646
14655
14659
14664
14676
14678
14679
14693
14695
14697
14709
14713
14718
14723
14729
14733
14735
14741
14748
14756
14763
14766
14773
14784
14786
14793
14796
14797
14809
14820
14825
14828
14846
14857
14874
14875
14878
14879
14880
14881
14896
14899
14914
14923
14952
14965
14977
14985
14989
14994
14999
