Group 19.txt from replicate 15
14009
14010
14018
14022
14026
14028
14030
14036
14039
14045
14053
14055
14063
14073
14075
14081
14093
14096
14098
14099
14109
14128
14129
14133
14138
14139
14140
14142
14143
14145
14149
14153
14156
14157
14159
14160
14167
14170
14171
14173
14178
14179
14180
14185
14188
14192
14196
14197
14203
14206
14210
14211
14212
14213
14215
14221
14226
14232
14235
14238
14243
14248
14251
14252
14254
14257
14258
14259
14261
14263
14264
14267
14282
14286
14291
14293
14298
14300
14307
14311
14315
14316
14318
14319
14320
14332
14336
14340
14342
14352
14353
14355
14367
14368
14369
14370
14371
14374
14377
14383
14385
14387
14391
14394
14397
14399
14401
14403
14404
14414
14415
14421
14425
14426
14428
14429
14430
14432
14437
14439
14441
14454
14456
14460
14462
14463
14468
14477
14478
14482
14483
14487
14498
14499
14501
14512
14513
14517
14520
14525
14532
14534
14542
14543
14545
14551
14554
14557
14559
14562
14566
14568
14570
14573
14576
14579
14581
14582
14584
14587
14595
14596
14608
14609
14615
14616
14624
14626
14628
14630
14631
14633
14636
14638
14646
14648
14655
14659
14664
14676
14678
14679
14693
14695
14697
14701
14709
14713
14714
14718
14723
14729
14733
14735
14736
14741
14748
14752
14756
14763
14764
14766
14773
14775
14781
14784
14786
14789
14793
14796
14797
14802
14808
14809
14811
14814
14820
14822
14824
14825
14828
14846
14852
14857
14858
14860
14863
14873
14874
14875
14878
14879
14880
14881
14883
14893
14896
14899
14914
14923
14952
14965
14972
14973
14976
14977
14983
14984
14985
14988
14989
14994
14995
14999
