Group 25.txt from replicate 15
14003
14067
14071
14090
14107
14113
14117
14123
14131
14134
14147
14148
14161
14166
14172
14174
14191
14193
14204
14223
14225
14256
14265
14266
14287
14289
14306
14312
14313
14317
14325
14337
14346
14347
14350
14366
14433
14434
14446
14451
14503
14507
14518
14547
14550
14594
14603
14618
14621
14629
14639
14642
14649
14662
14665
14681
14684
14685
14705
14740
14758
14780
14783
14791
14847
14855
14862
14867
14869
14877
14885
14888
14889
14890
14892
14900
14930
14946
14950
14991
