Group 0.txt from replicate 15
14000
14003
14005
14013
14014
14021
14027
14033
14041
14048
14059
14067
14068
14071
14080
14083
14089
14090
14091
14092
14100
14107
14110
14113
14117
14120
14121
14122
14123
14125
14131
14134
14146
14147
14148
14151
14154
14161
14164
14166
14172
14174
14181
14183
14190
14191
14193
14198
14199
14202
14204
14207
14218
14222
14223
14225
14230
14241
14246
14256
14262
14265
14266
14277
14278
14284
14287
14289
14294
14295
14299
14302
14303
14306
14308
14312
14313
14317
14322
14323
14325
14333
14337
14346
14347
14348
14350
14351
14354
14366
14373
14379
14381
14390
14398
14419
14433
14434
14436
14438
14440
14442
14446
14450
14451
14453
14459
14467
14469
14472
14475
14480
14486
14502
14503
14507
14509
14518
14519
14526
14533
14537
14544
14547
14550
14555
14571
14591
14594
14600
14603
14606
14618
14619
14620
14621
14629
14637
14639
14642
14644
14649
14656
14661
14662
14665
14666
14675
14677
14681
14683
14684
14685
14690
14699
14705
14706
14716
14720
14721
14731
14738
14740
14743
14746
14753
14755
14757
14758
14759
14762
14765
14767
14779
14780
14782
14783
14788
14790
14791
14792
14794
14806
14816
14841
14847
14851
14855
14861
14862
14867
14869
14871
14876
14877
14885
14888
14889
14890
14892
14897
14900
14901
14903
14909
14916
14919
14925
14930
14931
14933
14934
14935
14939
14942
14946
14948
14950
14955
14959
14960
14962
14963
14964
14970
14978
14987
14991
14993
14996
