Group 22.txt from replicate 2
1003
1004
1014
1018
1019
1024
1034
1040
1042
1045
1049
1059
1064
1072
1086
1091
1102
1105
1110
1114
1116
1124
1143
1146
1148
1176
1179
1187
1189
1194
1195
1197
1201
1203
1204
1210
1212
1220
1222
1228
1231
1234
1238
1242
1245
1251
1261
1266
1267
1268
1276
1277
1278
1281
1294
1309
1310
1311
1313
1314
1320
1322
1328
1329
1332
1335
1354
1359
1366
1370
1374
1376
1382
1392
1393
1406
1418
1421
1423
1433
1451
1464
1481
1512
1518
1524
1537
1538
1545
1546
1547
1554
1556
1560
1566
1577
1579
1588
1602
1605
1606
1607
1608
1610
1611
1615
1621
1624
1626
1628
1633
1639
1643
1658
1660
1661
1664
1670
1684
1685
1692
1698
1699
1730
1731
1733
1736
1754
1761
1763
1767
1780
1786
1788
1789
1795
1801
1802
1807
1811
1834
1837
1847
1855
1857
1862
1864
1868
1875
1885
1897
1901
1908
1909
1914
1917
1918
1921
1922
1925
1927
1939
1948
1950
1953
1954
1960
1969
1976
1983
1989
1991
