Group 20.txt from replicate 15
14006
14016
14020
14024
14025
14037
14043
14051
14052
14061
14065
14082
14084
14085
14086
14087
14103
14105
14106
14116
14150
14155
14162
14165
14169
14189
14194
14201
14208
14209
14217
14220
14227
14229
14231
14239
14244
14250
14268
14271
14275
14281
14285
14296
14297
14324
14326
14339
14343
14344
14357
14358
14359
14362
14363
14364
14372
14378
14392
14400
14411
14413
14417
14418
14420
14452
14457
14458
14465
14466
14471
14476
14488
14490
14497
14504
14505
14506
14521
14522
14529
14531
14535
14536
14538
14541
14548
14556
14563
14565
14572
14574
14585
14588
14593
14597
14599
14601
14604
14605
14607
14614
14632
14634
14647
14650
14651
14654
14663
14667
14669
14672
14673
14686
14689
14696
14700
14707
14708
14722
14734
14742
14745
14747
14750
14754
14761
14770
14772
14785
14787
14798
14800
14804
14805
14819
14823
14829
14837
14838
14839
14845
14856
14865
14868
14887
14895
14902
14904
14910
14911
14915
14917
14921
14929
14936
14937
14940
14941
14944
14957
14966
14967
14974
14982
14986
