Group 9.txt from replicate 15
14037
14043
14051
14065
14103
14105
14150
14155
14165
14189
14194
14209
14231
14244
14250
14268
14281
14285
14324
14326
14339
14343
14344
14363
14364
14372
14378
14392
14418
14420
14452
14458
14466
14471
14490
14504
14505
14506
14521
14538
14563
14565
14572
14585
14588
14597
14599
14604
14614
14634
14647
14650
14654
14663
14673
14689
14696
14700
14707
14734
14742
14745
14747
14750
14754
14770
14785
14798
14804
14805
14823
14829
14837
14838
14845
14865
14895
14902
14915
14929
14936
14937
14944
14966
14967
14974
14982
14986
