Group 2.txt from replicate 15
14006
14020
14037
14043
14051
14052
14061
14065
14084
14085
14086
14087
14103
14105
14116
14150
14155
14162
14165
14189
14194
14201
14209
14217
14220
14227
14229
14231
14239
14244
14250
14268
14271
14281
14285
14324
14326
14339
14343
14344
14362
14363
14364
14372
14378
14392
14400
14413
14418
14420
14452
14457
14458
14466
14471
14490
14497
14504
14505
14506
14521
14529
14535
14538
14541
14548
14563
14565
14572
14574
14585
14588
14593
14597
14599
14604
14607
14614
14632
14634
14647
14650
14651
14654
14663
14673
14689
14696
14700
14707
14708
14722
14734
14742
14745
14747
14750
14754
14761
14770
14785
14787
14798
14800
14804
14805
14823
14829
14837
14838
14845
14856
14865
14887
14895
14902
14904
14910
14911
14915
14929
14936
14937
14940
14941
14944
14957
14966
14967
14974
14982
14986
