Group 3.txt from replicate 16
15024
15033
15035
15044
15056
15059
15074
15079
15097
15105
15115
15137
15139
15155
15158
15164
15186
15193
15210
15219
15220
15223
15246
15253
15264
15281
15290
15291
15314
15318
15322
15328
15329
15346
15351
15355
15357
15358
15374
15383
15442
15461
15498
15510
15523
15535
15540
15551
15553
15557
15573
15593
15611
15616
15641
15647
15667
15674
15681
15709
15718
15720
15746
15775
15780
15781
15785
15791
15796
15838
15847
15851
15855
15863
15899
15913
15922
15923
15927
15929
15934
15944
15955
15968
15969
