Group 19.txt from replicate 16
15015
15017
15020
15021
15027
15028
15034
15038
15040
15041
15047
15054
15060
15068
15069
15075
15077
15081
15084
15086
15089
15090
15093
15094
15096
15101
15102
15108
15109
15113
15116
15117
15118
15123
15125
15128
15149
15150
15156
15163
15165
15166
15169
15170
15172
15179
15182
15183
15199
15205
15206
15208
15209
15211
15214
15217
15225
15235
15239
15240
15242
15249
15251
15256
15259
15266
15269
15273
15274
15275
15276
15282
15284
15286
15287
15294
15296
15298
15300
15304
15311
15312
15315
15319
15323
15326
15327
15331
15332
15335
15341
15343
15352
15354
15361
15366
15367
15368
15369
15370
15371
15388
15394
15395
15397
15398
15403
15404
15405
15407
15412
15416
15421
15423
15427
15428
15429
15435
15440
15441
15443
15448
15453
15454
15455
15460
15462
15464
15466
15467
15470
15472
15476
15477
15479
15481
15482
15488
15490
15495
15497
15501
15503
15504
15516
15517
15518
15520
15524
15526
15528
15530
15531
15544
15564
15565
15567
15569
15571
15579
15580
15592
15594
15600
15607
15608
15613
15614
15621
15624
15626
15628
15629
15630
15634
15637
15639
15640
15648
15650
15653
15656
15657
15658
15661
15662
15663
15664
15668
15669
15671
15676
15679
15683
15689
15693
15695
15703
15705
15706
15707
15712
15726
15729
15731
15732
15733
15738
15745
15747
15748
15750
15752
15756
15761
15765
15768
15773
15774
15776
15777
15778
15788
15797
15799
15806
15813
15814
15819
15820
15821
15822
15827
15830
15835
15837
15840
15841
15844
15845
15849
15856
15857
15859
15860
15865
15870
15879
15882
15885
15888
15891
15902
15903
15905
15912
15916
15917
15918
15919
15920
15921
15926
15932
15939
15941
15949
15950
15952
15954
15957
15959
15963
15966
15967
15976
15979
15980
15981
15982
15989
15992
15996
15999
