Group 1.txt from replicate 16
15002
15006
15007
15009
15011
15013
15030
15045
15057
15058
15061
15066
15067
15070
15100
15114
15124
15136
15141
15142
15146
15153
15157
15159
15161
15176
15177
15189
15191
15201
15202
15207
15215
15227
15230
15231
15234
15245
15250
15254
15255
15261
15280
15283
15285
15297
15302
15305
15313
15330
15338
15339
15344
15356
15359
15379
15381
15382
15387
15396
15406
15409
15411
15417
15425
15431
15433
15436
15444
15445
15447
15468
15474
15483
15509
15512
15513
15515
15521
15527
15529
15537
15538
15541
15543
15550
15559
15566
15575
15584
15585
15586
15589
15598
15615
15620
15642
15643
15645
15651
15680
15701
15717
15728
15739
15741
15744
15749
15753
15762
15769
15770
15783
15803
15811
15815
15829
15831
15832
15850
15864
15872
15873
15876
15877
15878
15892
15894
15895
15906
15930
15931
15937
15943
15951
15965
15974
15978
15984
15988
15991
15995
15998
