Group 0.txt from replicate 16
15015
15017
15020
15021
15027
15028
15038
15041
15047
15060
15069
15075
15077
15081
15084
15086
15090
15093
15094
15096
15101
15116
15118
15123
15125
15149
15166
15169
15170
15182
15183
15205
15206
15211
15214
15217
15225
15235
15239
15240
15249
15256
15259
15266
15273
15274
15287
15294
15298
15300
15304
15311
15312
15319
15323
15326
15327
15332
15341
15343
15354
15361
15366
15368
15370
15371
15394
15395
15397
15405
15407
15416
15428
15429
15440
15441
15443
15448
15455
15464
15466
15467
15470
15472
15477
15481
15482
15488
15490
15495
15497
15501
15503
15504
15516
15517
15518
15528
15530
15531
15564
15565
15571
15580
15592
15594
15607
15608
15613
15614
15624
15626
15628
15629
15630
15637
15640
15648
15650
15653
15656
15662
15664
15668
15669
15671
15676
15679
15683
15689
15695
15703
15705
15707
15729
15731
15733
15738
15745
15747
15748
15750
15752
15765
15768
15773
15776
15777
15778
15788
15799
15806
15814
15819
15820
15827
15830
15835
15837
15841
15844
15845
15849
15857
15865
15870
15879
15882
15885
15902
15903
15905
15918
15919
15920
15921
15926
15939
15949
15950
15952
15954
15959
15963
15967
15976
15979
15980
15989
15999
