Group 22.txt from replicate 16
15001
15004
15008
15014
15016
15019
15032
15043
15046
15050
15051
15052
15055
15063
15071
15078
15085
15087
15091
15092
15098
15103
15110
15126
15138
15151
15168
15173
15175
15178
15181
15184
15190
15192
15200
15213
15218
15222
15237
15238
15241
15243
15257
15262
15263
15267
15268
15278
15289
15307
15310
15320
15325
15347
15375
15384
15390
15392
15402
15410
15413
15414
15419
15430
15434
15437
15439
15449
15452
15465
15469
15478
15485
15489
15491
15493
15500
15505
15506
15507
15525
15539
15545
15547
15548
15549
15552
15554
15555
15576
15587
15597
15599
15602
15605
15606
15609
15612
15617
15625
15631
15638
15646
15655
15670
15675
15684
15691
15692
15696
15697
15699
15704
15708
15710
15716
15727
15736
15737
15754
15755
15764
15786
15787
15795
15798
15800
15801
15807
15808
15817
15828
15834
15848
15852
15854
15861
15862
15868
15871
15874
15880
15887
15890
15893
15900
15904
15910
15935
15956
15961
15972
15973
15977
15983
15985
15986
15987
