Group 20.txt from replicate 16
15002
15006
15007
15009
15010
15011
15013
15018
15030
15036
15037
15042
15045
15053
15057
15058
15061
15064
15066
15067
15070
15076
15088
15095
15100
15107
15111
15112
15114
15120
15124
15127
15132
15133
15135
15136
15141
15142
15144
15146
15148
15153
15157
15159
15161
15162
15174
15176
15177
15188
15189
15191
15194
15201
15202
15204
15207
15215
15221
15224
15227
15230
15231
15234
15245
15247
15250
15252
15254
15255
15260
15261
15265
15271
15280
15283
15285
15288
15293
15297
15302
15303
15305
15308
15313
15324
15330
15336
15338
15339
15344
15348
15349
15356
15359
15362
15365
15372
15376
15377
15379
15381
15382
15387
15389
15393
15396
15401
15406
15409
15411
15415
15417
15420
15422
15424
15425
15426
15431
15433
15436
15444
15445
15447
15450
15456
15457
15463
15468
15471
15473
15474
15483
15484
15494
15509
15512
15513
15514
15515
15521
15522
15527
15529
15537
15538
15541
15543
15550
15559
15566
15575
15583
15584
15585
15586
15589
15596
15598
15603
15610
15615
15620
15635
15642
15643
15645
15651
15654
15665
15673
15680
15682
15688
15701
15717
15721
15722
15724
15728
15730
15735
15739
15741
15744
15749
15753
15758
15760
15762
15766
15769
15770
15779
15783
15784
15802
15803
15804
15809
15810
15811
15815
15816
15829
15831
15832
15839
15842
15850
15853
15864
15872
15873
15875
15876
15877
15878
15881
15889
15892
15894
15895
15897
15901
15906
15925
15930
15931
15937
15943
15945
15951
15962
15965
15970
15974
15978
15984
15988
15991
15994
15995
15997
15998
