Group 6.txt from replicate 16
15027
15028
15041
15047
15069
15084
15086
15090
15094
15096
15118
15149
15217
15259
15274
15294
15298
15300
15326
15354
15361
15368
15370
15371
15394
15441
15443
15448
15455
15466
15470
15477
15482
15490
15495
15497
15501
15517
15530
15531
15564
15565
15571
15594
15607
15608
15613
15614
15626
15630
15640
15650
15653
15664
15669
15671
15683
15689
15695
15703
15707
15738
15745
15748
15752
15820
15830
15835
15841
15845
15857
15879
15882
15902
15918
15919
15920
15926
15939
15949
15959
15963
15976
15979
15980
15999
