Group 21.txt from replicate 16
15000
15005
15012
15022
15023
15024
15026
15029
15033
15035
15044
15056
15059
15062
15074
15079
15083
15097
15105
15106
15115
15121
15122
15130
15131
15137
15139
15154
15155
15158
15164
15167
15185
15186
15193
15196
15197
15198
15203
15210
15219
15220
15223
15228
15244
15246
15248
15253
15258
15264
15277
15281
15290
15291
15301
15306
15314
15317
15318
15322
15328
15329
15333
15334
15340
15346
15351
15355
15357
15358
15373
15374
15383
15385
15399
15418
15438
15442
15451
15461
15486
15496
15498
15499
15510
15523
15535
15536
15540
15551
15553
15557
15572
15573
15581
15582
15591
15593
15595
15601
15604
15611
15616
15618
15627
15633
15641
15647
15652
15659
15667
15674
15681
15687
15702
15709
15713
15714
15718
15720
15740
15743
15746
15751
15757
15763
15772
15775
15780
15781
15785
15789
15790
15791
15796
15812
15824
15833
15836
15838
15843
15847
15851
15855
15863
15866
15867
15883
15886
15898
15899
15908
15913
15922
15923
15924
15927
15929
15934
15944
15948
15953
15955
15968
15969
15971
