Group 10.txt from replicate 16
15015
15017
15020
15021
15038
15060
15075
15077
15081
15093
15101
15116
15123
15125
15166
15169
15170
15182
15183
15205
15206
15211
15214
15225
15235
15239
15240
15249
15256
15266
15273
15287
15304
15311
15312
15319
15323
15327
15332
15341
15343
15366
15395
15397
15405
15407
15416
15428
15429
15440
15464
15467
15472
15481
15488
15503
15504
15516
15518
15528
15580
15592
15624
15628
15629
15637
15648
15656
15662
15668
15676
15679
15705
15729
15731
15733
15747
15750
15765
15768
15773
15776
15777
15778
15788
15799
15806
15814
15819
15827
15837
15844
15849
15865
15870
15885
15903
15905
15921
15950
15952
15954
15967
15989
