Group 2.txt from replicate 16
15001
15004
15008
15019
15046
15050
15051
15052
15055
15078
15091
15098
15103
15126
15151
15173
15175
15178
15181
15184
15192
15200
15213
15218
15222
15237
15243
15257
15263
15268
15278
15289
15307
15310
15320
15375
15384
15392
15402
15413
15419
15434
15439
15452
15469
15489
15493
15505
15506
15507
15525
15539
15547
15548
15549
15552
15555
15587
15597
15599
15602
15605
15606
15609
15631
15638
15675
15684
15691
15697
15699
15704
15710
15716
15727
15736
15754
15755
15764
15787
15795
15798
15800
15801
15808
15817
15828
15834
15848
15871
15887
15893
15935
15956
15961
15973
15977
15983
15985
