Group 19.txt from replicate 17
16001
16002
16008
16012
16013
16021
16023
16027
16028
16030
16032
16034
16035
16037
16043
16045
16046
16063
16064
16065
16067
16072
16074
16075
16076
16078
16086
16090
16091
16093
16095
16100
16102
16103
16108
16109
16114
16117
16118
16120
16122
16125
16127
16129
16141
16146
16147
16155
16156
16160
16166
16168
16170
16174
16178
16180
16182
16183
16186
16188
16208
16212
16214
16219
16220
16223
16224
16225
16227
16232
16242
16246
16247
16250
16252
16260
16261
16263
16267
16274
16279
16280
16284
16286
16289
16291
16292
16294
16298
16299
16302
16303
16304
16307
16308
16310
16314
16315
16319
16323
16330
16331
16333
16336
16337
16340
16343
16346
16355
16356
16362
16364
16369
16373
16375
16378
16382
16384
16393
16395
16398
16401
16404
16406
16408
16410
16411
16412
16413
16414
16416
16420
16421
16423
16427
16428
16429
16430
16435
16446
16449
16460
16465
16469
16470
16475
16476
16479
16480
16481
16482
16487
16495
16496
16500
16504
16514
16517
16519
16522
16523
16526
16529
16531
16533
16534
16537
16539
16541
16544
16546
16547
16548
16551
16553
16558
16560
16569
16575
16579
16580
16583
16584
16589
16590
16591
16593
16594
16597
16598
16599
16610
16614
16617
16618
16619
16620
16630
16632
16636
16639
16641
16644
16647
16652
16654
16656
16664
16667
16672
16674
16679
16681
16682
16683
16685
16690
16695
16696
16697
16700
16703
16707
16709
16712
16720
16721
16724
16728
16729
16730
16733
16742
16745
16752
16762
16764
16767
16770
16771
16776
16778
16779
16781
16785
16786
16787
16790
16802
16805
16808
16811
16813
16816
16824
16830
16831
16835
16843
16847
16848
16852
16854
16856
16859
16860
16867
16872
16873
16876
16877
16884
16890
16891
16898
16904
16910
16912
16913
16919
16921
16922
16925
16928
16930
16932
16934
16935
16936
16941
16943
16948
16950
16959
16962
16968
16970
16971
16973
16978
16979
16983
16989
16990
16992
16995
16998
16999
