Group 1.txt from replicate 17
16015
16024
16025
16040
16047
16050
16055
16056
16060
16068
16069
16077
16094
16104
16110
16111
16123
16124
16126
16130
16131
16138
16143
16144
16150
16157
16158
16159
16163
16172
16175
16189
16195
16198
16204
16218
16226
16230
16235
16237
16238
16251
16253
16255
16262
16266
16272
16278
16295
16297
16311
16349
16383
16386
16388
16389
16390
16400
16402
16418
16437
16442
16455
16474
16484
16490
16502
16505
16518
16525
16538
16540
16545
16565
16572
16576
16582
16586
16587
16611
16613
16627
16629
16633
16648
16659
16661
16662
16688
16694
16705
16722
16726
16744
16746
16758
16760
16768
16775
16791
16803
16804
16819
16821
16833
16837
16858
16869
16880
16883
16888
16889
16908
16916
16929
16952
16969
16997
