Group 0.txt from replicate 17
16001
16021
16027
16028
16030
16032
16045
16075
16086
16100
16118
16120
16125
16141
16146
16155
16156
16160
16166
16168
16180
16182
16183
16186
16212
16214
16220
16227
16250
16260
16261
16263
16274
16279
16284
16289
16291
16294
16298
16308
16314
16319
16337
16346
16355
16369
16378
16382
16384
16395
16398
16401
16404
16413
16414
16416
16421
16429
16435
16446
16469
16476
16480
16481
16482
16500
16514
16517
16519
16529
16533
16534
16544
16546
16558
16560
16583
16589
16594
16598
16610
16618
16620
16641
16644
16656
16664
16667
16672
16674
16679
16681
16685
16690
16695
16696
16700
16707
16721
16733
16762
16764
16770
16776
16778
16781
16785
16787
16805
16808
16816
16830
16835
16843
16847
16852
16872
16873
16904
16910
16912
16913
16921
16934
16936
16941
16948
16950
16968
16971
16973
16978
16979
16983
