Group 22.txt from replicate 17
16003
16007
16019
16048
16049
16051
16062
16070
16073
16079
16080
16081
16084
16087
16088
16097
16113
16115
16136
16139
16154
16161
16167
16169
16176
16191
16194
16197
16202
16209
16213
16217
16221
16234
16239
16244
16245
16249
16259
16269
16270
16281
16287
16290
16300
16312
16316
16317
16322
16325
16326
16327
16329
16332
16358
16361
16366
16391
16394
16396
16399
16419
16433
16440
16451
16464
16466
16467
16473
16485
16488
16498
16506
16524
16530
16535
16543
16552
16554
16555
16563
16567
16573
16601
16606
16609
16612
16623
16628
16634
16635
16646
16671
16677
16680
16699
16708
16710
16711
16714
16715
16716
16731
16738
16741
16743
16750
16753
16757
16763
16765
16769
16780
16784
16789
16794
16797
16814
16818
16825
16826
16827
16828
16834
16839
16851
16853
16862
16863
16879
16885
16887
16894
16900
16902
16903
16906
16909
16914
16920
16939
16940
16955
16961
16966
16972
16974
16975
16980
16984
16993
