Group 20.txt from replicate 17
16015
16016
16024
16025
16026
16038
16040
16044
16047
16050
16055
16056
16057
16058
16059
16060
16068
16069
16077
16094
16098
16104
16110
16111
16112
16123
16124
16126
16128
16130
16131
16132
16134
16138
16143
16144
16150
16157
16158
16159
16163
16165
16172
16175
16189
16192
16193
16195
16198
16201
16204
16206
16210
16211
16215
16216
16218
16226
16229
16230
16235
16236
16237
16238
16248
16251
16253
16255
16262
16265
16266
16271
16272
16278
16283
16295
16297
16301
16311
16321
16349
16350
16353
16354
16379
16380
16381
16383
16386
16387
16388
16389
16390
16392
16400
16402
16418
16422
16424
16425
16437
16439
16442
16453
16454
16455
16456
16462
16468
16474
16477
16483
16484
16490
16492
16493
16497
16499
16502
16505
16509
16510
16511
16518
16525
16527
16538
16540
16545
16559
16562
16565
16568
16572
16576
16577
16582
16586
16587
16592
16602
16607
16611
16613
16615
16616
16621
16627
16629
16633
16648
16649
16653
16658
16659
16661
16662
16666
16675
16686
16687
16688
16693
16694
16705
16713
16718
16719
16722
16726
16734
16744
16746
16748
16758
16759
16760
16761
16768
16775
16791
16793
16795
16796
16800
16803
16804
16806
16817
16819
16821
16822
16829
16832
16833
16837
16840
16841
16845
16858
16864
16868
16869
16870
16871
16874
16875
16880
16881
16883
16888
16889
16908
16911
16916
16927
16929
16931
16938
16944
16947
16951
16952
16953
16954
16963
16969
16977
16994
16996
16997
