Group 21.txt from replicate 17
16004
16005
16009
16018
16020
16022
16031
16033
16039
16054
16061
16066
16071
16082
16083
16085
16089
16096
16105
16116
16133
16135
16137
16140
16145
16148
16151
16171
16179
16181
16187
16199
16200
16240
16241
16243
16254
16256
16258
16264
16268
16273
16275
16277
16282
16285
16293
16305
16306
16313
16328
16334
16335
16338
16339
16342
16344
16345
16347
16348
16351
16352
16357
16359
16363
16365
16370
16372
16374
16397
16409
16417
16432
16434
16443
16445
16457
16458
16472
16494
16507
16512
16542
16549
16550
16556
16557
16561
16566
16570
16571
16574
16585
16605
16608
16622
16625
16626
16631
16640
16643
16645
16650
16655
16657
16665
16670
16676
16684
16691
16692
16698
16701
16717
16723
16725
16735
16740
16747
16749
16751
16754
16773
16774
16782
16792
16820
16823
16836
16838
16842
16844
16850
16865
16866
16878
16895
16896
16901
16905
16915
16918
16923
16937
16946
16949
16957
16960
16976
16985
16987
16991
