Group 21.txt from replicate 2
1005
1009
1010
1011
1012
1015
1016
1017
1023
1033
1037
1038
1043
1048
1065
1074
1076
1081
1084
1088
1089
1098
1107
1111
1112
1115
1120
1130
1131
1132
1136
1137
1139
1140
1142
1152
1153
1154
1157
1164
1166
1167
1172
1175
1177
1178
1192
1206
1208
1211
1213
1219
1224
1233
1237
1239
1241
1244
1246
1250
1255
1259
1260
1264
1270
1273
1275
1282
1283
1284
1286
1287
1291
1297
1298
1305
1316
1318
1324
1336
1337
1343
1345
1347
1348
1353
1356
1365
1377
1378
1381
1384
1390
1396
1402
1403
1405
1407
1411
1412
1414
1420
1429
1431
1432
1435
1443
1445
1446
1447
1460
1463
1466
1467
1470
1471
1472
1473
1474
1476
1479
1484
1487
1488
1490
1494
1499
1500
1504
1510
1513
1520
1521
1525
1529
1530
1536
1543
1548
1549
1557
1559
1561
1568
1573
1587
1591
1595
1601
1619
1629
1630
1636
1637
1638
1645
1647
1650
1656
1672
1673
1676
1678
1679
1686
1687
1691
1703
1705
1713
1715
1721
1723
1724
1725
1726
1728
1735
1737
1742
1743
1750
1753
1760
1762
1764
1766
1771
1774
1775
1782
1787
1796
1798
1799
1803
1804
1808
1809
1810
1812
1813
1822
1823
1829
1836
1839
1840
1842
1844
1850
1851
1858
1861
1865
1867
1877
1880
1886
1890
1893
1894
1902
1905
1906
1910
1920
1923
1928
1931
1940
1946
1947
1951
1956
1965
1967
1968
1970
1972
1973
1974
1979
1984
1985
1993
1998
