Group 5.txt from replicate 17
16012
16013
16023
16034
16035
16037
16043
16067
16078
16090
16093
16095
16103
16117
16122
16147
16174
16178
16208
16219
16224
16232
16242
16246
16247
16267
16286
16292
16304
16307
16310
16331
16333
16340
16356
16362
16364
16373
16375
16393
16411
16420
16423
16427
16430
16460
16465
16475
16479
16495
16522
16526
16531
16537
16539
16551
16579
16580
16584
16599
16632
16636
16647
16652
16654
16682
16683
16709
16712
16720
16724
16728
16729
16730
16742
16745
16767
16771
16790
16813
16824
16848
16856
16859
16860
16867
16877
16898
16930
16943
16989
16990
16992
16995
16998
16999
