Group 15.txt from replicate 17
16001
16027
16028
16030
16032
16045
16075
16086
16100
16120
16125
16156
16160
16166
16168
16182
16186
16212
16214
16220
16227
16250
16274
16279
16284
16289
16291
16298
16319
16337
16355
16369
16378
16384
16395
16398
16401
16414
16421
16429
16446
16469
16476
16481
16514
16517
16519
16529
16534
16544
16558
16583
16594
16598
16610
16618
16641
16644
16667
16672
16681
16695
16700
16733
16762
16764
16770
16781
16785
16805
16808
16816
16830
16852
16872
16904
16910
16912
16921
16934
16936
16941
16948
16950
16971
16979
16983
