Group 3.txt from replicate 18
17001
17003
17006
17013
17042
17049
17064
17066
17069
17082
17085
17087
17096
17100
17109
17113
17122
17123
17125
17135
17137
17163
17189
17194
17201
17219
17258
17262
17309
17312
17316
17318
17325
17326
17328
17336
17344
17346
17355
17379
17381
17405
17431
17444
17447
17481
17485
17496
17527
17532
17544
17547
17549
17556
17568
17574
17584
17593
17606
17608
17615
17631
17643
17648
17661
17676
17734
17738
17740
17766
17771
17777
17781
17803
17811
17813
17814
17820
17829
17834
17854
17857
17862
17866
17868
17885
17890
17895
17902
17908
17935
17938
17941
17969
17973
17974
17980
17995
17996
