Group 29.txt from replicate 18
17000
17004
17011
17016
17017
17030
17039
17043
17047
17056
17057
17060
17065
17070
17078
17083
17091
17099
17103
17105
17110
17112
17116
17131
17139
17141
17150
17153
17161
17164
17168
17173
17179
17181
17183
17184
17195
17200
17202
17204
17206
17208
17213
17214
17225
17227
17228
17235
17237
17239
17253
17260
17266
17269
17270
17271
17289
17297
17299
17313
17317
17323
17324
17330
17333
17340
17349
17350
17352
17366
17378
17387
17388
17397
17398
17400
17404
17409
17415
17419
17422
17430
17433
17442
17443
17446
17455
17471
17474
17480
17497
17502
17510
17512
17524
17529
17530
17535
17541
17559
17572
17573
17579
17580
17581
17583
17585
17597
17622
17629
17633
17639
17641
17653
17654
17662
17674
17680
17697
17702
17707
17708
17710
17711
17713
17714
17717
17719
17722
17731
17733
17745
17757
17759
17762
17765
17775
17784
17788
17790
17793
17797
17798
17800
17804
17808
17818
17819
17822
17825
17828
17830
17835
17851
17878
17883
17889
17891
17893
17897
17899
17905
17909
17910
17920
17936
17947
17964
17967
17970
17981
17989
