Group 28.txt from replicate 18
17002
17009
17014
17015
17021
17025
17029
17033
17034
17038
17041
17044
17046
17054
17055
17058
17062
17072
17075
17076
17077
17080
17084
17086
17089
17092
17093
17094
17101
17104
17106
17108
17115
17118
17121
17126
17129
17133
17144
17146
17147
17154
17156
17165
17170
17171
17174
17175
17191
17193
17198
17217
17220
17226
17238
17243
17244
17248
17250
17252
17254
17261
17267
17273
17274
17278
17280
17281
17285
17287
17290
17296
17305
17306
17308
17315
17319
17320
17321
17322
17329
17334
17335
17341
17347
17348
17353
17361
17362
17363
17367
17368
17372
17374
17375
17377
17380
17383
17384
17390
17391
17394
17396
17406
17407
17408
17410
17411
17414
17416
17425
17445
17460
17465
17472
17473
17477
17479
17486
17490
17492
17493
17494
17499
17500
17501
17505
17508
17509
17516
17519
17520
17522
17525
17545
17546
17555
17558
17562
17564
17565
17571
17582
17587
17588
17589
17590
17592
17595
17600
17601
17602
17605
17610
17611
17613
17618
17621
17625
17626
17627
17630
17637
17644
17647
17649
17650
17651
17656
17657
17664
17666
17669
17671
17672
17675
17681
17682
17683
17685
17690
17691
17695
17698
17699
17703
17704
17706
17709
17716
17726
17728
17729
17735
17736
17737
17742
17744
17747
17753
17755
17764
17767
17768
17774
17779
17792
17794
17802
17806
17810
17812
17815
17817
17824
17836
17840
17842
17844
17853
17858
17859
17860
17871
17874
17877
17880
17888
17894
17898
17900
17901
17911
17913
17914
17916
17919
17921
17927
17930
17931
17932
17939
17940
17942
17944
17946
17950
17952
17956
17960
17962
17966
17975
17976
17978
17993
17998
