Group 8.txt from replicate 18
17000
17011
17017
17039
17043
17047
17078
17083
17099
17103
17116
17131
17139
17173
17181
17184
17200
17202
17208
17213
17227
17253
17270
17271
17289
17297
17299
17313
17330
17349
17350
17352
17378
17388
17400
17404
17422
17433
17442
17443
17446
17474
17497
17502
17535
17580
17581
17585
17597
17633
17639
17641
17662
17680
17697
17702
17707
17714
17717
17733
17745
17759
17762
17793
17819
17822
17828
17835
17851
17878
17883
17889
17897
17905
17909
17964
17967
17970
17989
