Group 23.txt from replicate 2
1007
1020
1032
1050
1053
1057
1060
1070
1071
1078
1080
1082
1087
1092
1121
1129
1134
1141
1149
1150
1156
1165
1171
1180
1188
1191
1202
1225
1232
1243
1252
1265
1280
1299
1300
1308
1319
1325
1341
1350
1355
1358
1360
1361
1368
1371
1373
1385
1387
1398
1404
1417
1422
1434
1437
1440
1444
1448
1458
1462
1477
1478
1480
1482
1483
1485
1486
1489
1502
1505
1506
1508
1516
1522
1523
1527
1532
1533
1539
1550
1558
1571
1575
1576
1593
1598
1600
1609
1620
1623
1631
1635
1640
1652
1653
1667
1669
1682
1683
1689
1695
1700
1706
1709
1718
1722
1727
1729
1739
1768
1772
1773
1778
1785
1790
1797
1800
1805
1818
1830
1835
1841
1843
1854
1860
1873
1876
1888
1929
1937
1943
1945
1955
1957
1963
1977
1981
1988
1994
1997
1999
