Group 1.txt from replicate 18
17009
17014
17015
17025
17029
17038
17041
17044
17046
17054
17058
17062
17072
17076
17077
17084
17086
17089
17094
17104
17108
17118
17121
17126
17129
17133
17146
17147
17156
17174
17175
17191
17198
17217
17226
17238
17243
17254
17267
17273
17274
17278
17281
17285
17290
17305
17308
17315
17319
17320
17321
17322
17329
17334
17335
17347
17353
17362
17363
17367
17374
17375
17380
17383
17384
17390
17394
17396
17406
17407
17408
17410
17411
17414
17416
17425
17445
17460
17472
17473
17477
17479
17490
17494
17499
17500
17501
17505
17509
17519
17520
17522
17525
17546
17555
17558
17562
17565
17571
17582
17588
17592
17595
17601
17602
17605
17610
17611
17613
17618
17625
17627
17630
17644
17647
17649
17656
17664
17666
17669
17672
17675
17682
17685
17690
17691
17695
17698
17704
17706
17709
17716
17729
17737
17742
17747
17755
17767
17768
17774
17779
17792
17806
17810
17812
17815
17817
17836
17842
17844
17853
17860
17871
17874
17877
17888
17894
17898
17900
17901
17913
17916
17919
17921
17927
17931
17932
17939
17940
17942
17946
17950
17952
17956
17960
17962
17966
17975
17976
17978
17998
