Group 0.txt from replicate 18
17010
17018
17022
17028
17036
17037
17045
17050
17052
17059
17061
17063
17068
17071
17073
17079
17081
17088
17098
17119
17120
17124
17128
17132
17134
17138
17142
17149
17155
17158
17159
17160
17166
17167
17169
17172
17188
17196
17197
17209
17211
17212
17215
17216
17222
17223
17229
17233
17234
17236
17240
17241
17255
17256
17257
17259
17276
17282
17283
17298
17300
17302
17304
17307
17311
17337
17345
17354
17357
17358
17359
17360
17369
17370
17385
17412
17417
17418
17423
17429
17434
17440
17448
17451
17453
17454
17458
17459
17461
17462
17466
17470
17475
17476
17491
17498
17507
17511
17513
17514
17521
17523
17526
17533
17534
17538
17539
17542
17552
17553
17557
17560
17567
17575
17576
17577
17578
17594
17596
17604
17609
17612
17614
17616
17619
17623
17624
17628
17634
17636
17638
17642
17646
17652
17655
17660
17665
17668
17673
17688
17689
17692
17696
17700
17712
17720
17725
17743
17749
17756
17760
17787
17789
17791
17795
17796
17799
17801
17805
17807
17816
17826
17827
17837
17838
17843
17846
17847
17850
17861
17864
17865
17867
17870
17875
17879
17884
17887
17892
17896
17907
17917
17918
17922
17925
17926
17933
17937
17943
17945
17953
17955
17961
17963
17968
17971
17979
17983
17984
17985
17987
17988
17990
17994
17999
