Group 30.txt from replicate 18
17001
17003
17005
17006
17008
17013
17020
17040
17042
17049
17053
17064
17066
17069
17082
17085
17087
17090
17096
17097
17100
17109
17113
17122
17123
17125
17130
17135
17137
17163
17185
17189
17190
17192
17194
17201
17205
17219
17247
17258
17262
17288
17309
17310
17312
17316
17318
17325
17326
17328
17336
17339
17344
17346
17355
17364
17365
17373
17379
17381
17405
17413
17426
17428
17431
17437
17444
17447
17452
17456
17481
17483
17485
17488
17489
17496
17515
17527
17532
17536
17544
17547
17549
17556
17566
17568
17574
17584
17593
17603
17606
17608
17615
17631
17643
17648
17661
17667
17676
17678
17721
17723
17724
17730
17732
17734
17738
17740
17754
17761
17763
17766
17770
17771
17772
17777
17780
17781
17783
17803
17811
17813
17814
17820
17829
17834
17854
17857
17862
17866
17868
17873
17885
17890
17895
17902
17908
17912
17935
17938
17941
17959
17965
17969
17973
17974
17980
17986
17991
17995
17996
17997
