Group 27.txt from replicate 18
17010
17018
17019
17022
17023
17026
17028
17031
17036
17037
17045
17050
17052
17059
17061
17063
17068
17071
17073
17079
17081
17088
17095
17098
17111
17117
17119
17120
17124
17127
17128
17132
17134
17138
17140
17142
17143
17145
17148
17149
17151
17155
17158
17159
17160
17166
17167
17169
17172
17180
17186
17188
17196
17197
17199
17203
17207
17209
17211
17212
17215
17216
17221
17222
17223
17229
17233
17234
17236
17240
17241
17242
17249
17251
17255
17256
17257
17259
17276
17277
17282
17283
17291
17292
17298
17300
17301
17302
17303
17304
17307
17311
17327
17337
17338
17343
17345
17351
17354
17357
17358
17359
17360
17369
17370
17382
17385
17386
17389
17393
17403
17412
17417
17418
17423
17424
17429
17434
17435
17438
17439
17440
17448
17450
17451
17453
17454
17458
17459
17461
17462
17463
17464
17466
17467
17469
17470
17475
17476
17478
17482
17484
17491
17498
17504
17507
17511
17513
17514
17517
17521
17523
17526
17528
17533
17534
17538
17539
17540
17542
17548
17551
17552
17553
17557
17560
17561
17567
17569
17570
17575
17576
17577
17578
17594
17596
17604
17607
17609
17612
17614
17616
17619
17623
17624
17628
17634
17636
17638
17640
17642
17645
17646
17652
17655
17660
17665
17668
17673
17677
17679
17684
17686
17688
17689
17692
17693
17694
17696
17700
17705
17712
17720
17725
17739
17743
17749
17750
17751
17756
17760
17769
17773
17778
17787
17789
17791
17795
17796
17799
17801
17805
17807
17809
17816
17823
17826
17827
17837
17838
17843
17846
17847
17848
17850
17861
17864
17865
17867
17869
17870
17872
17875
17879
17882
17884
17887
17892
17896
17903
17904
17907
17917
17918
17922
17924
17925
17926
17928
17933
17937
17943
17945
17949
17953
17955
17957
17958
17961
17963
17968
17971
17979
17983
17984
17985
17987
17988
17990
17994
17999
