Group 11.txt from replicate 2
1009
1012
1015
1017
1023
1033
1038
1074
1076
1098
1107
1112
1115
1120
1131
1132
1137
1139
1142
1154
1166
1172
1175
1177
1178
1211
1224
1233
1237
1239
1244
1250
1264
1273
1283
1287
1297
1298
1305
1318
1324
1345
1348
1356
1365
1377
1378
1381
1402
1403
1405
1407
1411
1414
1429
1431
1432
1435
1447
1463
1467
1474
1479
1484
1487
1490
1500
1510
1513
1520
1525
1530
1549
1557
1559
1568
1573
1587
1591
1630
1636
1638
1645
1647
1650
1656
1678
1686
1691
1703
1715
1721
1724
1725
1726
1735
1743
1750
1753
1762
1764
1766
1782
1803
1804
1808
1809
1810
1823
1829
1836
1840
1842
1844
1850
1861
1867
1877
1880
1890
1893
1894
1905
1940
1951
1956
1968
1972
1973
1974
1979
1984
1985
1998
