Group 22.txt from replicate 18
17009
17014
17015
17025
17029
17044
17046
17062
17072
17076
17077
17084
17089
17121
17126
17133
17156
17174
17175
17191
17198
17217
17226
17238
17267
17273
17281
17285
17290
17322
17334
17335
17362
17363
17374
17375
17383
17394
17396
17407
17408
17411
17416
17473
17479
17499
17500
17501
17509
17519
17520
17522
17525
17546
17555
17562
17571
17588
17601
17602
17610
17611
17613
17618
17625
17630
17647
17649
17656
17664
17666
17672
17682
17690
17695
17706
17709
17716
17729
17737
17742
17774
17779
17806
17810
17817
17836
17844
17874
17877
17894
17901
17919
17921
17927
17931
17932
17939
17940
17942
17946
17956
17962
17966
17975
17976
17978
