Group 23.txt from replicate 18
17010
17022
17028
17050
17059
17063
17068
17079
17088
17098
17128
17138
17142
17149
17159
17188
17196
17211
17212
17215
17222
17223
17229
17234
17236
17256
17257
17259
17276
17283
17300
17307
17311
17345
17357
17358
17369
17370
17418
17448
17458
17466
17470
17475
17491
17507
17511
17513
17514
17521
17526
17533
17557
17560
17567
17575
17576
17577
17594
17604
17623
17628
17634
17638
17646
17652
17655
17660
17692
17696
17712
17725
17789
17791
17799
17805
17816
17826
17846
17847
17864
17867
17896
17907
17925
17926
17933
17937
17945
17971
17983
17987
17994
17999
