Group 11.txt from replicate 18
17019
17023
17026
17031
17095
17111
17117
17127
17140
17143
17145
17148
17151
17180
17186
17199
17203
17207
17221
17242
17249
17251
17277
17291
17292
17301
17303
17327
17338
17343
17351
17382
17386
17389
17393
17403
17424
17435
17438
17439
17450
17463
17464
17467
17469
17478
17482
17484
17504
17517
17528
17540
17548
17551
17561
17569
17570
17607
17640
17645
17677
17679
17684
17686
17693
17694
17705
17739
17750
17751
17769
17773
17778
17809
17823
17848
17869
17872
17882
17903
17904
17924
17928
17949
17957
17958
