Group 2.txt from replicate 18
17000
17011
17016
17017
17039
17043
17047
17057
17060
17070
17078
17083
17099
17103
17112
17116
17131
17139
17141
17164
17168
17173
17179
17181
17184
17200
17202
17204
17208
17213
17225
17227
17253
17260
17266
17270
17271
17289
17297
17299
17313
17317
17330
17333
17349
17350
17352
17378
17388
17397
17400
17404
17422
17433
17442
17443
17446
17474
17497
17502
17524
17530
17535
17572
17573
17579
17580
17581
17585
17597
17633
17639
17641
17662
17674
17680
17697
17702
17707
17711
17713
17714
17717
17733
17745
17757
17759
17762
17793
17798
17819
17822
17828
17835
17851
17878
17883
17889
17891
17893
17897
17905
17909
17936
17964
17967
17970
17989
