Group 7.txt from replicate 19
18003
18015
18025
18039
18043
18054
18059
18098
18100
18101
18115
18120
18138
18142
18181
18221
18235
18245
18251
18254
18284
18309
18359
18388
18392
18438
18442
18446
18452
18472
18479
18500
18508
18521
18523
18526
18553
18555
18561
18563
18570
18592
18599
18614
18615
18616
18631
18637
18638
18644
18645
18654
18658
18669
18676
18697
18701
18718
18721
18752
18756
18758
18759
18761
18763
18772
18784
18790
18819
18833
18852
18862
18867
18900
18905
18912
18929
18941
18952
18974
18979
