Group 3.txt from replicate 19
18018
18026
18033
18055
18057
18073
18119
18140
18148
18157
18164
18166
18183
18190
18195
18198
18208
18212
18225
18234
18248
18259
18282
18303
18320
18321
18337
18367
18371
18393
18395
18400
18406
18419
18425
18429
18430
18447
18469
18475
18482
18484
18485
18494
18497
18505
18514
18540
18601
18610
18624
18625
18640
18656
18659
18661
18690
18728
18734
18744
18754
18770
18780
18797
18807
18809
18820
18830
18847
18850
18855
18871
18872
18877
18891
18918
18920
18923
18977
18991
