Group 1.txt from replicate 19
18003
18015
18024
18025
18031
18035
18039
18043
18045
18053
18054
18059
18087
18092
18098
18100
18101
18106
18115
18120
18133
18138
18142
18146
18165
18181
18189
18194
18207
18214
18221
18229
18230
18232
18235
18245
18251
18254
18277
18278
18284
18304
18305
18309
18316
18322
18333
18335
18342
18346
18359
18366
18372
18382
18384
18387
18388
18392
18396
18401
18404
18405
18408
18417
18428
18433
18438
18439
18442
18446
18452
18454
18461
18464
18470
18472
18473
18479
18499
18500
18508
18511
18513
18521
18523
18526
18545
18551
18553
18555
18557
18561
18562
18563
18570
18572
18578
18584
18592
18596
18599
18611
18614
18615
18616
18617
18629
18631
18637
18638
18644
18645
18646
18649
18654
18658
18665
18669
18674
18676
18681
18685
18697
18701
18714
18718
18721
18751
18752
18755
18756
18758
18759
18761
18762
18763
18771
18772
18775
18784
18787
18790
18800
18817
18819
18822
18823
18833
18843
18845
18852
18862
18867
18870
18881
18884
18893
18900
18905
18912
18914
18917
18926
18929
18933
18937
18941
18948
18950
18952
18955
18957
18963
18972
18974
18976
18979
18981
18992
18994
18998
