Group 0.txt from replicate 19
18004
18008
18009
18010
18013
18014
18019
18021
18023
18034
18037
18040
18044
18049
18072
18076
18078
18081
18083
18085
18088
18089
18093
18099
18102
18104
18109
18112
18113
18117
18122
18123
18124
18127
18131
18135
18137
18141
18154
18155
18163
18172
18175
18177
18180
18185
18187
18196
18197
18199
18200
18202
18203
18216
18223
18224
18226
18236
18240
18257
18258
18260
18262
18268
18270
18273
18285
18291
18295
18296
18300
18311
18323
18344
18345
18349
18354
18375
18376
18377
18380
18383
18385
18389
18407
18410
18412
18431
18445
18448
18451
18462
18463
18481
18490
18506
18520
18527
18537
18547
18554
18556
18575
18576
18591
18595
18597
18602
18604
18606
18607
18613
18618
18623
18630
18632
18643
18650
18660
18663
18667
18675
18678
18683
18688
18689
18695
18696
18699
18700
18708
18711
18716
18717
18727
18736
18740
18742
18747
18750
18767
18783
18785
18791
18798
18805
18806
18811
18824
18829
18842
18848
18849
18863
18878
18883
18889
18892
18895
18901
18902
18904
18907
18908
18916
18919
18928
18930
18932
18934
18935
18940
18946
18956
18962
18967
18968
18970
18971
18975
18978
18983
18995
