Group 16.txt from replicate 19
18018
18026
18033
18055
18057
18068
18069
18073
18074
18077
18095
18105
18110
18119
18130
18140
18144
18145
18148
18156
18157
18159
18164
18166
18178
18183
18190
18195
18198
18208
18212
18218
18225
18227
18234
18244
18247
18248
18255
18259
18264
18281
18282
18298
18301
18303
18320
18321
18336
18337
18348
18363
18365
18367
18368
18371
18373
18378
18381
18393
18395
18400
18403
18406
18409
18415
18419
18421
18425
18429
18430
18447
18469
18475
18476
18482
18484
18485
18494
18497
18505
18514
18519
18532
18540
18552
18566
18581
18594
18601
18603
18610
18620
18622
18624
18625
18626
18627
18640
18642
18653
18656
18659
18661
18677
18687
18690
18706
18728
18734
18744
18745
18754
18757
18770
18774
18780
18797
18807
18809
18814
18820
18830
18837
18840
18846
18847
18850
18855
18860
18871
18872
18877
18891
18897
18918
18920
18923
18924
18942
18953
18973
18977
18984
18988
18991
