Group 10.txt from replicate 2
1000
1008
1013
1022
1027
1029
1031
1041
1046
1052
1054
1055
1056
1058
1061
1063
1066
1068
1075
1083
1085
1094
1095
1103
1109
1117
1122
1126
1127
1133
1135
1144
1159
1162
1169
1174
1184
1196
1199
1205
1209
1216
1226
1240
1247
1249
1253
1254
1256
1258
1263
1269
1271
1289
1292
1293
1296
1330
1333
1340
1346
1352
1375
1391
1399
1409
1410
1425
1426
1428
1441
1449
1452
1454
1455
1456
1457
1461
1475
1492
1495
1498
1507
1509
1526
1528
1544
1551
1562
1564
1567
1570
1572
1581
1586
1589
1594
1599
1603
1604
1613
1614
1616
1618
1627
1634
1641
1642
1659
1663
1666
1674
1677
1680
1681
1701
1707
1710
1711
1719
1720
1745
1757
1759
1770
1784
1806
1816
1820
1821
1826
1832
1845
1846
1863
1874
1881
1882
1884
1892
1899
1904
1907
1926
1933
1936
1938
1952
1962
1975
1982
1990
