Group 13.txt from replicate 19
18003
18015
18024
18025
18027
18031
18035
18039
18043
18045
18046
18051
18053
18054
18056
18059
18061
18063
18087
18092
18096
18098
18100
18101
18106
18107
18115
18120
18128
18133
18138
18139
18142
18143
18146
18151
18152
18165
18168
18173
18176
18181
18188
18189
18194
18204
18207
18214
18221
18229
18230
18232
18235
18242
18243
18245
18251
18253
18254
18261
18266
18271
18276
18277
18278
18279
18284
18286
18294
18299
18304
18305
18309
18312
18314
18316
18322
18324
18327
18329
18330
18331
18333
18335
18342
18346
18359
18361
18362
18366
18370
18372
18382
18384
18387
18388
18392
18396
18399
18401
18404
18405
18408
18417
18428
18432
18433
18436
18438
18439
18441
18442
18446
18452
18454
18461
18464
18467
18468
18470
18471
18472
18473
18478
18479
18486
18499
18500
18501
18508
18510
18511
18512
18513
18521
18523
18526
18529
18530
18534
18541
18542
18545
18548
18551
18553
18555
18557
18558
18561
18562
18563
18570
18571
18572
18578
18584
18592
18596
18599
18611
18614
18615
18616
18617
18619
18629
18631
18635
18637
18638
18641
18644
18645
18646
18647
18649
18654
18655
18658
18665
18668
18669
18674
18676
18681
18685
18694
18697
18701
18702
18707
18709
18710
18714
18715
18718
18721
18724
18726
18729
18730
18749
18751
18752
18755
18756
18758
18759
18761
18762
18763
18771
18772
18775
18784
18787
18790
18792
18800
18817
18818
18819
18822
18823
18827
18831
18833
18843
18845
18852
18853
18856
18862
18865
18867
18870
18879
18881
18882
18884
18887
18893
18900
18905
18912
18913
18914
18917
18926
18929
18931
18933
18937
18938
18941
18945
18948
18950
18951
18952
18955
18957
18963
18972
18974
18976
18979
18981
18989
18992
18994
18998
