Group 6.txt from replicate 19
18004
18008
18009
18010
18013
18014
18023
18034
18040
18049
18076
18078
18083
18085
18088
18109
18112
18113
18117
18123
18127
18135
18137
18141
18154
18155
18163
18177
18185
18187
18196
18197
18200
18202
18203
18224
18226
18236
18240
18268
18270
18273
18291
18295
18300
18311
18376
18380
18385
18389
18445
18462
18463
18481
18490
18506
18527
18537
18554
18602
18606
18607
18613
18623
18632
18643
18650
18660
18663
18667
18675
18683
18688
18689
18700
18716
18717
18727
18736
18740
18747
18767
18783
18791
18811
18829
18842
18848
18863
18878
18883
18916
18919
18928
18930
18934
18935
18940
18946
18956
18967
18971
18995
