Group 14.txt from replicate 19
18004
18005
18008
18009
18010
18012
18013
18014
18019
18020
18021
18023
18029
18034
18037
18040
18044
18048
18049
18060
18064
18066
18072
18076
18078
18081
18083
18085
18088
18089
18093
18099
18102
18104
18108
18109
18112
18113
18117
18118
18122
18123
18124
18127
18131
18135
18137
18141
18154
18155
18161
18163
18170
18172
18175
18177
18180
18185
18187
18196
18197
18199
18200
18202
18203
18209
18210
18211
18216
18217
18223
18224
18226
18231
18236
18237
18240
18241
18257
18258
18260
18262
18263
18268
18269
18270
18273
18285
18291
18295
18296
18300
18302
18311
18315
18323
18326
18334
18339
18344
18345
18349
18354
18360
18375
18376
18377
18380
18383
18385
18389
18391
18402
18407
18410
18411
18412
18414
18427
18431
18445
18448
18450
18451
18462
18463
18481
18490
18496
18506
18509
18520
18522
18527
18537
18546
18547
18549
18550
18554
18556
18560
18567
18575
18576
18577
18583
18587
18589
18591
18595
18597
18600
18602
18604
18605
18606
18607
18612
18613
18618
18623
18628
18630
18632
18643
18650
18660
18663
18667
18671
18675
18678
18680
18682
18683
18688
18689
18695
18696
18699
18700
18705
18708
18711
18716
18717
18719
18720
18727
18736
18739
18740
18742
18747
18750
18753
18765
18767
18768
18773
18776
18777
18783
18785
18791
18793
18794
18795
18796
18798
18803
18805
18806
18811
18816
18821
18824
18829
18842
18848
18849
18863
18873
18878
18883
18889
18892
18895
18901
18902
18903
18904
18906
18907
18908
18916
18919
18928
18930
18932
18934
18935
18940
18946
18947
18956
18962
18967
18968
18970
18971
18975
18978
18982
18983
18987
18990
18995
