Group 15.txt from replicate 19
18001
18006
18007
18011
18016
18022
18028
18041
18042
18047
18058
18065
18071
18079
18084
18091
18097
18103
18125
18126
18129
18132
18134
18136
18149
18150
18158
18160
18162
18167
18169
18171
18174
18179
18184
18201
18205
18219
18220
18228
18246
18249
18252
18256
18267
18275
18280
18283
18290
18306
18313
18325
18328
18338
18340
18347
18355
18357
18358
18369
18374
18397
18418
18422
18424
18434
18435
18449
18453
18456
18457
18459
18460
18465
18477
18483
18489
18491
18492
18495
18498
18502
18515
18518
18525
18528
18531
18536
18538
18539
18544
18559
18564
18565
18569
18574
18582
18585
18586
18588
18590
18593
18598
18608
18609
18621
18633
18634
18648
18652
18662
18666
18670
18672
18684
18686
18691
18692
18698
18703
18704
18712
18713
18723
18725
18732
18735
18738
18743
18746
18748
18766
18769
18779
18782
18789
18804
18810
18815
18825
18826
18832
18835
18839
18844
18854
18857
18858
18861
18864
18868
18869
18880
18885
18888
18894
18896
18898
18909
18911
18943
18944
18954
18959
18960
18961
18964
18966
18985
18996
