Group 2.txt from replicate 19
18007
18016
18047
18071
18084
18091
18103
18126
18129
18132
18134
18136
18160
18171
18174
18179
18184
18201
18252
18256
18275
18283
18355
18357
18369
18374
18422
18424
18434
18435
18449
18456
18459
18460
18465
18491
18495
18498
18518
18525
18528
18536
18538
18544
18559
18564
18569
18582
18585
18588
18590
18608
18621
18633
18648
18652
18666
18670
18672
18684
18692
18698
18703
18712
18723
18732
18735
18743
18779
18804
18810
18825
18826
18835
18839
18858
18861
18880
18888
18894
18896
18898
18909
18911
18943
18944
18954
18959
18960
18964
18985
18996
