Group 7.txt from replicate 20
19004
19015
19022
19025
19027
19052
19062
19071
19079
19087
19118
19125
19130
19131
19139
19140
19183
19199
19204
19207
19219
19240
19252
19253
19263
19265
19279
19281
19288
19291
19298
19305
19306
19313
19324
19348
19356
19381
19384
19385
19386
19400
19405
19408
19419
19422
19438
19449
19452
19459
19487
19497
19503
19525
19527
19548
19563
19566
19571
19572
19575
19578
19586
19592
19602
19626
19643
19653
19668
19683
19688
19695
19708
19710
19712
19746
19748
19776
19786
19792
19805
19807
19809
19818
19894
19896
19898
19899
19903
19923
19928
19950
19955
19975
19997
