Group 3.txt from replicate 20
19006
19031
19049
19064
19074
19091
19115
19116
19120
19138
19141
19152
19153
19171
19173
19176
19197
19198
19202
19203
19210
19222
19223
19250
19258
19284
19292
19315
19318
19335
19343
19347
19354
19357
19366
19374
19378
19393
19412
19417
19418
19427
19431
19448
19450
19453
19466
19476
19480
19491
19493
19494
19511
19514
19529
19536
19537
19542
19552
19554
19561
19574
19576
19609
19629
19641
19650
19656
19662
19673
19676
19680
19684
19687
19699
19700
19706
19726
19755
19770
19795
19800
19814
19833
19834
19839
19857
19859
19860
19864
19877
19879
19880
19893
19909
19914
19945
19992
