Group 1.txt from replicate 20
19004
19005
19015
19022
19025
19027
19052
19058
19059
19062
19071
19072
19076
19079
19081
19087
19118
19125
19130
19131
19139
19140
19144
19161
19183
19187
19199
19204
19207
19218
19219
19235
19240
19252
19253
19260
19263
19265
19279
19281
19288
19291
19293
19298
19305
19306
19313
19324
19341
19348
19352
19356
19360
19370
19381
19383
19384
19385
19386
19400
19405
19408
19411
19419
19422
19438
19440
19449
19452
19459
19486
19487
19497
19499
19503
19520
19525
19527
19548
19557
19563
19566
19571
19572
19575
19578
19586
19592
19594
19602
19613
19619
19626
19631
19643
19653
19654
19668
19683
19688
19690
19695
19697
19702
19705
19707
19708
19710
19712
19720
19725
19746
19748
19756
19758
19759
19766
19776
19778
19779
19786
19792
19805
19807
19809
19813
19817
19818
19846
19848
19851
19891
19894
19895
19896
19898
19899
19900
19903
19923
19925
19926
19927
19928
19936
19949
19950
19955
19963
19975
19976
19981
19984
19988
19989
19997
