Group 0.txt from replicate 20
19002
19020
19028
19033
19039
19040
19045
19051
19054
19061
19063
19065
19078
19082
19084
19088
19094
19098
19108
19111
19121
19122
19123
19150
19157
19167
19179
19184
19185
19194
19195
19208
19215
19234
19236
19237
19239
19244
19257
19259
19264
19270
19275
19282
19285
19287
19290
19294
19297
19316
19320
19323
19325
19332
19361
19364
19369
19379
19390
19395
19402
19406
19407
19410
19414
19415
19424
19437
19443
19446
19454
19458
19460
19462
19463
19465
19473
19475
19477
19478
19481
19484
19502
19506
19517
19519
19524
19528
19544
19565
19570
19579
19596
19598
19599
19600
19604
19622
19623
19632
19635
19636
19637
19638
19640
19645
19646
19648
19657
19660
19664
19679
19686
19689
19693
19694
19696
19704
19713
19718
19719
19721
19728
19730
19743
19744
19749
19757
19761
19771
19773
19789
19794
19811
19819
19820
19822
19828
19829
19838
19841
19843
19850
19867
19870
19871
19874
19878
19882
19883
19885
19887
19890
19906
19917
19918
19919
19922
19924
19938
19939
19942
19947
19964
19971
19977
19978
19982
19983
19990
19993
