Group 15.txt from replicate 2
1008
1013
1022
1029
1031
1041
1046
1052
1054
1055
1056
1058
1063
1068
1075
1083
1094
1117
1135
1169
1174
1184
1196
1199
1209
1216
1226
1240
1247
1249
1258
1263
1269
1271
1293
1296
1340
1375
1399
1410
1425
1426
1428
1441
1452
1455
1456
1461
1475
1495
1498
1507
1509
1528
1564
1570
1572
1581
1586
1589
1594
1599
1603
1613
1614
1616
1634
1641
1642
1659
1666
1674
1677
1681
1701
1707
1710
1711
1719
1745
1757
1759
1784
1816
1820
1832
1845
1874
1881
1882
1884
1904
1907
1933
1936
1938
1962
1975
1982
1990
