Group 18.txt from replicate 20
19011
19017
19018
19032
19038
19048
19053
19067
19069
19075
19086
19089
19090
19093
19095
19099
19117
19134
19136
19137
19143
19145
19147
19149
19155
19159
19162
19163
19193
19196
19205
19206
19211
19213
19214
19216
19226
19238
19246
19256
19271
19274
19301
19302
19303
19327
19328
19329
19338
19353
19362
19373
19392
19404
19409
19416
19421
19430
19432
19433
19439
19445
19451
19456
19457
19467
19469
19492
19495
19500
19504
19505
19507
19508
19512
19513
19523
19526
19532
19533
19538
19540
19541
19543
19550
19556
19558
19581
19582
19583
19584
19587
19588
19597
19611
19614
19620
19621
19630
19639
19649
19652
19666
19669
19691
19709
19717
19731
19735
19736
19740
19750
19752
19754
19760
19769
19772
19780
19787
19788
19790
19797
19810
19815
19830
19831
19835
19837
19842
19854
19858
19862
19865
19866
19868
19884
19886
19911
19913
19915
19916
19920
19935
19943
19944
19946
19958
19959
19968
19973
19974
19986
