Group 16.txt from replicate 20
19004
19005
19013
19015
19016
19019
19021
19022
19025
19027
19030
19035
19041
19046
19047
19050
19052
19056
19057
19058
19059
19062
19071
19072
19076
19079
19081
19087
19103
19112
19118
19125
19130
19131
19139
19140
19144
19161
19175
19183
19187
19189
19192
19199
19204
19207
19217
19218
19219
19225
19228
19231
19235
19240
19245
19252
19253
19260
19261
19263
19265
19269
19279
19281
19286
19288
19291
19293
19296
19298
19305
19306
19312
19313
19322
19324
19326
19334
19341
19342
19348
19350
19351
19352
19355
19356
19359
19360
19363
19370
19371
19375
19376
19381
19382
19383
19384
19385
19386
19391
19394
19400
19405
19408
19411
19419
19422
19426
19428
19436
19438
19440
19441
19449
19452
19455
19459
19472
19486
19487
19488
19489
19497
19499
19503
19520
19525
19527
19548
19555
19557
19563
19566
19569
19571
19572
19575
19577
19578
19586
19589
19592
19594
19601
19602
19613
19619
19626
19628
19631
19643
19647
19653
19654
19663
19668
19672
19677
19682
19683
19688
19690
19695
19697
19702
19705
19707
19708
19710
19712
19715
19720
19725
19741
19745
19746
19748
19756
19758
19759
19762
19764
19766
19768
19776
19778
19779
19786
19792
19805
19806
19807
19809
19813
19817
19818
19823
19825
19832
19836
19844
19846
19848
19851
19861
19869
19872
19891
19894
19895
19896
19898
19899
19900
19901
19903
19907
19910
19923
19925
19926
19927
19928
19929
19936
19941
19948
19949
19950
19953
19954
19955
19957
19961
19962
19963
19975
19976
19979
19980
19981
19984
19988
19989
19995
19997
