Group 17.txt from replicate 20
19006
19007
19009
19031
19044
19049
19055
19064
19070
19074
19083
19091
19092
19102
19110
19115
19116
19120
19126
19133
19138
19141
19152
19153
19154
19156
19158
19171
19173
19174
19176
19177
19181
19188
19197
19198
19202
19203
19210
19212
19222
19223
19230
19250
19251
19258
19278
19284
19292
19295
19300
19307
19309
19315
19318
19319
19333
19335
19343
19347
19354
19357
19366
19372
19374
19378
19388
19393
19396
19399
19412
19417
19418
19427
19431
19444
19447
19448
19450
19453
19466
19468
19474
19476
19480
19491
19493
19494
19496
19501
19511
19514
19516
19529
19530
19535
19536
19537
19542
19546
19552
19554
19561
19562
19574
19576
19595
19608
19609
19612
19617
19629
19641
19650
19656
19661
19662
19673
19676
19680
19684
19687
19698
19699
19700
19706
19714
19726
19729
19739
19747
19755
19770
19777
19781
19783
19795
19796
19799
19800
19801
19814
19821
19833
19834
19839
19840
19857
19859
19860
19863
19864
19873
19877
19879
19880
19881
19893
19904
19909
19912
19914
19921
19930
19945
19951
19969
19992
19994
