Group 6.txt from replicate 20
19020
19028
19033
19039
19045
19063
19082
19084
19094
19098
19111
19121
19123
19157
19179
19194
19208
19215
19236
19237
19239
19244
19257
19259
19264
19270
19282
19285
19287
19290
19294
19297
19320
19332
19364
19379
19407
19415
19437
19443
19446
19454
19458
19465
19475
19477
19478
19502
19506
19517
19519
19528
19544
19565
19579
19598
19599
19600
19604
19632
19636
19637
19645
19657
19664
19679
19686
19689
19693
19694
19704
19713
19718
19719
19721
19728
19730
19743
19744
19773
19789
19811
19828
19829
19838
19843
19867
19870
19878
19885
19887
19906
19918
19939
19942
19947
19964
19978
19983
19993
