Group 15.txt from replicate 20
19000
19001
19002
19003
19010
19014
19020
19023
19028
19029
19033
19034
19037
19039
19040
19043
19045
19051
19054
19061
19063
19065
19068
19073
19078
19080
19082
19084
19085
19088
19094
19096
19098
19100
19105
19106
19108
19111
19119
19121
19122
19123
19124
19135
19150
19157
19167
19172
19178
19179
19182
19184
19185
19194
19195
19201
19208
19215
19221
19229
19233
19234
19236
19237
19239
19242
19243
19244
19257
19259
19262
19264
19267
19268
19270
19275
19282
19285
19287
19289
19290
19294
19297
19314
19316
19317
19320
19323
19325
19332
19336
19339
19358
19361
19364
19369
19377
19379
19380
19390
19395
19397
19401
19402
19406
19407
19410
19413
19414
19415
19420
19423
19424
19425
19429
19437
19443
19446
19454
19458
19460
19462
19463
19464
19465
19473
19475
19477
19478
19481
19484
19490
19502
19506
19510
19517
19518
19519
19521
19522
19524
19528
19544
19553
19564
19565
19567
19568
19570
19573
19579
19585
19596
19598
19599
19600
19604
19610
19615
19616
19622
19623
19627
19632
19635
19636
19637
19638
19640
19645
19646
19648
19651
19657
19660
19664
19665
19678
19679
19681
19685
19686
19689
19692
19693
19694
19696
19704
19711
19713
19716
19718
19719
19721
19722
19727
19728
19730
19732
19733
19734
19737
19742
19743
19744
19749
19751
19757
19761
19771
19773
19775
19785
19789
19794
19798
19811
19816
19819
19820
19822
19824
19828
19829
19838
19841
19843
19845
19849
19850
19867
19870
19871
19874
19875
19876
19878
19882
19883
19885
19887
19888
19889
19890
19892
19905
19906
19908
19917
19918
19919
19922
19924
19932
19934
19938
19939
19940
19942
19947
19956
19964
19965
19971
19972
19977
19978
19982
19983
19987
19990
19993
19998
