Group 2.txt from replicate 20
19011
19017
19018
19038
19053
19069
19075
19086
19089
19090
19095
19099
19117
19134
19143
19147
19149
19155
19159
19163
19193
19196
19205
19213
19214
19216
19238
19256
19274
19302
19328
19338
19362
19373
19404
19421
19430
19432
19433
19439
19445
19456
19457
19467
19469
19495
19500
19504
19505
19507
19508
19513
19526
19533
19540
19543
19556
19558
19581
19582
19583
19584
19587
19614
19620
19621
19630
19639
19649
19652
19669
19709
19717
19731
19735
19736
19750
19752
19754
19772
19780
19787
19788
19790
19815
19831
19842
19854
19862
19865
19868
19884
19886
19911
19913
19915
19916
19935
19943
19946
19958
19959
19968
19973
19974
19986
