Group 7.txt from replicate 21
20006
20009
20023
20041
20043
20045
20066
20074
20082
20097
20107
20117
20159
20163
20170
20176
20209
20231
20232
20254
20257
20263
20270
20275
20303
20308
20317
20318
20321
20324
20325
20332
20335
20338
20345
20360
20375
20388
20390
20429
20431
20443
20446
20451
20459
20466
20469
20470
20476
20482
20485
20492
20506
20523
20543
20552
20591
20601
20614
20622
20637
20639
20651
20657
20665
20684
20689
20692
20724
20736
20740
20763
20773
20781
20789
20806
20818
20845
20846
20863
20868
20875
20886
20888
20893
20908
20922
20933
20936
20957
20978
20985
20991
20999
