Group 7.txt from replicate 3
2000
2003
2009
2011
2017
2024
2025
2027
2036
2040
2042
2065
2085
2106
2113
2118
2119
2120
2136
2142
2152
2157
2179
2195
2210
2211
2229
2230
2232
2234
2250
2262
2264
2292
2301
2309
2313
2323
2338
2340
2354
2378
2380
2393
2394
2399
2410
2416
2428
2444
2449
2452
2454
2456
2463
2468
2472
2479
2491
2498
2499
2500
2502
2508
2511
2512
2517
2521
2528
2531
2534
2537
2539
2542
2543
2552
2558
2562
2564
2568
2574
2577
2579
2586
2604
2608
2615
2616
2621
2626
2629
2630
2638
2642
2657
2680
2681
2684
2696
2697
2698
2704
2709
2718
2722
2732
2737
2740
2742
2747
2757
2759
2764
2765
2768
2781
2783
2789
2795
2797
2823
2835
2838
2849
2850
2882
2890
2903
2908
2927
2933
2934
2938
2940
2960
2971
2973
2977
2983
2985
2987
2995
2997
