Group 19.txt from replicate 21
20006
20009
20022
20023
20024
20028
20032
20041
20043
20045
20046
20048
20052
20053
20057
20061
20065
20066
20072
20074
20075
20082
20093
20097
20106
20107
20109
20117
20122
20132
20145
20150
20153
20154
20159
20162
20163
20169
20170
20176
20181
20182
20184
20199
20200
20209
20210
20214
20220
20222
20226
20230
20231
20232
20236
20238
20240
20247
20254
20257
20258
20263
20264
20270
20272
20274
20275
20296
20302
20303
20308
20317
20318
20319
20321
20324
20325
20329
20332
20335
20338
20341
20345
20360
20361
20364
20371
20373
20375
20387
20388
20390
20414
20421
20426
20429
20431
20432
20436
20440
20443
20446
20447
20449
20451
20453
20456
20458
20459
20463
20466
20469
20470
20472
20476
20478
20482
20485
20486
20490
20492
20493
20495
20502
20505
20506
20507
20515
20523
20543
20545
20549
20552
20566
20570
20573
20575
20579
20580
20581
20591
20601
20607
20614
20616
20622
20623
20628
20631
20636
20637
20638
20639
20643
20651
20657
20661
20662
20665
20668
20669
20671
20681
20684
20689
20691
20692
20704
20707
20711
20724
20725
20730
20736
20740
20748
20753
20759
20760
20763
20772
20773
20781
20788
20789
20799
20803
20805
20806
20813
20815
20818
20822
20829
20840
20841
20842
20845
20846
20861
20862
20863
20866
20868
20875
20876
20886
20888
20893
20899
20902
20908
20922
20923
20926
20927
20932
20933
20935
20936
20948
20949
20951
20957
20963
20973
20978
20980
20984
20985
20987
20989
20991
20994
20996
20998
20999
