Group 1.txt from replicate 21
20006
20009
20023
20024
20032
20041
20043
20045
20057
20065
20066
20072
20074
20082
20097
20107
20109
20117
20145
20159
20162
20163
20170
20176
20181
20182
20199
20200
20209
20210
20214
20230
20231
20232
20240
20254
20257
20263
20264
20270
20272
20275
20303
20308
20317
20318
20321
20324
20325
20332
20335
20338
20345
20360
20361
20371
20373
20375
20388
20390
20426
20429
20431
20443
20446
20447
20451
20458
20459
20466
20469
20470
20472
20476
20482
20485
20490
20492
20493
20495
20505
20506
20507
20523
20543
20545
20552
20570
20591
20601
20614
20622
20636
20637
20639
20643
20651
20657
20662
20665
20669
20684
20689
20691
20692
20724
20725
20736
20740
20753
20759
20760
20763
20773
20781
20789
20805
20806
20818
20829
20841
20845
20846
20861
20863
20866
20868
20875
20886
20888
20893
20899
20902
20908
20922
20926
20927
20933
20936
20948
20951
20957
20978
20985
20989
20991
20999
