Group 0.txt from replicate 21
20002
20004
20011
20017
20018
20019
20031
20036
20047
20055
20060
20062
20079
20081
20086
20087
20092
20096
20099
20101
20104
20108
20116
20124
20129
20135
20136
20141
20146
20152
20156
20157
20160
20179
20180
20188
20192
20193
20195
20212
20217
20219
20221
20224
20235
20237
20245
20246
20253
20261
20267
20268
20276
20280
20286
20287
20291
20292
20295
20305
20306
20310
20330
20331
20344
20347
20353
20357
20359
20365
20377
20380
20383
20386
20396
20397
20399
20401
20403
20406
20409
20410
20423
20424
20427
20434
20441
20465
20480
20496
20509
20518
20520
20524
20533
20536
20542
20547
20556
20561
20565
20569
20577
20594
20598
20600
20602
20615
20618
20645
20647
20663
20672
20674
20677
20683
20690
20693
20695
20699
20712
20718
20729
20739
20750
20755
20756
20762
20767
20769
20770
20782
20786
20794
20797
20798
20804
20809
20828
20848
20852
20879
20884
20897
20901
20907
20924
20929
20939
20940
20952
20958
20960
20967
20970
20977
20979
20986
20992
