Group 18.txt from replicate 21
20002
20004
20011
20017
20018
20019
20030
20031
20034
20035
20036
20047
20050
20054
20055
20058
20059
20060
20062
20071
20079
20081
20086
20087
20092
20096
20098
20099
20101
20103
20104
20105
20108
20112
20114
20116
20124
20125
20129
20131
20133
20135
20136
20140
20141
20142
20146
20151
20152
20156
20157
20160
20165
20166
20167
20171
20178
20179
20180
20187
20188
20192
20193
20195
20197
20198
20203
20211
20212
20215
20217
20218
20219
20221
20224
20225
20227
20235
20237
20245
20246
20253
20261
20267
20268
20273
20276
20279
20280
20285
20286
20287
20291
20292
20293
20294
20295
20298
20301
20305
20306
20309
20310
20312
20316
20330
20331
20336
20337
20339
20343
20344
20346
20347
20352
20353
20357
20359
20363
20365
20377
20380
20383
20386
20391
20396
20397
20399
20401
20403
20406
20409
20410
20423
20424
20427
20433
20434
20441
20442
20445
20448
20455
20464
20465
20475
20480
20489
20496
20499
20504
20509
20513
20518
20520
20524
20527
20528
20529
20533
20535
20536
20542
20547
20548
20556
20559
20560
20561
20565
20569
20577
20594
20598
20599
20600
20602
20610
20613
20615
20617
20618
20621
20626
20630
20633
20645
20647
20650
20663
20664
20672
20674
20677
20679
20680
20683
20686
20690
20693
20695
20699
20705
20712
20715
20716
20718
20727
20729
20739
20750
20755
20756
20761
20762
20765
20766
20767
20769
20770
20776
20777
20779
20782
20786
20790
20791
20794
20796
20797
20798
20800
20804
20809
20814
20823
20828
20847
20848
20850
20852
20855
20870
20872
20879
20880
20884
20891
20894
20897
20901
20903
20907
20917
20924
20928
20929
20930
20938
20939
20940
20942
20947
20950
20952
20958
20960
20967
20970
20977
20979
20982
20986
20992
