Group 20.txt from replicate 21
20000
20008
20010
20012
20013
20020
20021
20039
20044
20049
20070
20080
20084
20089
20094
20110
20118
20119
20120
20123
20126
20127
20128
20138
20143
20144
20148
20155
20158
20173
20174
20177
20183
20186
20191
20196
20201
20205
20207
20208
20213
20216
20244
20248
20249
20250
20252
20255
20265
20278
20283
20284
20297
20299
20314
20323
20328
20348
20351
20354
20355
20366
20368
20369
20374
20376
20379
20382
20385
20389
20393
20398
20400
20402
20404
20407
20415
20422
20428
20437
20438
20444
20454
20467
20473
20474
20481
20487
20488
20491
20503
20510
20512
20514
20517
20526
20531
20537
20539
20546
20553
20576
20578
20583
20587
20596
20605
20606
20611
20624
20625
20629
20640
20644
20648
20654
20656
20659
20673
20675
20676
20685
20694
20696
20700
20701
20706
20710
20714
20720
20721
20726
20728
20733
20735
20737
20738
20742
20744
20746
20747
20751
20764
20774
20780
20792
20795
20801
20802
20817
20819
20824
20825
20831
20833
20835
20836
20837
20838
20854
20858
20859
20860
20865
20873
20877
20878
20887
20895
20904
20905
20909
20911
20913
20916
20918
20925
20943
20945
20954
20955
20959
20961
20968
20975
20981
20988
20993
