Group 6.txt from replicate 21
20004
20011
20017
20018
20019
20031
20036
20047
20060
20062
20079
20081
20086
20099
20101
20104
20136
20141
20146
20152
20157
20160
20179
20180
20188
20192
20195
20212
20219
20221
20224
20245
20246
20261
20267
20286
20291
20292
20295
20305
20306
20330
20331
20344
20365
20377
20380
20386
20396
20397
20399
20401
20403
20406
20409
20410
20423
20424
20434
20465
20496
20509
20518
20520
20524
20533
20547
20565
20577
20594
20598
20600
20602
20615
20618
20645
20647
20672
20674
20677
20693
20699
20712
20718
20729
20739
20750
20756
20762
20767
20769
20797
20798
20804
20809
20828
20848
20852
20907
20940
20958
20960
20970
20977
20979
20986
