Group 21.txt from replicate 21
20005
20007
20015
20025
20026
20029
20037
20040
20056
20063
20064
20067
20068
20073
20076
20077
20085
20088
20091
20095
20113
20130
20137
20139
20149
20161
20168
20189
20190
20202
20223
20228
20233
20239
20256
20260
20262
20277
20288
20300
20304
20311
20322
20326
20333
20334
20358
20367
20378
20381
20384
20395
20405
20408
20411
20412
20418
20425
20430
20452
20460
20462
20468
20477
20484
20501
20511
20516
20521
20525
20532
20534
20538
20541
20550
20551
20554
20555
20563
20564
20568
20572
20574
20584
20586
20588
20590
20593
20597
20608
20612
20619
20627
20634
20641
20646
20653
20655
20658
20670
20697
20698
20702
20703
20713
20717
20722
20723
20732
20734
20741
20757
20771
20778
20785
20787
20793
20807
20810
20811
20816
20826
20827
20830
20832
20834
20839
20856
20864
20867
20874
20881
20883
20910
20915
20931
20934
20937
20941
20944
20946
20964
20966
20976
20983
