Group 3.txt from replicate 3
2019
2021
2031
2034
2037
2059
2060
2067
2070
2074
2082
2095
2102
2111
2112
2135
2144
2166
2168
2169
2171
2178
2191
2205
2207
2209
2223
2246
2249
2266
2274
2276
2290
2293
2302
2336
2350
2351
2352
2353
2355
2362
2369
2382
2385
2405
2407
2418
2439
2448
2453
2458
2469
2495
2514
2551
2554
2559
2560
2561
2573
2580
2587
2589
2603
2606
2637
2640
2643
2646
2673
2677
2706
2711
2716
2736
2762
2770
2787
2792
2796
2801
2804
2808
2811
2826
2833
2841
2851
2864
2874
2886
2899
2919
2924
2929
2949
2964
2978
2989
