Group 2.txt from replicate 21
20008
20010
20012
20013
20020
20039
20044
20094
20118
20120
20123
20126
20127
20128
20155
20158
20183
20186
20191
20201
20205
20208
20244
20249
20252
20255
20283
20348
20351
20354
20355
20366
20369
20376
20379
20382
20389
20393
20398
20400
20404
20407
20428
20437
20438
20454
20467
20488
20491
20503
20514
20517
20526
20546
20576
20587
20596
20605
20611
20648
20656
20659
20673
20675
20700
20701
20710
20728
20746
20795
20801
20817
20819
20831
20835
20854
20859
20860
20865
20873
20877
20895
20905
20911
20943
20955
20961
20981
20988
