Group 3.txt from replicate 22
21000
21007
21013
21023
21025
21033
21034
21039
21043
21078
21087
21116
21118
21124
21130
21140
21158
21167
21170
21176
21177
21183
21210
21217
21233
21238
21269
21272
21297
21303
21306
21311
21333
21334
21341
21353
21356
21359
21377
21403
21417
21425
21426
21431
21434
21441
21457
21464
21467
21481
21487
21496
21515
21545
21552
21554
21565
21576
21594
21596
21603
21610
21619
21622
21628
21629
21632
21640
21643
21648
21656
21664
21670
21672
21703
21705
21719
21728
21729
21776
21779
21788
21821
21827
21834
21839
21842
21844
21856
21861
21874
21879
21888
21911
21926
21927
21932
21939
21941
21942
21946
21948
21949
21956
21957
21958
21972
21984
21988
21993
