Group 29.txt from replicate 22
21000
21003
21007
21013
21014
21023
21025
21028
21031
21033
21034
21039
21043
21045
21064
21078
21087
21096
21102
21114
21116
21118
21124
21129
21130
21140
21148
21153
21158
21167
21170
21176
21177
21183
21210
21217
21233
21238
21269
21272
21297
21303
21306
21311
21313
21317
21333
21334
21338
21341
21343
21348
21349
21352
21353
21356
21359
21366
21377
21390
21403
21406
21413
21417
21425
21426
21431
21434
21436
21441
21443
21445
21454
21457
21464
21467
21481
21484
21487
21490
21496
21501
21503
21515
21523
21545
21549
21552
21554
21561
21565
21576
21594
21596
21603
21610
21619
21622
21627
21628
21629
21632
21640
21643
21647
21648
21656
21664
21670
21672
21703
21705
21709
21718
21719
21728
21729
21776
21779
21788
21804
21808
21821
21822
21827
21834
21839
21842
21844
21851
21855
21856
21861
21866
21874
21879
21888
21894
21911
21917
21926
21927
21932
21939
21941
21942
21946
21948
21949
21955
21956
21957
21958
21961
21965
21971
21972
21984
21988
21993
21998
