Group 28.txt from replicate 22
21009
21012
21017
21018
21020
21022
21036
21041
21046
21048
21050
21058
21060
21067
21073
21088
21092
21100
21103
21127
21133
21135
21141
21146
21162
21164
21174
21181
21184
21190
21194
21202
21213
21215
21216
21219
21225
21228
21230
21234
21237
21240
21242
21250
21252
21257
21261
21262
21263
21266
21273
21275
21285
21290
21292
21296
21300
21301
21302
21335
21342
21350
21354
21357
21358
21360
21367
21370
21371
21385
21388
21389
21408
21409
21410
21418
21421
21435
21439
21440
21447
21448
21456
21461
21465
21477
21478
21480
21482
21492
21504
21506
21509
21512
21521
21527
21529
21530
21535
21537
21539
21542
21544
21546
21550
21551
21558
21575
21578
21581
21597
21598
21599
21602
21607
21616
21620
21624
21635
21636
21639
21641
21654
21660
21665
21669
21674
21682
21683
21693
21697
21702
21704
21708
21711
21716
21717
21732
21734
21750
21767
21773
21777
21780
21791
21795
21799
21809
21823
21824
21828
21831
21835
21837
21840
21841
21843
21849
21873
21876
21880
21881
21893
21895
21897
21898
21900
21905
21910
21916
21919
21934
21937
21954
21968
21977
21979
21986
21992
