Group 26.txt from replicate 22
21001
21002
21004
21021
21026
21027
21029
21030
21035
21042
21044
21056
21059
21061
21063
21065
21066
21069
21071
21079
21080
21084
21085
21089
21093
21099
21104
21105
21106
21111
21113
21115
21119
21122
21128
21132
21134
21136
21137
21139
21142
21143
21149
21150
21151
21152
21156
21157
21160
21163
21166
21169
21171
21172
21180
21187
21191
21193
21196
21201
21207
21208
21211
21212
21221
21227
21231
21236
21249
21253
21255
21258
21259
21260
21264
21268
21274
21276
21278
21280
21282
21286
21291
21293
21294
21295
21304
21305
21312
21316
21318
21320
21326
21329
21330
21337
21345
21346
21351
21361
21362
21369
21373
21375
21378
21379
21384
21386
21387
21391
21392
21395
21398
21400
21405
21407
21412
21414
21419
21420
21422
21423
21428
21432
21438
21446
21450
21451
21453
21458
21469
21472
21473
21474
21476
21486
21489
21494
21495
21497
21499
21507
21510
21513
21520
21525
21531
21532
21543
21548
21553
21557
21559
21563
21564
21567
21569
21572
21577
21579
21582
21583
21584
21586
21587
21589
21591
21592
21593
21601
21604
21605
21611
21613
21618
21621
21630
21633
21637
21638
21642
21644
21645
21653
21655
21659
21667
21675
21676
21680
21681
21684
21687
21694
21695
21700
21706
21710
21713
21714
21720
21722
21723
21724
21725
21730
21736
21738
21745
21749
21751
21754
21755
21761
21762
21763
21769
21771
21783
21790
21792
21793
21794
21796
21798
21800
21805
21810
21811
21817
21825
21829
21830
21850
21852
21853
21860
21864
21865
21867
21872
21875
21882
21884
21887
21890
21899
21901
21902
21903
21906
21908
21914
21915
21918
21922
21924
21925
21936
21951
21952
21964
21975
21976
21982
21991
21994
21999
