Group 0.txt from replicate 22
21002
21021
21026
21027
21030
21035
21056
21059
21061
21065
21066
21069
21071
21079
21080
21084
21085
21089
21093
21105
21111
21113
21115
21119
21122
21132
21134
21137
21139
21142
21143
21150
21152
21156
21157
21163
21166
21169
21171
21180
21187
21191
21193
21196
21201
21207
21208
21211
21212
21227
21249
21253
21258
21259
21264
21274
21276
21280
21282
21286
21291
21294
21295
21304
21305
21312
21316
21318
21320
21326
21329
21330
21337
21345
21346
21351
21361
21362
21369
21373
21375
21379
21384
21386
21387
21391
21392
21398
21400
21419
21420
21422
21423
21428
21432
21438
21446
21450
21451
21453
21458
21469
21472
21473
21474
21486
21497
21499
21513
21520
21525
21532
21543
21553
21557
21559
21563
21564
21567
21569
21572
21577
21579
21584
21586
21587
21591
21592
21593
21604
21605
21611
21613
21618
21621
21633
21638
21642
21644
21645
21653
21655
21659
21675
21676
21680
21681
21684
21687
21694
21695
21700
21706
21710
21713
21720
21722
21724
21725
21730
21749
21754
21755
21761
21762
21763
21771
21783
21792
21793
21794
21798
21800
21805
21810
21811
21829
21830
21850
21852
21853
21860
21864
21865
21867
21872
21882
21884
21890
21901
21902
21908
21914
21915
21918
21922
21924
21936
21951
21952
21964
21975
21982
21994
21999
