Group 27.txt from replicate 22
21005
21006
21008
21011
21015
21016
21019
21024
21038
21047
21049
21051
21052
21057
21068
21070
21072
21074
21075
21090
21091
21094
21097
21098
21101
21107
21108
21110
21120
21123
21131
21138
21144
21147
21154
21159
21161
21165
21168
21173
21186
21195
21199
21200
21203
21204
21205
21220
21224
21232
21239
21244
21245
21246
21248
21251
21254
21265
21267
21270
21277
21279
21281
21283
21284
21287
21288
21289
21298
21308
21314
21319
21321
21323
21325
21327
21328
21331
21332
21340
21344
21347
21355
21363
21368
21381
21383
21393
21399
21404
21424
21429
21433
21437
21444
21449
21452
21455
21459
21468
21470
21471
21475
21483
21485
21491
21502
21505
21511
21514
21516
21517
21518
21519
21524
21528
21534
21536
21541
21555
21556
21560
21562
21566
21568
21571
21574
21585
21595
21600
21606
21608
21615
21617
21623
21625
21631
21646
21650
21651
21652
21658
21661
21663
21666
21671
21673
21677
21678
21685
21692
21696
21698
21699
21707
21712
21726
21727
21731
21737
21739
21740
21743
21744
21752
21756
21757
21758
21760
21766
21772
21778
21781
21784
21785
21797
21801
21803
21806
21812
21814
21815
21816
21818
21819
21820
21826
21832
21833
21836
21847
21848
21857
21858
21863
21868
21869
21870
21878
21886
21889
21891
21892
21904
21907
21909
21920
21921
21923
21928
21929
21930
21931
21933
21940
21944
21947
21960
21962
21966
21967
21978
21980
21983
21985
21987
21990
21995
21997
