Group 21.txt from replicate 22
21002
21026
21027
21056
21059
21061
21066
21069
21071
21080
21084
21089
21093
21111
21113
21115
21134
21139
21142
21156
21163
21166
21169
21171
21180
21207
21208
21211
21227
21249
21253
21276
21282
21286
21291
21312
21316
21326
21329
21330
21345
21346
21361
21369
21379
21387
21391
21392
21422
21432
21451
21469
21472
21473
21486
21497
21513
21520
21525
21532
21559
21564
21579
21586
21592
21593
21604
21605
21638
21642
21645
21655
21676
21680
21681
21687
21706
21713
21720
21722
21749
21754
21761
21800
21805
21829
21850
21860
21865
21882
21890
21922
21936
21964
21975
21994
