Group 11.txt from replicate 22
21005
21006
21011
21016
21019
21024
21038
21047
21052
21057
21072
21090
21094
21098
21108
21110
21120
21138
21147
21154
21159
21161
21186
21204
21224
21239
21246
21248
21251
21254
21265
21267
21270
21277
21287
21298
21308
21321
21325
21327
21328
21331
21340
21344
21381
21383
21424
21429
21433
21437
21449
21452
21470
21483
21485
21491
21511
21518
21534
21536
21541
21555
21571
21606
21608
21615
21658
21661
21671
21678
21685
21692
21696
21698
21699
21727
21739
21744
21752
21756
21757
21760
21772
21801
21815
21818
21819
21826
21836
21848
21858
21869
21870
21886
21889
21909
21921
21929
21930
21931
21933
21940
21967
21987
21990
21995
21997
