Group 8.txt from replicate 3
2004
2006
2023
2028
2049
2063
2068
2073
2075
2079
2097
2104
2116
2125
2141
2145
2151
2156
2159
2160
2167
2175
2186
2190
2193
2202
2204
2208
2212
2224
2233
2257
2263
2268
2271
2278
2282
2285
2291
2297
2298
2305
2306
2318
2334
2348
2365
2387
2388
2389
2395
2403
2419
2420
2429
2435
2446
2447
2462
2464
2466
2467
2487
2501
2509
2527
2529
2530
2545
2547
2565
2570
2578
2592
2601
2602
2628
2631
2644
2647
2655
2656
2658
2663
2669
2675
2685
2689
2692
2708
2723
2726
2727
2735
2745
2761
2767
2769
2773
2776
2803
2806
2809
2812
2814
2820
2822
2829
2831
2832
2840
2854
2857
2859
2863
2865
2867
2869
2871
2875
2877
2893
2894
2897
2900
2906
2913
2915
2928
2930
2942
2946
2950
2954
2959
2963
2965
2972
2975
2980
2982
