Group 2.txt from replicate 22
21009
21012
21017
21018
21022
21036
21046
21058
21067
21073
21088
21100
21127
21133
21141
21146
21162
21164
21184
21190
21194
21202
21213
21215
21216
21228
21230
21237
21240
21242
21250
21252
21257
21261
21262
21263
21266
21290
21300
21335
21342
21350
21354
21357
21358
21367
21371
21385
21388
21408
21410
21418
21435
21439
21440
21447
21456
21465
21477
21482
21492
21506
21512
21527
21530
21539
21542
21544
21546
21550
21551
21558
21575
21578
21581
21597
21598
21599
21602
21607
21616
21620
21639
21641
21654
21660
21665
21669
21674
21682
21683
21693
21708
21717
21734
21750
21767
21777
21791
21795
21799
21809
21823
21831
21835
21837
21843
21873
21876
21881
21893
21895
21897
21898
21900
21905
21919
21934
21954
21977
21979
21986
21992
