Group 7.txt from replicate 23
22016
22029
22040
22042
22053
22058
22077
22093
22098
22103
22104
22113
22116
22154
22161
22168
22181
22202
22215
22216
22219
22227
22234
22235
22238
22243
22248
22252
22258
22268
22274
22280
22281
22290
22293
22312
22350
22352
22379
22389
22402
22420
22430
22433
22436
22447
22448
22449
22455
22467
22468
22469
22476
22478
22491
22511
22516
22517
22526
22527
22530
22532
22535
22540
22545
22547
22552
22566
22596
22598
22616
22624
22629
22640
22673
22676
22695
22696
22701
22714
22716
22725
22732
22737
22741
22747
22767
22768
22771
22784
22801
22809
22815
22832
22835
22842
22847
22863
22870
22875
22896
22907
22917
22927
22929
22933
22956
22961
22962
22973
22978
22980
22981
22993
22999
