Group 3.txt from replicate 23
22009
22025
22028
22049
22059
22062
22074
22081
22100
22121
22133
22143
22144
22159
22165
22203
22211
22225
22236
22250
22255
22263
22267
22271
22275
22277
22287
22291
22303
22306
22307
22316
22317
22321
22325
22336
22340
22341
22372
22377
22382
22387
22408
22411
22434
22454
22490
22501
22514
22515
22531
22541
22560
22569
22580
22581
22584
22588
22599
22608
22619
22626
22638
22650
22667
22679
22681
22686
22687
22691
22694
22699
22703
22704
22709
22711
22717
22722
22736
22740
22746
22751
22752
22774
22828
22833
22845
22846
22854
22855
22874
22876
22879
22889
22905
22923
22926
22928
22943
22944
22945
22953
22958
22959
22965
22983
22984
22986
