Group 1.txt from replicate 23
22016
22020
22029
22031
22040
22042
22045
22053
22058
22071
22076
22077
22093
22094
22098
22103
22104
22108
22113
22116
22120
22123
22130
22154
22158
22161
22163
22166
22168
22181
22189
22196
22202
22205
22206
22210
22215
22216
22219
22226
22227
22234
22235
22238
22240
22242
22243
22248
22252
22258
22268
22274
22280
22281
22289
22290
22293
22299
22302
22312
22329
22339
22350
22352
22379
22380
22389
22401
22402
22418
22420
22425
22427
22428
22430
22433
22436
22438
22440
22447
22448
22449
22455
22467
22468
22469
22473
22476
22478
22489
22491
22511
22516
22517
22520
22526
22527
22530
22532
22535
22538
22540
22545
22547
22552
22554
22557
22566
22585
22592
22595
22596
22598
22601
22616
22624
22627
22629
22631
22640
22641
22657
22673
22675
22676
22682
22695
22696
22700
22701
22712
22714
22716
22725
22732
22737
22741
22747
22750
22754
22764
22767
22768
22770
22771
22773
22784
22800
22801
22803
22809
22815
22823
22829
22832
22835
22840
22842
22844
22847
22849
22860
22863
22868
22870
22872
22875
22878
22880
22896
22902
22907
22917
22921
22927
22929
22932
22933
22934
22942
22954
22956
22961
22962
22970
22973
22978
22980
22981
22982
22992
22993
22998
22999
