Group 0.txt from replicate 23
22001
22006
22008
22017
22019
22022
22024
22038
22044
22048
22050
22051
22052
22054
22057
22064
22075
22078
22079
22085
22087
22089
22090
22097
22099
22106
22111
22118
22124
22125
22126
22128
22139
22140
22141
22146
22162
22164
22172
22178
22185
22186
22187
22192
22200
22201
22207
22208
22209
22217
22222
22223
22224
22228
22229
22241
22254
22257
22261
22262
22264
22270
22276
22278
22288
22295
22297
22298
22305
22318
22320
22322
22323
22327
22328
22330
22334
22338
22342
22346
22348
22349
22351
22355
22357
22371
22376
22383
22392
22394
22395
22396
22405
22406
22410
22412
22416
22423
22424
22426
22437
22450
22452
22456
22459
22462
22463
22464
22466
22470
22471
22474
22479
22480
22482
22493
22494
22497
22499
22500
22504
22513
22519
22521
22522
22533
22536
22543
22548
22558
22561
22563
22586
22590
22591
22605
22609
22613
22618
22623
22628
22630
22633
22636
22637
22643
22651
22652
22655
22662
22663
22664
22670
22680
22685
22689
22697
22705
22715
22720
22726
22727
22728
22731
22735
22742
22743
22769
22777
22778
22779
22783
22785
22789
22791
22793
22794
22798
22802
22804
22811
22814
22819
22821
22824
22838
22843
22850
22867
22873
22883
22885
22886
22892
22894
22897
22900
22901
22903
22904
22909
22911
22916
22922
22924
22936
22937
22946
22948
22949
22951
22955
22960
22971
22977
22985
22991
22994
22995
