Group 22.txt from replicate 23
22016
22020
22029
22031
22036
22040
22042
22045
22046
22053
22058
22066
22071
22073
22076
22077
22093
22094
22098
22103
22104
22108
22113
22116
22120
22123
22130
22134
22135
22149
22154
22158
22161
22163
22166
22168
22181
22189
22191
22196
22202
22205
22206
22210
22214
22215
22216
22219
22221
22226
22227
22234
22235
22237
22238
22240
22242
22243
22248
22252
22258
22268
22269
22274
22280
22281
22289
22290
22293
22296
22299
22302
22312
22314
22326
22329
22339
22350
22352
22361
22369
22379
22380
22389
22393
22398
22399
22401
22402
22418
22420
22425
22427
22428
22430
22432
22433
22436
22438
22440
22447
22448
22449
22455
22467
22468
22469
22473
22476
22478
22483
22489
22491
22511
22516
22517
22520
22524
22526
22527
22530
22532
22535
22538
22540
22545
22547
22552
22554
22557
22566
22585
22589
22592
22595
22596
22598
22601
22614
22616
22624
22627
22629
22631
22640
22641
22649
22657
22673
22675
22676
22682
22688
22692
22695
22696
22700
22701
22702
22712
22714
22716
22725
22730
22732
22734
22737
22738
22741
22747
22750
22754
22764
22767
22768
22770
22771
22773
22784
22796
22799
22800
22801
22803
22807
22809
22810
22815
22817
22823
22825
22829
22832
22835
22840
22842
22844
22847
22849
22860
22863
22865
22868
22870
22872
22875
22878
22880
22891
22896
22902
22907
22913
22915
22917
22921
22927
22929
22930
22932
22933
22934
22941
22942
22954
22956
22957
22961
22962
22966
22970
22973
22978
22980
22981
22982
22992
22993
22998
22999
