Group 17.txt from replicate 23
22019
22022
22024
22038
22048
22051
22052
22064
22078
22089
22090
22099
22126
22140
22141
22146
22192
22200
22201
22217
22223
22224
22228
22264
22270
22276
22278
22305
22318
22323
22327
22328
22330
22334
22338
22342
22348
22349
22351
22376
22423
22437
22452
22456
22463
22466
22479
22480
22500
22513
22519
22522
22536
22543
22548
22561
22563
22586
22591
22605
22609
22613
22618
22623
22628
22633
22636
22663
22689
22715
22728
22743
22778
22804
22824
22867
22873
22883
22885
22886
22892
22901
22903
22904
22911
22916
22924
22937
22955
22971
22985
22991
22994
