Group 21.txt from replicate 23
22001
22003
22004
22006
22008
22013
22017
22019
22022
22024
22032
22033
22038
22044
22048
22050
22051
22052
22054
22055
22057
22060
22063
22064
22068
22069
22075
22078
22079
22085
22086
22087
22089
22090
22095
22097
22099
22106
22111
22115
22118
22124
22125
22126
22128
22129
22139
22140
22141
22142
22146
22151
22152
22162
22164
22167
22169
22170
22172
22178
22183
22184
22185
22186
22187
22192
22193
22200
22201
22207
22208
22209
22217
22222
22223
22224
22228
22229
22230
22241
22244
22251
22254
22256
22257
22261
22262
22264
22265
22270
22272
22276
22278
22282
22284
22288
22295
22297
22298
22304
22305
22318
22320
22322
22323
22327
22328
22330
22332
22334
22337
22338
22342
22344
22346
22348
22349
22351
22355
22357
22368
22371
22374
22376
22383
22386
22392
22394
22395
22396
22404
22405
22406
22407
22410
22412
22416
22423
22424
22426
22437
22444
22450
22452
22456
22459
22462
22463
22464
22465
22466
22470
22471
22474
22479
22480
22482
22487
22488
22493
22494
22495
22497
22499
22500
22504
22508
22513
22519
22521
22522
22533
22536
22543
22548
22550
22558
22561
22563
22565
22570
22578
22586
22590
22591
22603
22604
22605
22609
22613
22615
22618
22623
22628
22630
22633
22636
22637
22643
22644
22647
22651
22652
22653
22655
22662
22663
22664
22666
22668
22670
22680
22684
22685
22689
22697
22705
22708
22715
22720
22726
22727
22728
22731
22733
22735
22742
22743
22753
22761
22769
22772
22777
22778
22779
22780
22781
22783
22785
22789
22791
22792
22793
22794
22795
22798
22802
22804
22811
22814
22819
22821
22824
22834
22838
22843
22850
22858
22867
22869
22873
22883
22884
22885
22886
22892
22894
22897
22899
22900
22901
22903
22904
22909
22911
22912
22916
22920
22922
22924
22936
22937
22946
22948
22949
22951
22955
22960
22964
22971
22977
22985
22991
22994
22995
22996
