Group 23.txt from replicate 23
22000
22002
22007
22014
22018
22021
22023
22027
22030
22035
22037
22039
22041
22043
22047
22056
22080
22082
22083
22084
22088
22091
22096
22102
22114
22117
22122
22127
22145
22148
22150
22153
22156
22171
22173
22175
22176
22182
22190
22194
22195
22197
22199
22204
22212
22213
22220
22232
22233
22239
22249
22253
22259
22273
22279
22285
22286
22292
22301
22309
22311
22319
22324
22333
22335
22343
22347
22362
22366
22367
22381
22384
22388
22391
22413
22414
22417
22419
22422
22431
22435
22442
22443
22451
22457
22458
22472
22475
22484
22485
22492
22496
22498
22502
22505
22509
22518
22528
22529
22534
22537
22549
22555
22556
22564
22568
22571
22574
22575
22577
22583
22594
22597
22600
22606
22610
22617
22622
22625
22632
22635
22642
22645
22654
22660
22661
22669
22671
22677
22678
22683
22713
22719
22729
22744
22749
22755
22756
22759
22762
22775
22776
22805
22812
22816
22818
22822
22826
22830
22837
22839
22841
22848
22851
22852
22853
22861
22862
22864
22877
22881
22882
22887
22890
22895
22906
22914
22918
22925
22931
22935
22938
22947
22950
22952
22969
22974
22975
22976
22987
22988
22989
22990
