Group 11.txt from replicate 23
22001
22008
22044
22050
22054
22057
22079
22097
22106
22124
22139
22162
22164
22172
22178
22185
22186
22207
22208
22209
22222
22241
22257
22261
22298
22320
22346
22355
22357
22383
22392
22394
22395
22396
22405
22406
22412
22426
22450
22459
22462
22464
22470
22471
22474
22482
22493
22494
22497
22504
22521
22533
22558
22590
22630
22655
22662
22664
22670
22697
22705
22720
22726
22731
22742
22777
22779
22783
22789
22793
22802
22811
22814
22819
22838
22843
22850
22894
22897
22909
22936
22946
22948
22949
22951
22960
22977
22995
