Group 12.txt from replicate 23
22020
22031
22045
22071
22076
22094
22108
22120
22123
22130
22158
22163
22166
22189
22196
22205
22206
22210
22226
22240
22242
22289
22299
22302
22329
22339
22380
22401
22418
22425
22427
22428
22438
22440
22473
22489
22520
22538
22554
22557
22585
22592
22595
22601
22627
22631
22641
22657
22675
22682
22700
22712
22750
22754
22764
22770
22773
22800
22803
22823
22829
22840
22844
22849
22860
22868
22872
22878
22880
22902
22921
22932
22934
22942
22954
22970
22982
22992
22998
