Group 2.txt from replicate 23
22000
22007
22018
22021
22023
22027
22037
22039
22041
22043
22047
22080
22082
22083
22084
22088
22091
22096
22102
22114
22117
22145
22148
22150
22153
22173
22175
22176
22194
22197
22204
22212
22213
22220
22232
22249
22259
22273
22279
22285
22286
22292
22311
22324
22343
22367
22381
22384
22388
22414
22417
22431
22435
22442
22443
22458
22485
22492
22496
22498
22502
22505
22509
22518
22528
22529
22534
22537
22549
22555
22564
22568
22575
22583
22594
22597
22600
22606
22610
22617
22625
22632
22660
22669
22678
22683
22719
22729
22749
22755
22759
22762
22775
22776
22805
22812
22818
22822
22837
22839
22841
22848
22851
22852
22853
22861
22862
22864
22882
22887
22895
22918
22935
22938
22947
22950
22952
22974
22975
22987
22988
22989
