Group 7.txt from replicate 24
23002
23017
23022
23036
23046
23062
23085
23101
23107
23128
23131
23141
23151
23173
23175
23179
23191
23199
23202
23209
23214
23229
23230
23249
23257
23306
23318
23322
23351
23364
23369
23381
23392
23406
23411
23451
23463
23474
23480
23483
23486
23489
23500
23501
23520
23544
23551
23570
23574
23584
23597
23611
23614
23620
23621
23631
23633
23642
23645
23682
23688
23695
23701
23709
23712
23723
23775
23781
23787
23793
23827
23833
23839
23845
23849
23850
23857
23858
23876
23877
23906
23915
23929
23939
23943
23967
23969
23977
23998
