Group 3.txt from replicate 24
23000
23001
23004
23023
23033
23041
23056
23063
23089
23092
23094
23098
23109
23114
23117
23120
23149
23153
23156
23160
23162
23164
23167
23169
23197
23210
23211
23212
23213
23222
23237
23246
23253
23277
23282
23287
23309
23310
23317
23328
23329
23332
23333
23334
23363
23367
23370
23371
23380
23382
23393
23394
23400
23401
23408
23412
23417
23424
23427
23432
23434
23442
23470
23494
23498
23508
23513
23546
23560
23580
23588
23595
23617
23618
23639
23648
23656
23658
23690
23700
23707
23710
23713
23714
23716
23717
23729
23738
23764
23795
23807
23809
23829
23843
23847
23853
23855
23861
23869
23873
23880
23887
23889
23917
23921
23928
23954
23997
