Group 1.txt from replicate 24
23002
23005
23011
23017
23019
23022
23032
23036
23039
23046
23047
23051
23062
23074
23077
23085
23090
23097
23101
23105
23107
23128
23131
23133
23141
23146
23151
23173
23175
23177
23179
23183
23184
23191
23199
23202
23208
23209
23214
23219
23220
23224
23227
23229
23230
23231
23238
23245
23249
23254
23256
23257
23261
23273
23274
23275
23284
23288
23290
23292
23306
23313
23318
23322
23324
23331
23339
23351
23364
23369
23381
23384
23390
23392
23406
23411
23436
23437
23447
23451
23456
23458
23460
23461
23463
23468
23474
23480
23483
23486
23489
23500
23501
23503
23506
23507
23517
23520
23521
23535
23544
23551
23553
23559
23567
23570
23574
23582
23584
23587
23597
23601
23611
23614
23619
23620
23621
23631
23633
23638
23642
23644
23645
23655
23669
23673
23676
23677
23681
23682
23688
23689
23695
23701
23702
23705
23709
23712
23719
23723
23737
23742
23746
23749
23765
23767
23773
23775
23780
23781
23787
23793
23796
23798
23805
23824
23827
23833
23835
23839
23845
23846
23849
23850
23854
23857
23858
23864
23870
23876
23877
23878
23882
23883
23890
23893
23906
23912
23915
23929
23934
23939
23943
23949
23961
23967
23969
23971
23973
23977
23982
23983
23987
23989
23998
