Group 22.txt from replicate 24
23000
23001
23004
23008
23023
23033
23041
23048
23056
23060
23063
23071
23089
23092
23094
23098
23108
23109
23114
23117
23120
23125
23129
23149
23153
23156
23160
23162
23164
23167
23169
23197
23210
23211
23212
23213
23222
23226
23237
23246
23253
23270
23277
23282
23287
23291
23309
23310
23317
23328
23329
23330
23332
23333
23334
23343
23346
23349
23359
23363
23367
23368
23370
23371
23372
23380
23382
23387
23388
23393
23394
23398
23400
23401
23408
23412
23417
23424
23427
23431
23432
23434
23435
23441
23442
23449
23450
23459
23465
23470
23481
23493
23494
23498
23508
23513
23546
23550
23560
23568
23572
23575
23580
23585
23588
23595
23607
23617
23618
23639
23646
23648
23656
23658
23668
23684
23690
23694
23700
23707
23710
23713
23714
23716
23717
23726
23729
23738
23762
23764
23771
23795
23806
23807
23809
23829
23843
23844
23847
23853
23855
23856
23861
23869
23873
23880
23886
23887
23889
23901
23914
23917
23920
23921
23928
23930
23954
23970
23992
23997
