Group 20.txt from replicate 24
23006
23013
23014
23016
23029
23034
23035
23038
23040
23042
23044
23050
23052
23053
23064
23065
23067
23069
23076
23078
23080
23084
23091
23093
23095
23096
23100
23102
23113
23121
23123
23127
23132
23134
23135
23136
23137
23138
23139
23143
23148
23154
23161
23174
23176
23178
23187
23188
23192
23200
23203
23204
23206
23216
23218
23225
23228
23232
23233
23235
23242
23243
23247
23248
23250
23265
23267
23276
23279
23280
23285
23289
23293
23294
23298
23299
23300
23301
23304
23305
23307
23315
23316
23321
23327
23337
23341
23342
23348
23350
23353
23355
23357
23362
23374
23375
23376
23377
23378
23379
23391
23396
23404
23405
23410
23414
23416
23418
23419
23420
23422
23425
23426
23428
23429
23430
23433
23439
23440
23443
23444
23445
23446
23452
23457
23477
23484
23487
23488
23490
23495
23496
23497
23502
23505
23509
23511
23515
23523
23528
23530
23531
23533
23534
23536
23542
23543
23547
23549
23552
23557
23558
23561
23563
23564
23565
23566
23571
23586
23589
23592
23594
23596
23598
23599
23602
23604
23605
23608
23612
23622
23624
23627
23629
23637
23640
23649
23650
23651
23652
23659
23662
23666
23667
23670
23671
23674
23678
23680
23685
23686
23691
23698
23708
23715
23718
23722
23731
23732
23733
23734
23736
23739
23740
23752
23755
23757
23760
23768
23783
23785
23791
23808
23810
23811
23813
23816
23817
23822
23823
23830
23831
23836
23837
23840
23848
23852
23859
23860
23863
23866
23867
23868
23872
23874
23875
23879
23884
23894
23896
23898
23903
23904
23909
23910
23923
23924
23925
23927
23931
23933
23935
23940
23941
23944
23953
23955
23964
23974
23979
23980
23981
23984
23986
23988
23991
23993
23996
