Group 32.txt from replicate 3
2001
2007
2014
2018
2020
2029
2032
2035
2038
2046
2052
2058
2061
2064
2077
2081
2083
2087
2100
2105
2122
2126
2128
2129
2131
2132
2133
2134
2140
2147
2149
2155
2162
2163
2177
2184
2187
2197
2200
2201
2203
2217
2218
2220
2231
2243
2244
2247
2252
2259
2265
2273
2279
2280
2284
2289
2296
2299
2304
2308
2322
2324
2328
2330
2333
2335
2344
2346
2347
2358
2359
2374
2379
2383
2384
2396
2398
2400
2401
2402
2412
2421
2423
2430
2437
2440
2441
2442
2450
2455
2461
2471
2475
2477
2482
2484
2486
2492
2497
2503
2518
2522
2525
2532
2538
2540
2553
2555
2556
2557
2572
2584
2595
2599
2600
2607
2614
2617
2620
2623
2624
2627
2633
2634
2636
2665
2671
2686
2687
2691
2700
2703
2705
2707
2712
2715
2717
2719
2725
2733
2734
2738
2739
2741
2751
2754
2771
2779
2782
2786
2791
2793
2807
2810
2834
2844
2845
2855
2876
2880
2881
2883
2896
2901
2910
2916
2921
2943
2947
2951
2957
2958
2966
2968
2981
2984
2986
2993
2996
2998
2999
