Group 6.txt from replicate 24
23013
23029
23034
23040
23044
23052
23067
23076
23084
23091
23102
23123
23134
23135
23137
23148
23174
23188
23192
23203
23206
23232
23248
23265
23279
23298
23299
23307
23321
23327
23337
23348
23355
23375
23377
23378
23379
23396
23405
23416
23420
23426
23428
23433
23440
23443
23445
23457
23490
23495
23509
23515
23531
23533
23534
23549
23552
23557
23564
23571
23589
23592
23598
23602
23604
23612
23629
23637
23640
23671
23674
23678
23715
23718
23732
23734
23736
23757
23783
23785
23791
23811
23822
23830
23831
23852
23859
23860
23867
23868
23874
23884
23894
23896
23923
23925
23927
23935
23941
23974
23979
23980
23981
23986
23991
