Group 21.txt from replicate 24
23002
23005
23009
23011
23017
23019
23021
23022
23032
23036
23037
23039
23043
23046
23047
23051
23058
23062
23066
23074
23075
23077
23081
23085
23086
23090
23097
23101
23105
23107
23111
23116
23128
23131
23133
23141
23145
23146
23147
23151
23173
23175
23177
23179
23183
23184
23185
23191
23199
23202
23205
23208
23209
23214
23219
23220
23224
23227
23229
23230
23231
23236
23238
23239
23245
23249
23252
23254
23256
23257
23260
23261
23266
23272
23273
23274
23275
23283
23284
23288
23290
23292
23296
23306
23308
23313
23318
23320
23322
23324
23326
23331
23339
23351
23364
23369
23381
23384
23390
23392
23406
23409
23411
23423
23436
23437
23438
23447
23451
23456
23458
23460
23461
23463
23468
23472
23474
23480
23482
23483
23485
23486
23489
23492
23500
23501
23503
23506
23507
23510
23517
23520
23521
23527
23535
23544
23548
23551
23553
23554
23556
23559
23567
23570
23574
23576
23582
23584
23587
23591
23597
23601
23611
23614
23619
23620
23621
23631
23632
23633
23638
23642
23644
23645
23653
23654
23655
23663
23669
23673
23676
23677
23681
23682
23688
23689
23695
23701
23702
23704
23705
23709
23712
23719
23721
23723
23737
23742
23745
23746
23748
23749
23756
23759
23765
23766
23767
23773
23775
23776
23780
23781
23787
23793
23796
23798
23802
23803
23805
23818
23824
23827
23828
23833
23835
23839
23845
23846
23849
23850
23854
23857
23858
23864
23870
23876
23877
23878
23882
23883
23890
23891
23893
23900
23906
23908
23911
23912
23913
23915
23929
23934
23937
23939
23943
23946
23948
23949
23957
23958
23961
23967
23969
23971
23972
23973
23977
23978
23982
23983
23985
23987
23989
23990
23995
23998
