Group 23.txt from replicate 24
23003
23012
23015
23018
23020
23024
23026
23028
23030
23031
23045
23049
23054
23061
23068
23072
23083
23087
23088
23099
23103
23104
23106
23126
23130
23140
23144
23152
23158
23163
23165
23166
23168
23170
23171
23180
23215
23221
23234
23240
23241
23251
23255
23258
23259
23262
23263
23264
23268
23269
23271
23281
23286
23302
23303
23312
23325
23336
23338
23340
23344
23347
23352
23356
23360
23361
23366
23386
23389
23399
23402
23407
23415
23453
23454
23462
23464
23473
23476
23499
23504
23512
23518
23522
23524
23540
23545
23555
23562
23569
23573
23578
23590
23593
23609
23610
23615
23625
23630
23641
23643
23647
23660
23661
23664
23665
23675
23687
23692
23697
23699
23703
23711
23724
23730
23747
23751
23753
23761
23769
23770
23772
23774
23777
23778
23782
23786
23789
23794
23799
23800
23801
23812
23820
23821
23826
23834
23838
23842
23851
23881
23895
23897
23899
23905
23916
23919
23932
23942
23945
23947
23951
23956
23962
23963
23975
23976
