Group 2.txt from replicate 24
23015
23018
23020
23024
23028
23031
23045
23049
23061
23068
23072
23083
23087
23088
23099
23103
23104
23106
23130
23144
23152
23158
23163
23165
23166
23170
23215
23234
23240
23241
23259
23262
23263
23264
23268
23271
23281
23286
23302
23303
23312
23325
23336
23338
23344
23347
23352
23356
23360
23361
23386
23399
23402
23407
23415
23453
23473
23499
23512
23518
23524
23540
23545
23555
23562
23578
23590
23593
23609
23610
23615
23625
23630
23641
23647
23660
23661
23664
23665
23692
23697
23699
23711
23724
23751
23753
23761
23770
23774
23777
23782
23789
23799
23800
23801
23812
23821
23826
23838
23842
23851
23881
23895
23897
23899
23916
23919
23942
23945
23951
23956
23962
23963
23975
23976
