Group 7.txt from replicate 25
24000
24007
24028
24035
24039
24042
24043
24045
24058
24080
24081
24090
24095
24096
24102
24109
24139
24155
24171
24173
24180
24186
24192
24194
24208
24216
24234
24241
24246
24266
24272
24273
24275
24285
24292
24325
24334
24342
24346
24348
24352
24354
24357
24361
24366
24388
24420
24422
24425
24433
24436
24445
24456
24462
24464
24467
24473
24499
24506
24514
24521
24536
24539
24570
24573
24577
24580
24582
24588
24597
24600
24606
24613
24623
24627
24631
24632
24635
24665
24669
24678
24699
24701
24705
24707
24714
24720
24722
24726
24739
24747
24754
24755
24768
24777
24783
24786
24787
24791
24807
24812
24824
24832
24840
24841
24844
24845
24855
24858
24865
24869
24880
24922
24935
24943
24949
24955
24960
24964
24969
24976
24983
24999
