Group 3.txt from replicate 25
24008
24015
24025
24029
24046
24072
24084
24093
24107
24120
24126
24176
24188
24205
24209
24221
24224
24227
24229
24242
24247
24251
24255
24269
24299
24301
24305
24312
24315
24326
24339
24371
24380
24386
24389
24396
24404
24427
24449
24478
24481
24486
24500
24505
24507
24530
24533
24569
24575
24581
24586
24595
24599
24605
24618
24636
24637
24646
24648
24672
24674
24675
24700
24706
24733
24758
24767
24773
24781
24784
24806
24809
24811
24813
24838
24866
24878
24879
24888
24890
24897
24898
24907
24911
24914
24915
24933
24941
24942
24953
24962
24966
24971
24978
24984
24995
