Group 29.txt from replicate 25
24005
24010
24016
24018
24020
24021
24032
24033
24034
24040
24048
24066
24067
24071
24082
24085
24086
24101
24108
24119
24128
24132
24148
24151
24157
24161
24167
24175
24183
24187
24189
24190
24193
24195
24197
24201
24212
24214
24223
24226
24232
24249
24268
24281
24282
24284
24291
24293
24294
24298
24300
24313
24318
24320
24322
24323
24331
24335
24340
24343
24351
24359
24369
24376
24378
24379
24381
24382
24391
24393
24395
24401
24418
24419
24423
24424
24432
24435
24438
24444
24446
24447
24469
24470
24474
24476
24480
24493
24495
24504
24510
24511
24516
24518
24519
24525
24534
24541
24542
24548
24561
24562
24576
24579
24583
24587
24589
24591
24604
24608
24609
24611
24624
24629
24638
24643
24644
24650
24658
24660
24664
24667
24671
24690
24703
24708
24711
24712
24713
24716
24718
24724
24729
24736
24740
24750
24752
24759
24763
24765
24771
24772
24774
24775
24782
24789
24793
24799
24803
24808
24814
24815
24816
24819
24846
24863
24864
24874
24887
24893
24895
24899
24900
24903
24912
24920
24926
24945
24947
24948
24954
24956
24959
24963
24965
24967
24972
24973
24979
24987
24988
24992
24994
24996
24998
