Group 28.txt from replicate 25
24000
24001
24007
24009
24014
24019
24028
24035
24038
24039
24042
24043
24044
24045
24051
24053
24058
24063
24073
24078
24079
24080
24081
24090
24095
24096
24098
24102
24104
24106
24109
24113
24116
24117
24125
24133
24139
24155
24156
24159
24160
24162
24165
24166
24169
24170
24171
24173
24178
24180
24186
24192
24194
24200
24202
24208
24216
24220
24231
24234
24236
24240
24241
24244
24246
24252
24262
24266
24272
24273
24275
24280
24285
24290
24292
24311
24321
24324
24325
24334
24341
24342
24344
24345
24346
24348
24352
24354
24357
24360
24361
24362
24366
24375
24387
24388
24407
24413
24416
24420
24422
24425
24430
24433
24436
24442
24445
24453
24456
24458
24460
24462
24464
24467
24472
24473
24488
24499
24501
24506
24508
24514
24515
24521
24522
24526
24536
24538
24539
24543
24544
24547
24549
24557
24559
24560
24570
24571
24572
24573
24577
24580
24582
24585
24588
24597
24600
24606
24610
24613
24614
24617
24623
24627
24631
24632
24635
24649
24653
24655
24659
24665
24669
24673
24676
24677
24678
24685
24695
24697
24699
24701
24705
24707
24714
24715
24720
24722
24726
24727
24738
24739
24747
24749
24754
24755
24764
24768
24777
24783
24786
24787
24791
24801
24804
24807
24812
24818
24820
24824
24830
24832
24840
24841
24844
24845
24850
24855
24858
24860
24861
24865
24869
24872
24875
24880
24905
24913
24922
24928
24931
24935
24939
24943
24949
24955
24960
24964
24969
24976
24983
24999
