Group 0.txt from replicate 3
2002
2004
2006
2010
2023
2028
2045
2048
2049
2051
2063
2068
2073
2075
2079
2097
2104
2108
2110
2116
2117
2125
2141
2145
2148
2151
2156
2159
2160
2167
2175
2186
2189
2190
2193
2194
2199
2202
2204
2208
2212
2224
2233
2236
2238
2239
2248
2251
2257
2263
2268
2271
2278
2282
2285
2288
2291
2295
2297
2298
2305
2306
2318
2326
2332
2334
2348
2365
2387
2388
2389
2390
2392
2395
2403
2414
2419
2420
2425
2429
2435
2446
2447
2462
2464
2466
2467
2473
2487
2501
2509
2519
2526
2527
2529
2530
2545
2547
2565
2570
2578
2581
2592
2597
2601
2602
2605
2612
2628
2631
2632
2644
2647
2655
2656
2658
2659
2663
2669
2675
2685
2689
2692
2693
2701
2702
2708
2713
2723
2726
2727
2735
2745
2749
2753
2761
2767
2769
2773
2776
2785
2798
2803
2806
2809
2812
2814
2819
2820
2822
2829
2831
2832
2840
2842
2848
2854
2857
2859
2860
2863
2865
2867
2869
2871
2875
2877
2891
2892
2893
2894
2895
2897
2900
2906
2913
2914
2915
2918
2925
2928
2930
2932
2941
2942
2944
2946
2948
2950
2953
2954
2959
2963
2965
2972
2974
2975
2980
2982
2992
