Group 1.txt from replicate 25
24000
24001
24007
24028
24035
24038
24039
24042
24043
24044
24045
24051
24058
24063
24080
24081
24090
24095
24096
24102
24104
24109
24113
24117
24125
24133
24139
24155
24159
24170
24171
24173
24178
24180
24186
24192
24194
24208
24216
24220
24234
24241
24244
24246
24266
24272
24273
24275
24280
24285
24292
24324
24325
24334
24342
24345
24346
24348
24352
24354
24357
24360
24361
24362
24366
24387
24388
24416
24420
24422
24425
24433
24436
24442
24445
24456
24462
24464
24467
24472
24473
24499
24501
24506
24508
24514
24521
24522
24526
24536
24538
24539
24543
24544
24557
24559
24570
24571
24573
24577
24580
24582
24588
24597
24600
24606
24613
24614
24617
24623
24627
24631
24632
24635
24653
24655
24665
24669
24677
24678
24697
24699
24701
24705
24707
24714
24715
24720
24722
24726
24738
24739
24747
24754
24755
24764
24768
24777
24783
24786
24787
24791
24804
24807
24812
24820
24824
24830
24832
24840
24841
24844
24845
24850
24855
24858
24865
24869
24872
24880
24913
24922
24935
24943
24949
24955
24960
24964
24969
24976
24983
24999
