Group 0.txt from replicate 25
24002
24006
24011
24017
24023
24024
24026
24027
24037
24049
24050
24052
24069
24074
24077
24087
24089
24092
24094
24097
24100
24111
24112
24118
24121
24123
24124
24127
24131
24136
24141
24142
24145
24150
24152
24153
24163
24164
24168
24172
24174
24184
24185
24196
24198
24204
24211
24215
24225
24228
24235
24237
24238
24250
24253
24265
24267
24278
24279
24287
24295
24303
24310
24314
24330
24349
24355
24358
24365
24367
24370
24372
24377
24383
24394
24406
24408
24409
24410
24414
24415
24417
24421
24426
24428
24429
24431
24434
24437
24440
24443
24451
24471
24475
24477
24483
24489
24490
24491
24497
24502
24503
24509
24512
24517
24520
24524
24529
24535
24537
24540
24545
24553
24555
24556
24563
24568
24584
24596
24598
24603
24607
24619
24620
24626
24628
24634
24651
24654
24656
24662
24663
24666
24670
24680
24681
24682
24684
24687
24704
24721
24728
24731
24734
24741
24742
24746
24751
24761
24778
24779
24785
24788
24795
24797
24817
24823
24825
24827
24834
24835
24843
24848
24849
24854
24857
24859
24862
24868
24873
24877
24881
24882
24885
24886
24889
24891
24892
24894
24896
24910
24916
24917
24918
24919
24921
24929
24930
24932
24934
24936
24944
24950
24951
24957
24961
24970
24982
24985
24989
24990
24997
