Group 30.txt from replicate 25
24008
24015
24022
24025
24029
24046
24057
24068
24072
24084
24093
24107
24120
24126
24130
24147
24176
24179
24188
24205
24207
24209
24221
24222
24224
24227
24229
24230
24242
24247
24251
24254
24255
24261
24269
24299
24301
24305
24312
24315
24326
24328
24336
24339
24353
24371
24380
24384
24386
24389
24396
24404
24411
24412
24427
24449
24455
24457
24459
24465
24478
24481
24482
24486
24496
24500
24505
24507
24530
24533
24551
24565
24569
24575
24581
24586
24592
24595
24599
24605
24615
24618
24621
24636
24637
24639
24646
24648
24657
24672
24674
24675
24679
24683
24686
24689
24692
24700
24706
24709
24710
24730
24733
24737
24756
24758
24767
24773
24776
24781
24784
24802
24806
24809
24811
24813
24821
24822
24828
24829
24838
24851
24852
24853
24866
24876
24878
24879
24888
24890
24897
24898
24907
24908
24911
24914
24915
24927
24933
24941
24942
24952
24953
24962
24966
24971
24978
24984
24995
