Group 27.txt from replicate 25
24002
24003
24006
24011
24012
24017
24023
24024
24026
24027
24037
24041
24049
24050
24052
24062
24069
24070
24074
24076
24077
24087
24088
24089
24092
24094
24097
24100
24105
24111
24112
24114
24115
24118
24121
24122
24123
24124
24127
24131
24136
24140
24141
24142
24144
24145
24150
24152
24153
24163
24164
24168
24172
24174
24181
24184
24185
24191
24196
24198
24203
24204
24211
24213
24215
24218
24219
24225
24228
24233
24235
24237
24238
24243
24245
24248
24250
24253
24256
24257
24259
24265
24267
24276
24278
24279
24287
24295
24303
24304
24308
24309
24310
24314
24317
24330
24332
24333
24347
24349
24350
24355
24356
24358
24364
24365
24367
24368
24370
24372
24373
24374
24377
24383
24394
24400
24402
24406
24408
24409
24410
24414
24415
24417
24421
24426
24428
24429
24431
24434
24437
24439
24440
24443
24451
24463
24468
24471
24475
24477
24483
24485
24487
24489
24490
24491
24497
24502
24503
24509
24512
24513
24517
24520
24524
24527
24529
24532
24535
24537
24540
24545
24550
24552
24553
24554
24555
24556
24558
24563
24566
24568
24584
24593
24596
24598
24603
24607
24619
24620
24622
24626
24628
24633
24634
24642
24647
24651
24654
24656
24662
24663
24666
24668
24670
24680
24681
24682
24684
24687
24691
24696
24704
24717
24721
24728
24731
24734
24741
24742
24745
24746
24751
24757
24760
24761
24770
24778
24779
24785
24788
24790
24792
24795
24797
24800
24810
24817
24823
24825
24827
24831
24834
24835
24836
24837
24843
24848
24849
24854
24857
24859
24862
24868
24871
24873
24877
24881
24882
24885
24886
24889
24891
24892
24894
24896
24901
24904
24910
24916
24917
24918
24919
24921
24923
24925
24929
24930
24932
24934
24936
24938
24940
24944
24950
24951
24957
24961
24970
24977
24982
24985
24989
24990
24997
