Group 6.txt from replicate 25
24002
24006
24011
24017
24027
24037
24049
24069
24074
24077
24087
24092
24094
24097
24100
24111
24112
24118
24121
24127
24131
24136
24141
24145
24150
24152
24153
24164
24168
24172
24184
24185
24196
24204
24211
24235
24237
24238
24253
24265
24267
24278
24279
24287
24295
24303
24310
24330
24349
24365
24367
24370
24372
24377
24394
24406
24408
24409
24410
24414
24417
24426
24428
24429
24431
24434
24437
24443
24451
24471
24475
24477
24483
24490
24502
24503
24512
24520
24529
24535
24545
24553
24556
24563
24584
24596
24598
24603
24619
24620
24626
24634
24651
24654
24656
24662
24663
24666
24670
24680
24681
24682
24684
24687
24704
24721
24728
24734
24741
24746
24761
24778
24779
24788
24795
24797
24817
24823
24827
24835
24848
24849
24854
24857
24862
24873
24877
24881
24882
24885
24886
24889
24891
24892
24894
24916
24918
24919
24921
24930
24932
24934
24944
24950
24951
24957
24961
24970
24982
24989
24997
