Group 23.txt from replicate 25
24002
24006
24017
24027
24074
24077
24087
24092
24094
24097
24100
24112
24118
24121
24127
24131
24141
24152
24153
24168
24172
24184
24185
24196
24204
24237
24238
24253
24267
24278
24287
24330
24349
24365
24370
24372
24406
24408
24409
24417
24426
24429
24431
24451
24490
24502
24503
24512
24520
24529
24535
24553
24556
24563
24596
24598
24603
24626
24656
24662
24670
24704
24721
24734
24746
24779
24788
24797
24817
24823
24848
24854
24857
24881
24882
24889
24891
24894
24918
24921
24930
24934
24950
24951
24961
24970
24989
24997
