Group 2.txt from replicate 25
24005
24010
24016
24018
24020
24021
24032
24033
24048
24066
24067
24071
24082
24085
24086
24101
24108
24119
24132
24148
24151
24157
24167
24175
24183
24187
24193
24201
24212
24214
24223
24226
24232
24268
24281
24282
24284
24293
24294
24298
24300
24313
24320
24322
24323
24359
24369
24378
24379
24381
24391
24393
24395
24418
24419
24423
24435
24438
24447
24474
24476
24480
24493
24504
24510
24511
24518
24519
24525
24541
24542
24548
24562
24576
24579
24587
24589
24591
24608
24609
24611
24624
24643
24644
24664
24667
24711
24712
24713
24724
24729
24736
24740
24750
24752
24763
24774
24782
24789
24793
24799
24819
24863
24864
24874
24903
24912
24920
24945
24947
24954
24956
24963
24965
24967
24972
24973
24979
24987
24998
