Group 33.txt from replicate 3
2005
2019
2021
2031
2034
2037
2059
2060
2067
2070
2074
2082
2084
2088
2092
2095
2102
2109
2111
2112
2135
2144
2166
2168
2169
2171
2178
2185
2191
2205
2207
2209
2223
2228
2246
2249
2254
2266
2267
2274
2276
2290
2293
2302
2303
2307
2311
2321
2336
2339
2341
2343
2350
2351
2352
2353
2355
2361
2362
2369
2382
2385
2405
2407
2418
2424
2426
2431
2434
2436
2439
2445
2448
2451
2453
2458
2469
2495
2514
2549
2551
2554
2559
2560
2561
2567
2573
2580
2587
2589
2596
2603
2606
2637
2639
2640
2643
2646
2654
2660
2666
2673
2677
2694
2699
2706
2711
2716
2721
2736
2762
2770
2787
2792
2796
2801
2804
2805
2808
2811
2826
2833
2841
2851
2864
2866
2868
2874
2886
2899
2919
2924
2929
2949
2962
2964
2978
2989
