Group 25.txt from replicate 26
25009
25010
25013
25014
25015
25025
25030
25031
25034
25047
25053
25059
25064
25065
25066
25073
25075
25076
25087
25088
25092
25094
25096
25098
25106
25108
25116
25120
25130
25134
25141
25143
25151
25159
25160
25161
25171
25184
25192
25203
25206
25210
25211
25217
25223
25233
25238
25244
25247
25250
25257
25264
25265
25269
25301
25319
25320
25329
25346
25349
25350
25360
25361
25366
25384
25389
25390
25391
25393
25397
25399
25408
25416
25419
25420
25422
25427
25433
25442
25447
25453
25455
25466
25478
25487
25493
25494
25500
25505
25512
25527
25528
25534
25540
25541
25551
25559
25563
25567
25570
25573
25575
25576
25580
25584
25589
25592
25594
25596
25597
25599
25606
25627
25638
25645
25647
25652
25654
25655
25665
25673
25674
25682
25687
25690
25697
25701
25704
25718
25722
25723
25728
25730
25731
25732
25744
25745
25776
25795
25813
25814
25832
25842
25846
25857
25860
25872
25875
25882
25886
25896
25899
25908
25910
25917
25922
25927
25930
25931
25939
25942
25950
25957
25964
25970
25971
25972
25973
25975
25976
25980
25986
25992
25995
