Group 26.txt from replicate 26
25005
25020
25021
25029
25038
25042
25043
25049
25058
25062
25063
25080
25081
25100
25103
25107
25112
25119
25129
25142
25168
25170
25173
25185
25188
25191
25195
25207
25208
25220
25224
25230
25231
25235
25236
25252
25254
25263
25268
25279
25288
25291
25300
25306
25316
25325
25328
25331
25333
25334
25340
25342
25352
25354
25371
25372
25381
25382
25398
25402
25403
25407
25414
25421
25426
25445
25449
25461
25469
25473
25483
25491
25492
25509
25520
25526
25530
25535
25536
25546
25548
25550
25564
25568
25569
25572
25577
25595
25611
25623
25626
25639
25643
25669
25672
25675
25676
25681
25686
25693
25694
25708
25716
25717
25719
25727
25734
25735
25739
25740
25742
25747
25750
25757
25762
25764
25768
25771
25773
25777
25781
25784
25787
25798
25799
25802
25807
25817
25819
25821
25823
25828
25831
25838
25861
25865
25873
25874
25877
25880
25881
25892
25893
25895
25905
25911
25913
25919
25934
25944
25949
25951
25955
25961
25968
25969
25979
25983
25985
25999
