Group 1.txt from replicate 26
25002
25006
25007
25023
25024
25026
25027
25044
25048
25051
25052
25057
25072
25085
25091
25099
25109
25114
25117
25118
25121
25122
25132
25133
25137
25140
25162
25177
25181
25183
25186
25197
25200
25205
25212
25219
25222
25226
25227
25239
25240
25246
25266
25267
25278
25282
25287
25293
25295
25297
25309
25313
25315
25323
25337
25339
25345
25348
25355
25357
25364
25380
25394
25395
25435
25450
25457
25467
25475
25477
25484
25502
25506
25517
25522
25523
25525
25537
25544
25547
25555
25566
25588
25620
25635
25648
25650
25662
25663
25666
25680
25691
25700
25705
25706
25726
25729
25751
25767
25772
25774
25775
25778
25786
25796
25803
25820
25827
25835
25844
25849
25858
25862
25867
25902
25909
25918
25932
25938
25945
25954
25958
25966
25987
25988
25990
25997
