Group 0.txt from replicate 26
25003
25012
25019
25035
25046
25060
25068
25069
25077
25078
25082
25083
25084
25090
25101
25110
25123
25135
25147
25148
25152
25157
25158
25164
25167
25187
25196
25201
25228
25251
25260
25261
25271
25275
25285
25298
25299
25304
25307
25311
25314
25335
25347
25386
25400
25401
25404
25409
25413
25415
25423
25440
25443
25454
25456
25462
25465
25488
25495
25497
25501
25503
25507
25515
25529
25531
25556
25565
25593
25600
25601
25605
25608
25616
25621
25629
25634
25636
25637
25642
25644
25646
25653
25668
25678
25683
25688
25695
25702
25703
25709
25710
25711
25721
25725
25738
25743
25746
25758
25763
25766
25780
25793
25794
25797
25801
25806
25812
25816
25826
25830
25837
25845
25851
25854
25864
25869
25884
25888
25898
25915
25920
25923
25924
25925
25928
25933
25937
25947
25948
25967
25977
25981
25998
