Group 24.txt from replicate 26
25003
25011
25012
25019
25022
25035
25040
25045
25046
25060
25067
25068
25069
25077
25078
25082
25083
25084
25090
25095
25097
25101
25102
25110
25123
25125
25126
25128
25135
25138
25147
25148
25152
25154
25155
25157
25158
25164
25166
25167
25182
25187
25189
25190
25196
25201
25204
25215
25218
25228
25242
25245
25249
25251
25255
25260
25261
25271
25272
25274
25275
25280
25281
25285
25289
25292
25294
25298
25299
25304
25305
25307
25311
25312
25314
25317
25318
25321
25335
25336
25338
25341
25347
25359
25367
25369
25370
25374
25375
25379
25386
25387
25400
25401
25404
25405
25409
25411
25413
25415
25423
25424
25432
25434
25437
25438
25440
25441
25443
25454
25456
25462
25463
25465
25470
25482
25485
25486
25488
25495
25497
25499
25501
25503
25507
25511
25515
25518
25519
25529
25531
25533
25552
25556
25557
25558
25562
25565
25574
25578
25587
25591
25593
25600
25601
25602
25605
25608
25610
25614
25616
25621
25629
25634
25636
25637
25640
25641
25642
25644
25646
25653
25660
25668
25678
25683
25685
25688
25689
25695
25702
25703
25707
25709
25710
25711
25712
25715
25721
25725
25738
25743
25746
25748
25758
25763
25766
25769
25780
25788
25790
25792
25793
25794
25797
25800
25801
25806
25809
25812
25816
25826
25830
25834
25837
25840
25843
25845
25848
25851
25854
25859
25864
25869
25884
25887
25888
25889
25898
25901
25903
25914
25915
25920
25923
25924
25925
25928
25933
25937
25940
25946
25947
25948
25956
25967
25977
25981
25984
25998
