Group 6.txt from replicate 26
25035
25060
25077
25078
25083
25110
25123
25135
25157
25158
25164
25201
25228
25251
25271
25275
25285
25298
25299
25307
25311
25314
25347
25400
25401
25409
25413
25415
25423
25440
25454
25462
25488
25495
25501
25503
25515
25529
25531
25556
25565
25593
25600
25601
25605
25608
25616
25621
25629
25634
25636
25637
25646
25653
25668
25678
25683
25688
25695
25703
25725
25738
25743
25746
25758
25763
25766
25780
25793
25797
25806
25812
25816
25826
25845
25854
25864
25884
25915
25923
25924
25925
25928
25948
25967
25977
25981
25998
