Group 23.txt from replicate 26
25001
25002
25006
25007
25017
25023
25024
25026
25027
25032
25036
25041
25044
25048
25050
25051
25052
25057
25061
25070
25071
25072
25085
25089
25091
25093
25099
25105
25109
25113
25114
25117
25118
25121
25122
25127
25131
25132
25133
25136
25137
25140
25144
25145
25149
25153
25156
25162
25169
25174
25175
25177
25178
25179
25181
25183
25186
25194
25197
25198
25199
25200
25205
25212
25213
25216
25219
25221
25222
25226
25227
25234
25237
25239
25240
25243
25246
25256
25259
25262
25266
25267
25270
25276
25277
25278
25282
25284
25286
25287
25293
25295
25297
25303
25309
25313
25315
25323
25327
25337
25339
25344
25345
25348
25353
25355
25356
25357
25358
25364
25373
25378
25380
25383
25388
25394
25395
25396
25406
25425
25428
25435
25436
25444
25446
25450
25452
25457
25460
25467
25471
25474
25475
25476
25477
25479
25484
25496
25498
25502
25506
25513
25517
25521
25522
25523
25525
25537
25538
25542
25543
25544
25547
25549
25553
25555
25566
25579
25583
25585
25586
25588
25598
25603
25604
25607
25609
25612
25613
25615
25620
25622
25625
25635
25648
25650
25651
25656
25658
25661
25662
25663
25664
25666
25671
25677
25679
25680
25691
25692
25699
25700
25705
25706
25714
25720
25724
25726
25729
25736
25741
25749
25751
25752
25753
25754
25755
25761
25767
25772
25774
25775
25778
25779
25786
25789
25791
25796
25803
25808
25818
25820
25824
25825
25827
25833
25835
25841
25844
25849
25852
25855
25858
25862
25867
25868
25876
25883
25885
25891
25894
25897
25902
25904
25906
25909
25912
25916
25918
25932
25935
25938
25941
25943
25945
25952
25953
25954
25958
25962
25965
25966
25974
25982
25987
25988
25989
25990
25991
25997
