Group 2.txt from replicate 26
25020
25021
25049
25058
25063
25080
25100
25103
25112
25129
25188
25191
25220
25224
25230
25231
25235
25254
25263
25268
25279
25291
25300
25306
25334
25342
25352
25354
25372
25382
25407
25421
25445
25461
25469
25473
25483
25491
25530
25535
25548
25568
25569
25572
25577
25595
25623
25626
25639
25643
25672
25676
25686
25719
25734
25735
25739
25750
25757
25764
25768
25771
25773
25781
25798
25799
25807
25819
25823
25831
25861
25874
25877
25880
25881
25895
25905
25911
25913
25919
25934
25955
25968
25979
25985
25999
