Group 7.txt from replicate 27
26002
26015
26019
26024
26030
26031
26043
26047
26050
26055
26073
26084
26086
26088
26095
26099
26112
26114
26123
26129
26138
26174
26190
26192
26193
26209
26215
26230
26237
26248
26252
26255
26260
26261
26269
26284
26291
26316
26325
26328
26330
26341
26347
26354
26358
26367
26374
26381
26386
26387
26388
26389
26391
26402
26406
26408
26409
26426
26428
26437
26443
26448
26451
26472
26477
26495
26497
26504
26514
26525
26543
26549
26553
26567
26574
26580
26585
26592
26599
26604
26612
26641
26659
26662
26663
26671
26678
26681
26684
26691
26701
26715
26721
26737
26751
26757
26759
26772
26798
26808
26815
26830
26842
26856
26863
26867
26872
26874
26897
26903
26904
26907
26922
26924
26929
26930
26968
26971
26981
26989
