Group 3.txt from replicate 27
26006
26020
26025
26027
26037
26039
26058
26061
26064
26066
26068
26075
26081
26101
26105
26122
26124
26128
26137
26161
26173
26189
26221
26246
26257
26258
26265
26272
26273
26281
26300
26302
26312
26331
26342
26355
26371
26372
26376
26394
26397
26398
26400
26425
26431
26449
26453
26473
26474
26530
26539
26542
26545
26558
26571
26576
26577
26579
26587
26593
26602
26606
26614
26615
26616
26624
26644
26646
26648
26657
26667
26682
26696
26697
26702
26710
26717
26724
26725
26732
26733
26748
26749
26753
26755
26760
26773
26795
26811
26823
26827
26836
26841
26852
26875
26883
26889
26896
26905
26911
26912
26917
26926
26934
26938
26947
26951
26980
26994
