Group 29.txt from replicate 27
26006
26020
26025
26027
26037
26039
26058
26061
26064
26066
26068
26071
26075
26081
26083
26087
26101
26105
26118
26122
26124
26128
26131
26137
26141
26142
26161
26173
26181
26189
26196
26216
26221
26223
26246
26253
26257
26258
26265
26272
26273
26280
26281
26300
26302
26312
26331
26337
26342
26351
26355
26371
26372
26376
26394
26397
26398
26400
26414
26425
26431
26449
26453
26460
26464
26470
26473
26474
26496
26498
26519
26530
26539
26542
26545
26558
26566
26571
26576
26577
26579
26581
26587
26593
26602
26606
26608
26614
26615
26616
26624
26644
26646
26648
26657
26665
26667
26682
26690
26693
26696
26697
26702
26710
26717
26724
26725
26727
26732
26733
26748
26749
26753
26755
26760
26773
26782
26791
26794
26795
26797
26803
26811
26823
26827
26836
26837
26841
26843
26850
26852
26853
26861
26875
26883
26889
26896
26905
26911
26912
26917
26926
26933
26934
26938
26946
26947
26951
26957
26978
26980
26985
26994
26995
