Group 26.txt from replicate 27
26000
26003
26004
26011
26012
26026
26028
26033
26038
26040
26044
26046
26048
26054
26056
26063
26069
26072
26077
26089
26092
26094
26097
26106
26108
26115
26125
26126
26127
26130
26134
26139
26143
26146
26150
26151
26152
26153
26156
26157
26160
26162
26164
26165
26167
26169
26170
26176
26178
26180
26182
26184
26186
26191
26197
26201
26202
26204
26205
26208
26210
26217
26220
26225
26226
26227
26234
26235
26236
26240
26243
26245
26251
26254
26262
26263
26270
26286
26287
26289
26290
26293
26297
26299
26303
26304
26305
26306
26308
26309
26313
26314
26315
26317
26318
26321
26329
26332
26335
26339
26343
26345
26348
26349
26352
26356
26357
26360
26361
26365
26366
26368
26370
26375
26379
26380
26383
26404
26411
26415
26416
26423
26429
26434
26435
26439
26445
26457
26462
26466
26467
26479
26482
26483
26484
26488
26494
26500
26501
26502
26505
26511
26516
26518
26521
26526
26529
26531
26533
26535
26537
26540
26546
26555
26556
26568
26575
26586
26591
26595
26597
26598
26600
26603
26609
26611
26617
26618
26620
26621
26625
26627
26629
26634
26635
26638
26639
26642
26645
26649
26654
26658
26660
26661
26664
26666
26668
26669
26672
26674
26675
26679
26685
26692
26695
26698
26704
26707
26712
26720
26726
26728
26729
26736
26738
26739
26740
26741
26742
26743
26744
26745
26746
26747
26758
26762
26764
26767
26768
26778
26780
26784
26789
26793
26796
26802
26804
26805
26806
26809
26812
26816
26821
26826
26829
26832
26834
26839
26840
26847
26848
26858
26860
26869
26879
26884
26885
26886
26887
26890
26893
26899
26906
26914
26915
26916
26923
26927
26936
26950
26952
26953
26954
26956
26958
26962
26964
26965
26969
26970
26973
26974
26976
26979
26986
26991
26992
26996
26999
