Group 1.txt from replicate 27
26002
26005
26015
26019
26021
26024
26030
26031
26043
26047
26050
26051
26055
26060
26073
26084
26086
26088
26095
26099
26103
26112
26114
26116
26123
26129
26133
26138
26171
26174
26183
26185
26190
26192
26193
26200
26209
26211
26215
26222
26230
26237
26241
26248
26252
26255
26260
26261
26268
26269
26284
26285
26291
26295
26296
26298
26316
26324
26325
26328
26330
26333
26336
26340
26341
26347
26354
26358
26362
26364
26367
26369
26374
26377
26381
26386
26387
26388
26389
26391
26392
26402
26406
26408
26409
26421
26424
26426
26427
26428
26437
26438
26440
26443
26448
26450
26451
26452
26454
26456
26465
26469
26472
26477
26481
26486
26493
26495
26497
26504
26507
26509
26510
26514
26525
26536
26538
26541
26543
26549
26551
26553
26557
26560
26562
26567
26573
26574
26580
26582
26583
26585
26592
26599
26601
26604
26612
26613
26623
26641
26650
26651
26659
26662
26663
26671
26678
26681
26684
26687
26691
26694
26701
26706
26709
26715
26721
26730
26737
26751
26757
26759
26763
26769
26772
26785
26798
26800
26808
26815
26818
26830
26835
26838
26842
26845
26856
26863
26866
26867
26872
26873
26874
26882
26897
26903
26904
26907
26908
26922
26924
26929
26930
26943
26960
26961
26968
26971
26981
26987
26989
