Group 30.txt from replicate 27
26001
26008
26014
26029
26032
26034
26041
26057
26065
26078
26090
26098
26107
26135
26158
26172
26177
26212
26229
26239
26267
26271
26292
26301
26319
26334
26350
26373
26384
26396
26407
26412
26413
26417
26422
26455
26475
26478
26487
26489
26520
26522
26523
26524
26528
26532
26534
26547
26554
26563
26570
26643
26647
26653
26655
26670
26686
26689
26699
26703
26708
26734
26771
26779
26783
26786
26788
26801
26814
26819
26849
26859
26895
26909
26920
26921
26941
26983
26988
26993
