Group 16.txt from replicate 27
26005
26021
26051
26060
26103
26116
26133
26171
26183
26185
26200
26211
26222
26241
26268
26285
26295
26296
26298
26324
26333
26336
26340
26362
26364
26369
26377
26392
26421
26424
26427
26438
26440
26450
26452
26454
26456
26465
26469
26481
26486
26493
26507
26509
26510
26536
26538
26541
26551
26557
26560
26562
26573
26582
26583
26601
26613
26623
26650
26651
26687
26694
26706
26709
26730
26763
26769
26785
26800
26818
26835
26838
26845
26866
26873
26882
26908
26943
26960
26961
26987
