Group 22.txt from replicate 27
26011
26028
26048
26056
26069
26092
26108
26126
26127
26143
26146
26150
26165
26170
26184
26186
26205
26208
26226
26235
26245
26263
26270
26286
26287
26289
26290
26297
26303
26305
26306
26308
26309
26314
26315
26318
26329
26335
26348
26352
26360
26380
26416
26445
26466
26484
26488
26502
26518
26521
26533
26540
26603
26611
26617
26625
26639
26654
26664
26668
26672
26685
26692
26698
26704
26712
26738
26762
26764
26778
26796
26804
26805
26826
26840
26847
26879
26887
26899
26914
26915
26916
26936
26950
26952
26958
26970
26973
26986
26999
