Group 31.txt from replicate 3
2000
2003
2009
2011
2015
2017
2024
2025
2026
2027
2033
2036
2039
2040
2042
2043
2065
2069
2080
2085
2091
2093
2098
2099
2101
2106
2113
2114
2118
2119
2120
2121
2127
2136
2138
2139
2142
2143
2152
2154
2157
2161
2165
2174
2179
2183
2195
2196
2210
2211
2216
2221
2225
2226
2229
2230
2232
2234
2237
2241
2242
2245
2250
2255
2260
2262
2264
2269
2283
2292
2294
2301
2309
2313
2323
2327
2329
2338
2340
2342
2345
2349
2354
2356
2364
2377
2378
2380
2393
2394
2397
2399
2408
2410
2415
2416
2422
2428
2432
2444
2449
2452
2454
2456
2463
2465
2468
2470
2472
2474
2476
2479
2480
2488
2489
2491
2494
2496
2498
2499
2500
2502
2504
2506
2507
2508
2511
2512
2516
2517
2520
2521
2524
2528
2531
2534
2537
2539
2541
2542
2543
2546
2548
2550
2552
2558
2562
2564
2568
2574
2577
2579
2582
2583
2585
2586
2604
2608
2613
2615
2616
2621
2626
2629
2630
2638
2642
2649
2650
2657
2661
2668
2676
2679
2680
2681
2684
2696
2697
2698
2704
2709
2718
2722
2724
2730
2732
2737
2740
2742
2743
2744
2747
2748
2750
2752
2757
2759
2760
2764
2765
2768
2775
2781
2783
2789
2790
2795
2797
2800
2818
2823
2824
2825
2828
2835
2836
2838
2846
2849
2850
2853
2873
2879
2882
2887
2890
2898
2903
2904
2908
2917
2927
2933
2934
2938
2939
2940
2945
2952
2955
2960
2967
2970
2971
2973
2977
2983
2985
2987
2991
2995
2997
