Group 6.txt from replicate 27
26003
26011
26028
26038
26046
26048
26054
26056
26069
26077
26089
26092
26094
26097
26106
26108
26126
26127
26143
26146
26150
26157
26164
26165
26170
26184
26186
26191
26201
26205
26208
26210
26217
26220
26226
26234
26235
26245
26251
26263
26270
26286
26287
26289
26290
26297
26303
26305
26306
26308
26309
26314
26315
26318
26321
26329
26335
26343
26348
26349
26352
26357
26360
26361
26366
26375
26379
26380
26404
26415
26416
26429
26434
26445
26462
26466
26482
26483
26484
26488
26502
26505
26511
26518
26521
26531
26533
26537
26540
26556
26597
26603
26609
26611
26617
26618
26621
26625
26639
26654
26658
26664
26668
26672
26679
26685
26692
26698
26704
26707
26712
26728
26738
26744
26745
26746
26762
26764
26778
26793
26796
26804
26805
26812
26826
26840
26847
26858
26860
26869
26879
26887
26890
26899
26914
26915
26916
26936
26950
26952
26953
26958
26964
26970
26973
26986
26996
26999
