Group 2.txt from replicate 27
26013
26023
26035
26045
26067
26070
26074
26076
26079
26080
26100
26109
26113
26119
26136
26140
26147
26148
26154
26175
26179
26198
26199
26203
26206
26213
26214
26219
26228
26231
26238
26242
26247
26249
26256
26259
26264
26274
26275
26276
26322
26326
26338
26344
26353
26363
26385
26390
26393
26432
26433
26444
26446
26447
26461
26471
26485
26490
26503
26506
26544
26548
26552
26559
26561
26565
26590
26626
26628
26631
26633
26652
26656
26673
26683
26688
26700
26705
26711
26713
26716
26719
26722
26735
26754
26761
26774
26776
26781
26787
26790
26810
26813
26820
26824
26825
26831
26865
26868
26870
26876
26878
26880
26881
26888
26891
26894
26898
26900
26901
26902
26910
26913
26919
26925
26928
26931
26932
26949
26963
26966
26967
26977
26984
26998
