Group 29.txt from replicate 28
27014
27017
27032
27045
27049
27051
27053
27061
27083
27084
27089
27094
27104
27110
27125
27135
27149
27152
27153
27162
27163
27168
27171
27184
27189
27190
27211
27215
27219
27220
27228
27230
27239
27242
27248
27252
27253
27280
27281
27282
27292
27305
27316
27320
27326
27330
27333
27338
27347
27349
27352
27374
27379
27390
27391
27397
27403
27404
27413
27425
27430
27435
27449
27455
27460
27461
27464
27467
27475
27476
27489
27493
27499
27500
27508
27516
27527
27532
27540
27551
27557
27559
27593
27595
27599
27601
27611
27612
27629
27634
27643
27644
27645
27646
27652
27653
27661
27663
27703
27704
27713
27720
27725
27732
27733
27736
27750
27753
27756
27762
27769
27774
27781
27788
27791
27795
27797
27800
27813
27819
27824
27841
27847
27862
27863
27865
27878
27890
27894
27904
27906
27922
27975
27982
27985
