Group 28.txt from replicate 28
27000
27001
27002
27005
27006
27011
27015
27018
27023
27025
27031
27034
27044
27050
27052
27054
27057
27063
27071
27082
27086
27090
27095
27097
27098
27118
27120
27123
27129
27133
27139
27147
27155
27160
27174
27179
27180
27185
27186
27187
27192
27205
27206
27208
27222
27225
27229
27244
27245
27249
27250
27257
27271
27283
27289
27297
27302
27303
27313
27314
27325
27344
27350
27354
27355
27368
27370
27382
27393
27396
27401
27407
27410
27416
27417
27418
27434
27439
27447
27452
27457
27458
27462
27463
27477
27479
27494
27495
27501
27502
27503
27522
27523
27526
27531
27544
27546
27548
27552
27553
27569
27572
27575
27576
27577
27580
27586
27602
27603
27604
27613
27617
27621
27630
27636
27639
27642
27657
27660
27673
27676
27680
27683
27685
27686
27689
27691
27695
27701
27702
27706
27707
27722
27726
27727
27735
27747
27760
27765
27766
27776
27782
27785
27789
27790
27798
27799
27803
27809
27811
27812
27815
27822
27827
27828
27832
27833
27836
27838
27839
27842
27844
27845
27852
27854
27858
27861
27875
27880
27882
27884
27909
27917
27920
27923
27927
27935
27936
27937
27947
27948
27951
27961
27963
27970
27987
27992
27994
27995
27998
