Group 1.txt from replicate 28
27004
27007
27019
27024
27041
27058
27060
27065
27067
27070
27073
27074
27091
27096
27099
27102
27111
27112
27116
27117
27137
27140
27141
27144
27150
27167
27169
27173
27176
27193
27194
27197
27198
27203
27209
27212
27216
27217
27233
27234
27235
27240
27241
27247
27254
27255
27263
27264
27267
27272
27274
27275
27279
27284
27286
27288
27290
27291
27293
27296
27299
27301
27304
27306
27315
27318
27321
27323
27332
27334
27335
27337
27339
27351
27358
27362
27363
27366
27367
27369
27371
27373
27376
27383
27387
27406
27423
27431
27432
27433
27441
27444
27450
27459
27465
27470
27472
27473
27480
27481
27482
27483
27485
27488
27491
27496
27509
27515
27517
27520
27535
27537
27538
27543
27555
27570
27574
27581
27582
27588
27589
27591
27594
27597
27605
27607
27614
27615
27616
27618
27623
27631
27647
27648
27662
27664
27665
27666
27671
27672
27675
27677
27687
27688
27692
27705
27709
27714
27721
27731
27737
27745
27746
27752
27754
27768
27778
27780
27792
27794
27802
27808
27814
27816
27823
27825
27826
27837
27849
27851
27867
27868
27869
27871
27876
27877
27891
27901
27911
27913
27914
27915
27921
27926
27929
27939
27940
27942
27943
27946
27949
27952
27953
27957
27962
27965
27967
27968
27972
27979
27988
27997
27999
