Group 0.txt from replicate 28
27003
27008
27012
27013
27020
27022
27027
27035
27036
27039
27040
27047
27048
27055
27062
27064
27066
27068
27072
27076
27079
27087
27092
27093
27100
27101
27105
27109
27114
27115
27119
27121
27127
27128
27134
27136
27143
27145
27148
27159
27164
27165
27166
27170
27177
27178
27181
27191
27196
27200
27204
27207
27213
27214
27221
27223
27226
27231
27251
27256
27258
27268
27270
27285
27298
27307
27310
27328
27329
27331
27342
27348
27359
27360
27364
27372
27378
27386
27389
27392
27398
27399
27400
27405
27408
27412
27415
27419
27424
27427
27436
27437
27442
27451
27454
27466
27469
27478
27487
27490
27510
27512
27513
27518
27521
27524
27528
27530
27539
27542
27545
27554
27556
27558
27562
27563
27564
27565
27567
27568
27571
27578
27584
27585
27590
27592
27609
27622
27625
27627
27632
27633
27635
27637
27638
27640
27641
27649
27654
27656
27670
27678
27679
27681
27682
27690
27694
27696
27699
27712
27715
27717
27718
27719
27729
27739
27740
27741
27742
27744
27748
27758
27761
27767
27770
27772
27779
27784
27801
27804
27806
27807
27820
27829
27830
27835
27843
27846
27848
27853
27856
27860
27870
27872
27873
27874
27881
27883
27885
27887
27889
27899
27900
27902
27905
27907
27908
27912
27916
27928
27930
27933
27934
27950
27954
27955
27956
27964
27966
27969
27973
27980
27983
27996
