Group 27.txt from replicate 28
27004
27007
27019
27024
27030
27033
27041
27058
27060
27065
27067
27070
27073
27074
27088
27091
27096
27099
27102
27107
27111
27112
27116
27117
27122
27126
27137
27140
27141
27144
27150
27167
27169
27172
27173
27176
27188
27193
27194
27197
27198
27199
27203
27209
27210
27212
27216
27217
27218
27233
27234
27235
27240
27241
27243
27247
27254
27255
27263
27264
27266
27267
27269
27272
27274
27275
27276
27277
27279
27284
27286
27287
27288
27290
27291
27293
27294
27296
27299
27300
27301
27304
27306
27308
27315
27317
27318
27321
27323
27324
27332
27334
27335
27337
27339
27341
27345
27351
27358
27362
27363
27366
27367
27369
27371
27373
27376
27383
27385
27387
27406
27422
27423
27426
27431
27432
27433
27440
27441
27444
27448
27450
27459
27465
27470
27472
27473
27480
27481
27482
27483
27485
27488
27491
27496
27505
27507
27509
27515
27517
27520
27529
27535
27537
27538
27543
27555
27570
27573
27574
27581
27582
27588
27589
27591
27594
27597
27605
27607
27614
27615
27616
27618
27619
27623
27631
27647
27648
27662
27664
27665
27666
27671
27672
27675
27677
27687
27688
27692
27700
27705
27709
27714
27721
27730
27731
27734
27737
27745
27746
27752
27754
27763
27768
27775
27778
27780
27787
27792
27794
27796
27802
27805
27808
27814
27816
27818
27821
27823
27825
27826
27834
27837
27849
27851
27855
27866
27867
27868
27869
27871
27876
27877
27886
27891
27893
27901
27911
27913
27914
27915
27919
27921
27924
27925
27926
27929
27939
27940
27942
27943
27945
27946
27949
27952
27953
27957
27962
27965
27967
27968
27972
27979
27988
27997
27999
