Group 33.txt from replicate 28
27007
27019
27067
27070
27096
27099
27112
27137
27140
27141
27197
27198
27209
27212
27234
27241
27247
27267
27284
27286
27293
27299
27301
27304
27315
27332
27334
27339
27358
27363
27367
27369
27371
27373
27387
27441
27465
27473
27480
27481
27491
27496
27515
27517
27520
27535
27537
27538
27574
27597
27615
27623
27648
27665
27666
27672
27675
27677
27688
27692
27709
27714
27745
27746
27754
27780
27868
27869
27911
27921
27926
27940
27942
27943
27946
27953
27957
27965
27968
27972
