Group 22.txt from replicate 28
27003
27008
27020
27035
27036
27040
27048
27055
27064
27068
27079
27087
27093
27101
27105
27119
27121
27127
27134
27145
27164
27165
27170
27177
27178
27196
27213
27221
27226
27231
27270
27307
27310
27342
27348
27364
27386
27389
27398
27399
27400
27408
27412
27419
27424
27427
27437
27442
27451
27466
27487
27510
27524
27528
27542
27554
27558
27564
27565
27571
27578
27584
27590
27609
27622
27625
27632
27637
27638
27641
27649
27678
27681
27682
27717
27719
27729
27740
27761
27767
27770
27772
27784
27806
27807
27829
27830
27843
27848
27853
27860
27872
27873
27874
27881
27883
27887
27889
27900
27905
27908
27916
27928
27934
27980
27983
