Group 13.txt from replicate 28
27000
27011
27034
27050
27063
27082
27098
27123
27139
27155
27174
27179
27180
27185
27186
27192
27229
27245
27249
27250
27271
27283
27303
27314
27325
27350
27354
27382
27393
27434
27447
27457
27458
27463
27495
27501
27502
27522
27526
27544
27548
27569
27572
27576
27580
27586
27604
27613
27617
27621
27630
27657
27676
27683
27689
27706
27722
27766
27782
27809
27815
27822
27833
27836
27844
27845
27852
27854
27858
27875
27880
27882
27909
27920
27923
27937
27951
27961
27963
27992
27995
27998
