Group 11.txt from replicate 28
27003
27008
27012
27013
27020
27022
27035
27036
27039
27040
27047
27048
27055
27064
27068
27076
27079
27087
27092
27093
27100
27101
27105
27119
27121
27127
27134
27136
27145
27159
27164
27165
27166
27170
27177
27178
27196
27204
27207
27213
27221
27226
27231
27251
27256
27268
27270
27298
27307
27310
27342
27348
27359
27360
27364
27372
27378
27386
27389
27398
27399
27400
27408
27412
27415
27419
27424
27427
27436
27437
27442
27451
27454
27466
27487
27490
27510
27513
27521
27524
27528
27530
27542
27554
27556
27558
27563
27564
27565
27567
27571
27578
27584
27590
27609
27622
27625
27632
27633
27635
27637
27638
27640
27641
27649
27656
27670
27678
27681
27682
27690
27696
27715
27717
27718
27719
27729
27740
27741
27742
27744
27748
27761
27767
27770
27772
27784
27806
27807
27820
27829
27830
27843
27846
27848
27853
27856
27860
27870
27872
27873
27874
27881
27883
27885
27887
27889
27899
27900
27902
27905
27907
27908
27912
27916
27928
27933
27934
27954
27956
27966
27980
27983
