Group 14.txt from replicate 28
27032
27045
27049
27083
27125
27135
27162
27163
27168
27171
27189
27190
27211
27215
27219
27220
27230
27252
27253
27282
27305
27320
27326
27330
27333
27352
27379
27390
27391
27403
27404
27413
27425
27430
27435
27455
27460
27464
27475
27489
27499
27500
27516
27527
27532
27593
27595
27599
27601
27611
27612
27629
27643
27645
27652
27653
27661
27704
27713
27720
27736
27750
27753
27756
27762
27769
27781
27788
27795
27797
27800
27819
27824
27841
27862
27863
27878
27890
27982
27985
