Group 2.txt from replicate 28
27000
27001
27002
27011
27015
27018
27025
27034
27050
27052
27057
27063
27071
27082
27097
27098
27123
27129
27133
27139
27155
27160
27174
27179
27180
27185
27186
27192
27206
27222
27225
27229
27245
27249
27250
27271
27283
27303
27313
27314
27325
27350
27354
27382
27393
27417
27418
27434
27439
27447
27457
27458
27463
27494
27495
27501
27502
27503
27522
27526
27531
27544
27548
27569
27572
27575
27576
27577
27580
27586
27604
27613
27617
27621
27630
27639
27657
27676
27680
27683
27685
27686
27689
27695
27701
27706
27722
27747
27760
27766
27776
27782
27785
27799
27803
27809
27815
27822
27827
27833
27836
27838
27844
27845
27852
27854
27858
27861
27875
27880
27882
27909
27920
27923
27927
27935
27936
27937
27947
27951
27961
27963
27970
27987
27992
27995
27998
