Group 7.txt from replicate 29
28010
28014
28022
28027
28029
28030
28050
28060
28062
28073
28081
28087
28090
28091
28094
28098
28099
28105
28106
28108
28109
28113
28131
28138
28149
28150
28167
28195
28198
28209
28212
28226
28227
28230
28233
28235
28237
28244
28249
28252
28253
28255
28260
28263
28280
28285
28294
28304
28309
28310
28314
28322
28325
28330
28332
28336
28339
28341
28345
28365
28383
28389
28400
28418
28420
28425
28429
28431
28438
28444
28472
28477
28478
28483
28486
28487
28493
28495
28500
28502
28503
28505
28517
28527
28528
28529
28560
28562
28566
28572
28574
28578
28590
28596
28603
28616
28619
28626
28651
28660
28662
28671
28691
28694
28697
28701
28723
28724
28725
28726
28733
28750
28757
28758
28762
28767
28768
28778
28783
28786
28801
28805
28807
28822
28827
28830
28836
28843
28848
28860
28867
28869
28870
28876
28882
28884
28890
28921
28922
28927
28943
28947
28965
28966
28971
28974
28975
28983
28987
