Group 3.txt from replicate 29
28011
28016
28019
28025
28033
28038
28041
28045
28051
28075
28089
28096
28097
28111
28112
28116
28120
28126
28132
28159
28163
28176
28183
28188
28192
28218
28219
28231
28248
28261
28265
28296
28311
28329
28331
28343
28349
28354
28376
28382
28385
28387
28401
28404
28405
28409
28416
28419
28427
28433
28437
28447
28450
28470
28479
28507
28510
28523
28537
28538
28539
28547
28550
28553
28555
28591
28597
28604
28607
28608
28617
28629
28633
28639
28643
28656
28663
28665
28667
28668
28674
28676
28695
28708
28714
28715
28716
28719
28738
28739
28740
28745
28748
28766
28810
28821
28826
28833
28853
28864
28868
28897
28899
28903
28911
28917
28918
28929
28932
28950
28961
28968
28985
28988
28999
