Group 29.txt from replicate 29
28010
28014
28022
28027
28029
28030
28050
28060
28062
28073
28087
28090
28091
28094
28098
28099
28106
28131
28149
28167
28195
28212
28226
28230
28233
28235
28237
28244
28249
28253
28260
28263
28280
28285
28304
28309
28310
28314
28330
28332
28339
28341
28345
28365
28383
28400
28418
28431
28438
28444
28472
28477
28483
28486
28487
28493
28495
28503
28527
28560
28566
28572
28590
28616
28619
28651
28660
28662
28671
28694
28701
28723
28724
28726
28733
28750
28757
28758
28762
28767
28768
28778
28786
28805
28807
28822
28827
28836
28843
28860
28869
28870
28876
28884
28921
28922
28927
28943
28947
28965
28966
28971
28975
28983
