Group 0.txt from replicate 1
3
4
6
12
14
15
17
22
29
31
41
48
53
55
57
67
71
72
88
91
93
97
98
107
111
113
120
133
136
140
141
142
143
149
151
153
158
162
165
172
176
183
185
188
195
199
204
206
214
217
225
233
234
242
246
248
266
268
279
281
288
291
292
294
295
299
300
315
328
331
333
334
336
348
352
368
370
378
380
383
384
387
396
399
404
416
431
433
437
438
442
447
455
463
464
466
475
476
479
487
489
491
495
498
505
509
510
521
531
535
543
552
556
564
565
567
569
576
577
583
597
599
608
613
618
627
628
633
647
651
652
675
677
679
680
681
685
687
693
695
698
702
708
713
716
722
729
730
739
740
760
762
768
770
771
773
774
776
783
793
794
804
805
809
813
818
841
853
859
878
892
899
901
906
912
922
939
946
952
961
965
971
974
976
977
978
985
988
993
994
997
999
