Group 34.txt from replicate 29
28001
28002
28005
28006
28008
28009
28021
28023
28035
28036
28040
28043
28046
28047
28048
28052
28068
28074
28076
28077
28079
28082
28083
28092
28095
28102
28104
28107
28118
28127
28128
28129
28130
28137
28143
28144
28148
28151
28154
28155
28161
28164
28165
28166
28169
28173
28179
28181
28184
28186
28196
28197
28204
28207
28211
28220
28221
28228
28234
28238
28243
28245
28246
28258
28262
28267
28268
28269
28277
28282
28286
28287
28288
28292
28297
28300
28301
28305
28313
28316
28326
28333
28340
28348
28353
28355
28358
28361
28362
28363
28366
28368
28369
28378
28379
28380
28386
28391
28393
28410
28414
28417
28424
28426
28442
28449
28453
28464
28466
28468
28471
28473
28480
28482
28488
28490
28494
28501
28506
28508
28509
28515
28520
28522
28524
28531
28534
28545
28557
28561
28563
28564
28571
28573
28576
28579
28580
28582
28583
28585
28589
28592
28593
28595
28599
28601
28602
28606
28614
28621
28623
28624
28628
28630
28631
28637
28644
28653
28659
28664
28670
28672
28675
28679
28680
28681
28682
28686
28705
28709
28710
28712
28713
28717
28718
28728
28732
28734
28742
28746
28755
28770
28772
28776
28779
28790
28793
28800
28806
28808
28809
28811
28815
28818
28820
28839
28849
28872
28873
28875
28887
28889
28893
28894
28895
28896
28898
28901
28905
28915
28916
28919
28924
28931
28935
28938
28939
28957
28958
28959
28962
28969
28972
28973
28979
28980
28981
28982
28986
28992
28996
