Group 1.txt from replicate 29
28001
28002
28005
28006
28008
28009
28035
28036
28040
28043
28047
28052
28068
28074
28076
28077
28079
28082
28092
28095
28107
28118
28128
28129
28137
28143
28148
28151
28154
28155
28161
28164
28165
28169
28173
28181
28186
28197
28204
28207
28211
28220
28228
28234
28238
28245
28246
28258
28262
28267
28268
28269
28277
28282
28287
28288
28292
28300
28301
28305
28313
28316
28333
28340
28348
28353
28361
28362
28363
28366
28368
28369
28379
28380
28386
28391
28393
28414
28417
28426
28442
28449
28453
28464
28466
28468
28473
28482
28488
28490
28494
28501
28506
28508
28509
28515
28520
28522
28524
28531
28545
28557
28571
28573
28576
28579
28580
28582
28585
28589
28592
28593
28595
28599
28602
28606
28614
28621
28623
28624
28630
28631
28644
28653
28659
28664
28672
28675
28680
28681
28682
28686
28709
28710
28712
28713
28718
28728
28732
28734
28742
28746
28755
28772
28776
28779
28790
28793
28800
28808
28811
28815
28818
28820
28839
28872
28873
28875
28887
28889
28893
28895
28896
28898
28905
28915
28916
28919
28924
28935
28938
28939
28957
28958
28962
28969
28972
28973
28979
28980
28981
28986
28996
