Group 0.txt from replicate 29
28010
28014
28020
28022
28024
28026
28027
28028
28029
28030
28032
28034
28050
28060
28062
28073
28080
28081
28085
28087
28090
28091
28094
28098
28099
28105
28106
28108
28109
28113
28124
28131
28135
28136
28138
28149
28150
28167
28195
28198
28203
28206
28209
28212
28215
28226
28227
28230
28233
28235
28237
28244
28249
28251
28252
28253
28255
28259
28260
28263
28280
28285
28293
28294
28303
28304
28309
28310
28314
28322
28325
28330
28332
28334
28336
28339
28341
28342
28345
28347
28352
28365
28367
28383
28389
28399
28400
28411
28418
28420
28425
28429
28431
28438
28439
28440
28444
28445
28456
28462
28465
28472
28477
28478
28483
28486
28487
28493
28495
28500
28502
28503
28505
28517
28527
28528
28529
28533
28540
28542
28543
28549
28560
28562
28566
28570
28572
28574
28578
28587
28590
28596
28603
28616
28619
28626
28636
28642
28645
28649
28651
28652
28660
28662
28671
28678
28690
28691
28694
28697
28701
28707
28723
28724
28725
28726
28733
28750
28752
28757
28758
28762
28763
28767
28768
28774
28778
28783
28786
28791
28796
28801
28802
28805
28807
28813
28822
28827
28830
28836
28843
28848
28854
28860
28865
28867
28869
28870
28874
28876
28881
28882
28883
28884
28888
28890
28912
28921
28922
28927
28933
28940
28943
28947
28965
28966
28971
28974
28975
28976
28983
28987
28989
