Group 30.txt from replicate 29
28001
28002
28005
28008
28076
28077
28079
28092
28095
28129
28151
28154
28161
28169
28181
28197
28207
28211
28238
28245
28246
28258
28262
28269
28282
28288
28292
28301
28316
28333
28340
28348
28353
28369
28386
28417
28426
28442
28488
28506
28509
28515
28520
28522
28524
28531
28545
28557
28571
28579
28580
28589
28593
28595
28599
28602
28621
28624
28630
28631
28664
28672
28675
28680
28681
28709
28713
28742
28746
28755
28772
28776
28779
28790
28800
28811
28873
28893
28896
28915
28919
28924
28935
28939
28957
28969
28973
28979
28986
