Group 36.txt from replicate 29
28011
28013
28016
28019
28025
28033
28038
28039
28041
28045
28051
28065
28066
28070
28075
28089
28096
28097
28101
28103
28111
28112
28116
28120
28125
28126
28132
28159
28163
28176
28183
28188
28192
28213
28217
28218
28219
28231
28242
28248
28250
28261
28265
28291
28296
28311
28317
28323
28324
28327
28329
28331
28343
28349
28350
28354
28360
28364
28372
28376
28382
28385
28387
28401
28403
28404
28405
28409
28413
28416
28419
28422
28427
28433
28437
28447
28450
28457
28470
28479
28492
28498
28507
28510
28511
28514
28518
28523
28537
28538
28539
28547
28548
28550
28553
28554
28555
28559
28565
28591
28597
28604
28607
28608
28612
28617
28629
28633
28639
28641
28643
28654
28656
28663
28665
28667
28668
28674
28676
28684
28695
28704
28708
28714
28715
28716
28719
28738
28739
28740
28745
28748
28760
28766
28775
28798
28810
28817
28821
28826
28831
28833
28841
28853
28859
28862
28864
28868
28897
28899
28903
28911
28917
28918
28929
28930
28932
28941
28950
28961
28963
28968
28985
28988
28999
