Group 35.txt from replicate 29
28017
28018
28031
28037
28044
28049
28055
28061
28063
28064
28069
28071
28072
28084
28086
28093
28100
28114
28117
28119
28121
28133
28134
28140
28141
28142
28145
28153
28170
28171
28172
28177
28180
28182
28190
28193
28194
28199
28201
28210
28224
28225
28236
28240
28241
28247
28254
28256
28264
28272
28274
28275
28278
28281
28284
28295
28302
28307
28312
28319
28328
28344
28351
28356
28373
28390
28392
28395
28397
28406
28408
28415
28421
28428
28430
28432
28434
28443
28451
28454
28459
28460
28463
28467
28469
28474
28497
28499
28504
28521
28526
28532
28546
28556
28567
28568
28575
28577
28584
28588
28594
28611
28613
28615
28620
28627
28638
28640
28647
28655
28657
28658
28661
28666
28688
28689
28696
28699
28706
28721
28727
28730
28731
28736
28744
28751
28756
28761
28764
28765
28771
28773
28784
28797
28799
28803
28812
28816
28823
28829
28838
28845
28851
28852
28856
28858
28863
28866
28877
28879
28886
28902
28910
28923
28925
28934
28937
28942
28944
28945
28949
28951
28952
28953
28954
28960
28964
28967
28970
28978
28984
28993
28995
28998
