Group 2.txt from replicate 29
28017
28018
28031
28037
28044
28049
28061
28063
28064
28071
28072
28084
28093
28100
28117
28119
28140
28141
28142
28145
28170
28171
28172
28177
28180
28190
28194
28201
28224
28236
28240
28241
28254
28256
28275
28278
28281
28284
28295
28302
28307
28319
28344
28351
28356
28373
28395
28397
28406
28408
28421
28428
28434
28443
28451
28454
28459
28460
28463
28467
28469
28474
28497
28499
28504
28526
28546
28556
28575
28577
28584
28588
28594
28611
28613
28615
28620
28627
28638
28657
28658
28666
28688
28696
28699
28706
28721
28727
28730
28731
28751
28756
28761
28764
28765
28771
28773
28797
28799
28803
28812
28829
28838
28851
28863
28866
28877
28910
28923
28937
28944
28945
28949
28951
28954
28964
28967
28970
28978
28984
28995
