Group 7.txt from replicate 30
29003
29016
29027
29028
29032
29037
29064
29069
29090
29101
29128
29149
29158
29163
29168
29171
29177
29180
29195
29211
29235
29237
29251
29267
29275
29278
29292
29296
29297
29307
29319
29323
29347
29353
29357
29361
29363
29369
29388
29398
29401
29405
29425
29432
29454
29457
29472
29489
29492
29493
29499
29523
29538
29541
29554
29563
29576
29578
29581
29613
29618
29629
29636
29637
29686
29698
29701
29717
29719
29720
29724
29736
29743
29751
29761
29763
29768
29778
29782
29785
29786
29791
29816
29857
29901
29913
29922
29932
29938
29947
29955
29957
29965
29966
29991
