Group 3.txt from replicate 30
29014
29017
29021
29023
29042
29043
29053
29055
29070
29079
29085
29115
29125
29127
29139
29145
29181
29186
29187
29202
29217
29225
29227
29234
29264
29277
29295
29300
29313
29316
29324
29336
29342
29368
29381
29393
29396
29403
29408
29412
29415
29419
29424
29433
29443
29447
29466
29478
29479
29503
29506
29524
29544
29558
29565
29566
29584
29591
29596
29601
29630
29641
29643
29653
29654
29657
29695
29740
29742
29783
29806
29826
29839
29842
29850
29859
29886
29888
29894
29898
29912
29916
29917
29920
29924
29926
29927
29935
29961
29963
29967
29980
29995
29997
29998
