Group 1.txt from replicate 30
29003
29016
29027
29028
29029
29032
29037
29038
29064
29069
29090
29096
29098
29100
29101
29121
29128
29134
29149
29158
29163
29168
29171
29177
29180
29183
29195
29206
29211
29231
29235
29237
29251
29267
29275
29278
29283
29292
29296
29297
29307
29311
29318
29319
29322
29323
29347
29353
29357
29361
29363
29369
29388
29398
29401
29402
29405
29418
29425
29432
29454
29457
29472
29476
29483
29489
29492
29493
29499
29523
29535
29536
29538
29541
29554
29563
29568
29576
29578
29581
29583
29612
29613
29618
29629
29634
29636
29637
29686
29689
29690
29698
29701
29717
29719
29720
29724
29736
29743
29751
29761
29763
29768
29778
29782
29785
29786
29791
29811
29816
29857
29880
29901
29913
29922
29932
29938
29947
29955
29957
29965
29966
29985
29986
29991
