Group 0.txt from replicate 30
29001
29002
29020
29024
29030
29035
29057
29059
29062
29065
29068
29076
29103
29110
29117
29138
29140
29143
29147
29148
29150
29164
29182
29189
29192
29197
29208
29209
29222
29230
29232
29233
29241
29243
29244
29252
29255
29269
29272
29280
29285
29286
29293
29294
29301
29303
29309
29327
29329
29333
29335
29343
29350
29359
29362
29364
29365
29366
29371
29391
29399
29407
29410
29411
29417
29422
29430
29439
29440
29441
29451
29460
29463
29467
29481
29487
29491
29497
29501
29502
29515
29522
29528
29530
29537
29542
29548
29550
29557
29572
29573
29575
29577
29588
29589
29590
29598
29600
29602
29603
29606
29621
29625
29627
29632
29633
29639
29642
29645
29651
29658
29661
29665
29666
29681
29684
29687
29688
29693
29696
29699
29700
29708
29711
29713
29715
29728
29729
29737
29738
29741
29750
29752
29754
29755
29760
29762
29764
29773
29780
29781
29788
29793
29796
29798
29799
29812
29813
29817
29818
29819
29820
29822
29825
29829
29831
29833
29838
29843
29860
29871
29882
29889
29891
29903
29905
29909
29914
29925
29931
29937
29941
29942
29943
29950
29953
29969
29971
29972
29983
29990
29993
