Group 22.txt from replicate 30
29000
29007
29011
29014
29015
29017
29019
29021
29023
29025
29042
29043
29050
29051
29053
29055
29063
29070
29079
29081
29085
29089
29111
29115
29125
29126
29127
29129
29132
29139
29145
29160
29165
29169
29170
29181
29185
29186
29187
29202
29210
29217
29224
29225
29227
29234
29261
29264
29277
29289
29295
29300
29312
29313
29314
29316
29317
29324
29328
29331
29334
29336
29338
29342
29346
29348
29355
29356
29360
29368
29373
29374
29381
29385
29390
29392
29393
29395
29396
29403
29408
29412
29415
29419
29424
29433
29442
29443
29444
29447
29458
29465
29466
29471
29477
29478
29479
29482
29494
29503
29505
29506
29508
29510
29513
29519
29524
29531
29544
29558
29565
29566
29579
29582
29584
29591
29596
29601
29609
29617
29620
29630
29631
29638
29641
29643
29646
29647
29650
29653
29654
29657
29664
29685
29691
29695
29706
29709
29716
29721
29725
29735
29740
29742
29746
29747
29748
29758
29771
29774
29783
29784
29803
29806
29808
29821
29826
29839
29842
29850
29859
29861
29869
29886
29888
29893
29894
29898
29904
29912
29916
29917
29918
29920
29924
29926
29927
29934
29935
29936
29944
29954
29961
29963
29967
29980
29995
29997
29998
