Group 20.txt from replicate 30
29001
29002
29004
29020
29024
29030
29033
29035
29041
29044
29045
29052
29057
29059
29062
29065
29066
29068
29071
29076
29082
29084
29086
29088
29103
29105
29106
29110
29117
29119
29133
29135
29136
29138
29140
29143
29147
29148
29150
29157
29164
29172
29173
29182
29189
29190
29192
29197
29208
29209
29216
29218
29222
29230
29232
29233
29236
29241
29243
29244
29248
29252
29255
29256
29263
29268
29269
29270
29272
29280
29285
29286
29290
29293
29294
29301
29303
29304
29306
29309
29325
29327
29329
29333
29335
29343
29344
29345
29350
29359
29362
29364
29365
29366
29371
29377
29380
29382
29391
29399
29404
29407
29410
29411
29417
29422
29427
29430
29431
29436
29439
29440
29441
29446
29451
29460
29463
29467
29481
29487
29491
29497
29500
29501
29502
29511
29512
29515
29522
29528
29529
29530
29537
29540
29542
29543
29548
29550
29553
29555
29557
29562
29572
29573
29575
29577
29588
29589
29590
29598
29600
29602
29603
29606
29619
29621
29625
29627
29632
29633
29639
29640
29642
29645
29648
29651
29655
29658
29661
29665
29666
29668
29681
29684
29687
29688
29693
29694
29696
29699
29700
29705
29708
29711
29713
29715
29727
29728
29729
29737
29738
29741
29750
29752
29754
29755
29760
29762
29764
29773
29776
29777
29780
29781
29788
29789
29792
29793
29796
29798
29799
29802
29805
29810
29812
29813
29815
29817
29818
29819
29820
29822
29825
29829
29831
29833
29838
29843
29852
29854
29858
29860
29863
29871
29874
29882
29889
29891
29896
29903
29905
29907
29909
29911
29914
29925
29928
29929
29931
29937
29940
29941
29942
29943
29949
29950
29952
29953
29958
29968
29969
29970
29971
29972
29976
29977
29978
29983
29990
29993
