Group 6.txt from replicate 30
29001
29002
29024
29035
29062
29065
29068
29103
29117
29138
29140
29143
29147
29148
29150
29164
29182
29189
29192
29197
29222
29233
29241
29243
29244
29252
29255
29280
29285
29293
29294
29309
29327
29329
29333
29335
29343
29350
29364
29365
29371
29391
29399
29411
29422
29430
29439
29440
29441
29451
29463
29487
29491
29497
29501
29502
29515
29522
29530
29537
29542
29548
29550
29557
29572
29575
29577
29590
29598
29602
29603
29606
29621
29625
29627
29633
29639
29642
29658
29661
29665
29666
29681
29684
29687
29688
29693
29699
29700
29708
29711
29713
29715
29728
29729
29737
29741
29750
29755
29773
29781
29788
29793
29796
29798
29799
29812
29819
29820
29822
29829
29831
29838
29860
29889
29891
29909
29914
29925
29931
29937
29941
29942
29943
29950
29969
29971
29972
29983
29993
