Group 21.txt from replicate 30
29003
29016
29027
29028
29029
29032
29037
29038
29046
29064
29069
29073
29074
29090
29094
29096
29097
29098
29099
29100
29101
29121
29124
29128
29131
29134
29141
29144
29146
29149
29153
29158
29159
29163
29168
29171
29177
29180
29183
29184
29195
29196
29206
29207
29211
29215
29221
29228
29229
29231
29235
29237
29250
29251
29254
29262
29266
29267
29273
29275
29278
29283
29284
29292
29296
29297
29307
29311
29315
29318
29319
29320
29322
29323
29330
29332
29341
29347
29353
29357
29361
29363
29369
29378
29383
29384
29388
29397
29398
29400
29401
29402
29405
29406
29409
29416
29418
29421
29425
29432
29437
29438
29448
29449
29454
29456
29457
29468
29470
29472
29474
29476
29483
29489
29492
29493
29496
29499
29521
29523
29525
29526
29532
29533
29535
29536
29538
29541
29545
29554
29563
29567
29568
29569
29576
29578
29581
29583
29592
29599
29604
29607
29610
29612
29613
29618
29626
29629
29634
29636
29637
29652
29656
29660
29663
29669
29673
29677
29682
29686
29689
29690
29698
29701
29703
29710
29717
29719
29720
29724
29731
29732
29734
29736
29739
29743
29745
29751
29759
29761
29763
29768
29769
29778
29782
29785
29786
29791
29794
29801
29804
29811
29816
29827
29830
29836
29846
29847
29857
29875
29878
29880
29884
29887
29901
29910
29913
29915
29922
29923
29932
29938
29947
29955
29957
29964
29965
29966
29975
29979
29985
29986
29989
29991
29996
