Group 23.txt from replicate 30
29005
29008
29009
29013
29018
29022
29034
29039
29040
29049
29054
29056
29060
29061
29067
29072
29075
29077
29080
29083
29091
29093
29095
29102
29104
29107
29120
29130
29137
29151
29154
29155
29156
29161
29167
29174
29176
29178
29191
29193
29194
29198
29199
29200
29201
29204
29213
29226
29240
29242
29245
29247
29249
29257
29259
29260
29281
29287
29288
29298
29299
29302
29305
29308
29310
29339
29358
29370
29372
29376
29386
29387
29394
29414
29420
29423
29426
29434
29435
29445
29450
29459
29464
29469
29475
29480
29484
29485
29490
29509
29527
29534
29547
29551
29552
29556
29559
29560
29561
29570
29571
29586
29594
29595
29597
29608
29611
29614
29616
29623
29628
29635
29644
29649
29670
29672
29675
29676
29702
29704
29722
29723
29726
29733
29744
29749
29753
29756
29765
29767
29775
29779
29807
29814
29828
29834
29835
29837
29840
29841
29844
29845
29848
29849
29853
29855
29856
29866
29867
29868
29870
29873
29877
29881
29890
29892
29899
29902
29906
29930
29948
29951
29956
29960
29973
29974
29981
29982
29984
29987
29988
29999
