Group 2.txt from replicate 30
29008
29009
29013
29018
29022
29034
29039
29054
29056
29060
29067
29072
29080
29083
29091
29093
29102
29104
29107
29120
29130
29151
29154
29156
29161
29167
29174
29176
29191
29194
29200
29201
29213
29240
29242
29249
29257
29298
29299
29305
29308
29358
29372
29386
29387
29394
29414
29434
29450
29459
29464
29469
29475
29480
29490
29509
29534
29547
29551
29561
29571
29595
29597
29608
29611
29614
29623
29628
29644
29649
29670
29675
29676
29704
29722
29726
29733
29749
29756
29767
29775
29779
29807
29834
29835
29837
29844
29845
29848
29866
29867
29873
29877
29890
29892
29899
29906
29930
29951
29956
29960
29973
29974
29984
29987
29988
29999
