Group 7.txt from replicate 31
30001
30010
30013
30022
30025
30031
30039
30052
30054
30059
30061
30063
30069
30071
30080
30093
30095
30096
30112
30114
30119
30120
30121
30124
30136
30137
30151
30154
30160
30162
30165
30191
30193
30195
30207
30211
30221
30237
30242
30244
30248
30258
30262
30264
30271
30303
30321
30327
30342
30354
30356
30363
30374
30380
30396
30400
30406
30408
30411
30419
30427
30450
30459
30463
30485
30490
30516
30526
30558
30564
30573
30580
30583
30591
30592
30595
30597
30603
30607
30621
30622
30630
30637
30655
30656
30663
30666
30680
30694
30696
30700
30702
30705
30714
30719
30736
30737
30740
30742
30751
30757
30761
30762
30764
30779
30784
30788
30797
30800
30801
30810
30813
30816
30817
30820
30826
30864
30878
30882
30886
30889
30893
30896
30907
30910
30938
30946
30951
30953
30968
30981
30982
30999
