Group 3.txt from replicate 31
30011
30015
30016
30076
30092
30123
30131
30134
30141
30149
30153
30186
30187
30231
30232
30243
30255
30273
30276
30277
30280
30285
30300
30304
30307
30309
30323
30325
30328
30340
30372
30378
30382
30384
30389
30391
30401
30402
30412
30417
30424
30437
30458
30502
30518
30544
30565
30596
30599
30624
30628
30632
30636
30639
30652
30660
30662
30682
30683
30710
30717
30728
30730
30732
30743
30747
30749
30759
30773
30802
30814
30821
30836
30839
30840
30844
30847
30857
30859
30860
30872
30887
30888
30914
30925
30928
30934
30937
30942
30948
30954
30958
30965
30978
