Group 8.txt from replicate 31
30000
30004
30029
30032
30045
30049
30065
30067
30082
30094
30097
30109
30115
30125
30132
30145
30147
30158
30159
30163
30164
30166
30173
30176
30199
30204
30217
30220
30224
30240
30245
30253
30263
30266
30298
30299
30324
30331
30343
30357
30381
30385
30386
30390
30394
30397
30405
30420
30423
30432
30435
30455
30461
30472
30477
30487
30492
30494
30496
30507
30514
30542
30552
30553
30555
30560
30561
30569
30575
30579
30582
30631
30642
30643
30659
30674
30678
30684
30693
30698
30716
30727
30731
30745
30756
30758
30763
30789
30793
30841
30845
30854
30863
30870
30890
30898
30900
30902
30930
30941
30955
30959
30960
30961
30969
30970
30972
30973
30974
30983
30984
30991
30996
