Group 25.txt from replicate 31
30003
30006
30017
30020
30024
30035
30036
30040
30043
30046
30060
30103
30104
30105
30106
30111
30113
30118
30122
30130
30133
30150
30172
30180
30182
30184
30190
30197
30223
30228
30229
30260
30286
30295
30315
30320
30329
30333
30334
30347
30359
30364
30365
30366
30367
30371
30373
30375
30387
30392
30414
30416
30418
30422
30433
30434
30436
30443
30452
30453
30460
30462
30465
30466
30474
30482
30488
30505
30508
30509
30513
30519
30524
30532
30539
30540
30541
30547
30551
30554
30559
30566
30567
30570
30578
30584
30586
30588
30594
30600
30601
30605
30606
30608
30609
30610
30613
30616
30618
30633
30638
30647
30651
30654
30657
30658
30665
30672
30685
30704
30709
30711
30712
30723
30726
30735
30738
30739
30748
30750
30755
30767
30768
30769
30772
30777
30780
30782
30783
30791
30794
30798
30815
30824
30835
30842
30858
30861
30883
30884
30885
30901
30903
30904
30909
30915
30919
30921
30927
30932
30945
30956
30979
30985
30990
30995
30997
