Group 1.txt from replicate 31
30000
30004
30005
30009
30014
30027
30029
30032
30045
30049
30057
30064
30065
30067
30073
30082
30084
30086
30094
30097
30098
30108
30109
30115
30125
30128
30132
30145
30147
30152
30158
30159
30161
30163
30164
30166
30167
30173
30176
30179
30199
30202
30204
30210
30217
30220
30224
30240
30245
30250
30253
30263
30266
30272
30282
30290
30291
30298
30299
30306
30313
30319
30324
30331
30343
30357
30360
30376
30377
30381
30385
30386
30390
30394
30397
30405
30420
30423
30428
30431
30432
30435
30444
30449
30455
30461
30472
30477
30484
30487
30492
30494
30496
30507
30514
30520
30528
30530
30533
30535
30537
30538
30542
30552
30553
30555
30556
30560
30561
30569
30575
30577
30579
30582
30590
30612
30614
30626
30631
30640
30642
30643
30659
30671
30674
30678
30684
30693
30698
30708
30716
30727
30731
30745
30756
30758
30763
30765
30778
30789
30793
30803
30804
30809
30828
30829
30841
30845
30846
30851
30854
30856
30863
30867
30868
30870
30890
30892
30895
30898
30900
30902
30913
30924
30930
30941
30947
30955
30959
30960
30961
30964
30969
30970
30972
30973
30974
30980
30983
30984
30987
30991
30994
30996
