Group 0.txt from replicate 31
30001
30002
30010
30013
30022
30025
30026
30031
30039
30041
30052
30054
30058
30059
30061
30063
30069
30071
30080
30083
30093
30095
30096
30112
30114
30119
30120
30121
30124
30126
30136
30137
30143
30144
30151
30154
30160
30162
30165
30169
30170
30174
30185
30191
30192
30193
30195
30207
30208
30211
30212
30213
30214
30221
30226
30227
30233
30234
30237
30242
30244
30248
30252
30256
30258
30262
30264
30265
30271
30284
30289
30303
30321
30326
30327
30342
30344
30354
30356
30363
30374
30380
30388
30396
30400
30406
30408
30411
30419
30427
30439
30442
30450
30459
30463
30468
30469
30470
30475
30476
30485
30490
30497
30501
30516
30525
30526
30534
30558
30564
30571
30573
30580
30583
30591
30592
30593
30595
30597
30598
30602
30603
30607
30621
30622
30629
30630
30637
30648
30655
30656
30663
30666
30667
30673
30680
30690
30694
30696
30700
30702
30705
30714
30719
30736
30737
30740
30741
30742
30751
30752
30753
30757
30760
30761
30762
30764
30775
30779
30784
30788
30797
30799
30800
30801
30810
30812
30813
30816
30817
30820
30826
30832
30853
30864
30865
30878
30882
30886
30889
30893
30896
30907
30910
30917
30922
30935
30938
30946
30951
30952
30953
30968
30981
30982
30999
