Group 24.txt from replicate 31
30000
30004
30005
30009
30014
30023
30027
30029
30032
30045
30049
30050
30057
30064
30065
30067
30073
30078
30082
30084
30085
30086
30089
30094
30097
30098
30108
30109
30115
30116
30125
30128
30132
30138
30145
30146
30147
30152
30158
30159
30161
30163
30164
30166
30167
30173
30175
30176
30179
30194
30199
30202
30204
30209
30210
30216
30217
30220
30224
30230
30240
30245
30249
30250
30253
30263
30266
30272
30275
30282
30290
30291
30293
30298
30299
30306
30310
30312
30313
30319
30324
30331
30335
30337
30343
30346
30357
30360
30361
30376
30377
30381
30385
30386
30390
30394
30397
30398
30403
30405
30415
30420
30421
30423
30428
30431
30432
30435
30438
30441
30444
30448
30449
30455
30461
30472
30477
30484
30486
30487
30492
30494
30496
30503
30506
30507
30514
30520
30528
30530
30533
30535
30537
30538
30542
30545
30546
30552
30553
30555
30556
30560
30561
30562
30569
30575
30577
30579
30582
30590
30612
30614
30615
30620
30623
30626
30631
30640
30642
30643
30659
30668
30670
30671
30674
30678
30684
30691
30693
30695
30697
30698
30703
30708
30716
30721
30725
30727
30731
30733
30745
30756
30758
30763
30765
30766
30778
30785
30789
30793
30803
30804
30806
30809
30811
30818
30819
30825
30828
30829
30834
30838
30841
30843
30845
30846
30850
30851
30854
30856
30863
30867
30868
30870
30874
30890
30892
30895
30897
30898
30900
30902
30906
30913
30924
30930
30939
30941
30943
30947
30949
30950
30955
30959
30960
30961
30964
30967
30969
30970
30972
30973
30974
30980
30983
30984
30987
30991
30994
30996
