Group 23.txt from replicate 31
30001
30002
30010
30012
30013
30018
30021
30022
30025
30026
30030
30031
30039
30041
30042
30044
30052
30054
30058
30059
30061
30063
30069
30071
30075
30079
30080
30083
30088
30091
30093
30095
30096
30101
30112
30114
30117
30119
30120
30121
30124
30126
30136
30137
30143
30144
30151
30154
30156
30157
30160
30162
30165
30168
30169
30170
30174
30185
30188
30191
30192
30193
30195
30205
30207
30208
30211
30212
30213
30214
30218
30221
30226
30227
30233
30234
30236
30237
30242
30244
30248
30252
30254
30256
30257
30258
30259
30262
30264
30265
30271
30279
30283
30284
30287
30289
30292
30301
30303
30317
30321
30326
30327
30332
30342
30344
30354
30356
30363
30369
30370
30374
30379
30380
30383
30388
30393
30396
30399
30400
30404
30406
30407
30408
30411
30419
30427
30429
30439
30442
30447
30450
30456
30459
30463
30464
30468
30469
30470
30473
30475
30476
30480
30485
30490
30491
30495
30497
30501
30504
30512
30516
30522
30525
30526
30527
30534
30558
30564
30571
30572
30573
30574
30580
30581
30583
30585
30587
30589
30591
30592
30593
30595
30597
30598
30602
30603
30607
30611
30621
30622
30629
30630
30637
30648
30650
30655
30656
30663
30664
30666
30667
30669
30673
30680
30681
30689
30690
30694
30696
30699
30700
30702
30705
30706
30714
30719
30724
30736
30737
30740
30741
30742
30744
30746
30751
30752
30753
30757
30760
30761
30762
30764
30774
30775
30776
30779
30781
30784
30786
30788
30797
30799
30800
30801
30807
30810
30812
30813
30816
30817
30820
30822
30823
30826
30831
30832
30833
30849
30853
30855
30862
30864
30865
30869
30873
30877
30878
30882
30886
30889
30893
30896
30899
30907
30908
30910
30912
30916
30917
30920
30922
30929
30931
30935
30936
30938
30944
30946
30951
30952
30953
30968
30975
30981
30982
30988
30992
30999
