Group 2.txt from replicate 31
30017
30020
30035
30036
30040
30046
30104
30105
30106
30113
30118
30122
30130
30133
30150
30172
30180
30182
30184
30190
30223
30228
30229
30315
30333
30334
30359
30364
30365
30367
30371
30375
30387
30392
30414
30418
30422
30434
30436
30452
30453
30460
30462
30465
30466
30474
30482
30505
30508
30513
30519
30524
30532
30540
30541
30551
30559
30567
30578
30584
30586
30600
30601
30605
30609
30613
30616
30618
30633
30638
30651
30657
30665
30672
30685
30704
30709
30712
30723
30726
30738
30739
30748
30750
30767
30772
30777
30782
30783
30798
30815
30824
30835
30858
30861
30883
30884
30885
30901
30903
30909
30919
30921
30932
30956
30979
30985
30990
30995
30997
