Group 7.txt from replicate 32
31024
31026
31029
31034
31044
31050
31051
31057
31063
31078
31081
31094
31106
31109
31112
31115
31120
31137
31138
31144
31148
31158
31160
31161
31177
31187
31188
31200
31212
31215
31224
31225
31234
31247
31248
31258
31261
31264
31268
31282
31286
31288
31306
31313
31316
31322
31340
31344
31345
31348
31349
31351
31361
31371
31382
31388
31394
31398
31405
31409
31415
31416
31451
31464
31473
31475
31495
31496
31503
31505
31509
31520
31527
31528
31530
31531
31562
31575
31579
31582
31600
31618
31634
31643
31658
31670
31672
31677
31700
31701
31712
31713
31720
31723
31727
31730
31751
31754
31759
31769
31791
31798
31807
31810
31812
31817
31831
31837
31838
31840
31846
31849
31850
31876
31891
31902
31903
31913
31918
31944
31957
31979
