Group 3.txt from replicate 32
31006
31028
31055
31062
31066
31068
31075
31080
31107
31117
31129
31149
31152
31199
31219
31230
31235
31259
31272
31283
31297
31298
31352
31358
31370
31392
31399
31438
31447
31469
31479
31483
31484
31498
31538
31547
31551
31555
31556
31565
31569
31572
31593
31597
31608
31613
31627
31632
31647
31659
31664
31666
31673
31675
31680
31684
31695
31702
31717
31724
31738
31744
31763
31768
31770
31784
31806
31841
31859
31881
31892
31897
31905
31916
31924
31932
31959
31961
31963
31965
31989
