Group 8.txt from replicate 32
31007
31019
31020
31021
31033
31042
31045
31049
31054
31059
31072
31074
31086
31110
31111
31118
31131
31139
31154
31168
31182
31190
31195
31196
31204
31208
31217
31262
31263
31265
31270
31275
31280
31299
31300
31326
31329
31350
31365
31374
31402
31417
31424
31431
31461
31478
31506
31508
31512
31513
31521
31526
31537
31546
31552
31559
31573
31574
31611
31614
31622
31638
31655
31656
31660
31661
31663
31683
31705
31721
31732
31737
31752
31753
31781
31790
31796
31803
31814
31839
31847
31854
31865
31871
31898
31901
31925
31945
31949
31950
31952
31972
31974
31986
31988
