Group 19.txt from replicate 32
31006
31014
31017
31023
31028
31032
31047
31055
31062
31066
31068
31075
31080
31084
31085
31089
31107
31117
31129
31149
31151
31152
31176
31199
31203
31207
31219
31228
31230
31231
31235
31245
31259
31269
31272
31276
31283
31297
31298
31304
31318
31330
31337
31346
31352
31358
31364
31370
31384
31392
31399
31427
31438
31447
31448
31450
31465
31469
31479
31483
31484
31491
31498
31501
31515
31523
31532
31538
31547
31551
31555
31556
31560
31564
31565
31567
31569
31572
31588
31593
31597
31605
31608
31609
31613
31621
31625
31627
31632
31639
31641
31645
31647
31659
31664
31666
31673
31675
31680
31681
31684
31695
31696
31702
31717
31719
31724
31738
31744
31746
31763
31766
31768
31770
31784
31786
31788
31799
31806
31811
31818
31827
31830
31841
31856
31859
31869
31872
31881
31889
31892
31897
31900
31905
31911
31916
31924
31932
31938
31946
31956
31958
31959
31961
31963
31964
31965
31966
31969
31984
31989
