Group 1.txt from replicate 32
31007
31019
31020
31021
31033
31042
31045
31049
31054
31059
31060
31072
31074
31083
31086
31090
31110
31111
31113
31118
31123
31127
31131
31133
31139
31146
31154
31168
31182
31190
31195
31196
31204
31205
31208
31214
31217
31262
31263
31265
31270
31275
31280
31299
31300
31307
31321
31326
31329
31350
31365
31374
31397
31400
31402
31412
31417
31424
31426
31430
31431
31436
31452
31453
31461
31474
31477
31478
31489
31506
31507
31508
31512
31513
31516
31521
31526
31537
31544
31546
31548
31552
31559
31573
31574
31577
31611
31614
31617
31622
31636
31638
31655
31656
31660
31661
31663
31679
31682
31683
31705
31721
31732
31735
31737
31739
31752
31753
31764
31775
31781
31789
31790
31794
31796
31803
31814
31839
31847
31848
31854
31864
31865
31871
31885
31898
31901
31908
31912
31925
31937
31945
31949
31950
31952
31967
31972
31974
31983
31986
31988
31998
