# 572 _-1-1-1-1
7.000000000000000000e+00
8.000000000000000000e+00
1.100000000000000000e+01
1.900000000000000000e+01
3.200000000000000000e+01
3.500000000000000000e+01
3.600000000000000000e+01
4.000000000000000000e+01
4.800000000000000000e+01
4.900000000000000000e+01
5.500000000000000000e+01
5.600000000000000000e+01
6.400000000000000000e+01
6.700000000000000000e+01
6.800000000000000000e+01
7.000000000000000000e+01
8.700000000000000000e+01
9.600000000000000000e+01
9.900000000000000000e+01
1.010000000000000000e+02
1.050000000000000000e+02
1.120000000000000000e+02
1.210000000000000000e+02
1.230000000000000000e+02
1.250000000000000000e+02
1.270000000000000000e+02
1.340000000000000000e+02
1.350000000000000000e+02
1.370000000000000000e+02
1.390000000000000000e+02
1.400000000000000000e+02
1.410000000000000000e+02
1.420000000000000000e+02
1.630000000000000000e+02
1.680000000000000000e+02
1.700000000000000000e+02
1.710000000000000000e+02
1.770000000000000000e+02
1.800000000000000000e+02
1.960000000000000000e+02
1.970000000000000000e+02
1.980000000000000000e+02
2.090000000000000000e+02
2.120000000000000000e+02
2.130000000000000000e+02
2.200000000000000000e+02
2.210000000000000000e+02
2.260000000000000000e+02
2.310000000000000000e+02
2.340000000000000000e+02
2.410000000000000000e+02
2.470000000000000000e+02
2.500000000000000000e+02
2.670000000000000000e+02
2.840000000000000000e+02
2.860000000000000000e+02
2.930000000000000000e+02
2.990000000000000000e+02
3.010000000000000000e+02
3.030000000000000000e+02
3.040000000000000000e+02
3.050000000000000000e+02
3.070000000000000000e+02
3.100000000000000000e+02
3.140000000000000000e+02
3.150000000000000000e+02
3.200000000000000000e+02
3.260000000000000000e+02
3.320000000000000000e+02
3.340000000000000000e+02
3.390000000000000000e+02
3.420000000000000000e+02
3.480000000000000000e+02
3.500000000000000000e+02
3.520000000000000000e+02
3.540000000000000000e+02
3.580000000000000000e+02
3.610000000000000000e+02
3.630000000000000000e+02
3.670000000000000000e+02
3.690000000000000000e+02
3.710000000000000000e+02
3.730000000000000000e+02
3.790000000000000000e+02
3.860000000000000000e+02
3.870000000000000000e+02
3.900000000000000000e+02
3.980000000000000000e+02
4.080000000000000000e+02
4.120000000000000000e+02
4.190000000000000000e+02
4.240000000000000000e+02
4.270000000000000000e+02
4.410000000000000000e+02
4.470000000000000000e+02
4.550000000000000000e+02
4.570000000000000000e+02
4.630000000000000000e+02
4.650000000000000000e+02
4.660000000000000000e+02
4.730000000000000000e+02
4.800000000000000000e+02
4.810000000000000000e+02
4.870000000000000000e+02
4.910000000000000000e+02
4.960000000000000000e+02
4.970000000000000000e+02
5.100000000000000000e+02
5.150000000000000000e+02
5.160000000000000000e+02
5.170000000000000000e+02
5.200000000000000000e+02
5.260000000000000000e+02
5.280000000000000000e+02
5.350000000000000000e+02
5.370000000000000000e+02
5.380000000000000000e+02
5.420000000000000000e+02
5.440000000000000000e+02
5.540000000000000000e+02
5.580000000000000000e+02
5.640000000000000000e+02
5.650000000000000000e+02
5.710000000000000000e+02
5.720000000000000000e+02
5.740000000000000000e+02
5.900000000000000000e+02
5.970000000000000000e+02
5.990000000000000000e+02
6.090000000000000000e+02
6.110000000000000000e+02
6.120000000000000000e+02
6.130000000000000000e+02
6.150000000000000000e+02
6.210000000000000000e+02
6.220000000000000000e+02
6.230000000000000000e+02
6.370000000000000000e+02
6.410000000000000000e+02
6.450000000000000000e+02
6.480000000000000000e+02
6.520000000000000000e+02
6.530000000000000000e+02
6.650000000000000000e+02
6.660000000000000000e+02
6.720000000000000000e+02
6.750000000000000000e+02
6.770000000000000000e+02
6.810000000000000000e+02
6.820000000000000000e+02
6.880000000000000000e+02
6.920000000000000000e+02
7.090000000000000000e+02
7.130000000000000000e+02
7.140000000000000000e+02
7.170000000000000000e+02
7.190000000000000000e+02
7.360000000000000000e+02
7.400000000000000000e+02
7.450000000000000000e+02
7.460000000000000000e+02
7.500000000000000000e+02
7.540000000000000000e+02
7.560000000000000000e+02
7.610000000000000000e+02
7.660000000000000000e+02
7.670000000000000000e+02
7.700000000000000000e+02
7.800000000000000000e+02
7.820000000000000000e+02
7.840000000000000000e+02
7.970000000000000000e+02
8.060000000000000000e+02
8.070000000000000000e+02
8.300000000000000000e+02
8.330000000000000000e+02
8.440000000000000000e+02
8.480000000000000000e+02
8.530000000000000000e+02
8.580000000000000000e+02
8.620000000000000000e+02
8.630000000000000000e+02
8.680000000000000000e+02
8.690000000000000000e+02
8.720000000000000000e+02
8.730000000000000000e+02
8.740000000000000000e+02
8.810000000000000000e+02
8.900000000000000000e+02
8.960000000000000000e+02
9.050000000000000000e+02
9.080000000000000000e+02
9.110000000000000000e+02
9.210000000000000000e+02
9.230000000000000000e+02
9.260000000000000000e+02
9.400000000000000000e+02
9.420000000000000000e+02
9.430000000000000000e+02
9.460000000000000000e+02
9.510000000000000000e+02
9.530000000000000000e+02
9.570000000000000000e+02
9.650000000000000000e+02
9.680000000000000000e+02
9.720000000000000000e+02
9.820000000000000000e+02
9.830000000000000000e+02
9.850000000000000000e+02
