# 346 _-10
1.000000000000000000e+00
2.000000000000000000e+00
4.000000000000000000e+00
9.000000000000000000e+00
1.500000000000000000e+01
1.700000000000000000e+01
1.800000000000000000e+01
2.500000000000000000e+01
2.700000000000000000e+01
2.800000000000000000e+01
4.100000000000000000e+01
5.200000000000000000e+01
5.700000000000000000e+01
5.800000000000000000e+01
5.900000000000000000e+01
6.000000000000000000e+01
6.100000000000000000e+01
6.200000000000000000e+01
6.500000000000000000e+01
6.600000000000000000e+01
6.900000000000000000e+01
7.100000000000000000e+01
7.200000000000000000e+01
7.500000000000000000e+01
7.700000000000000000e+01
8.100000000000000000e+01
8.400000000000000000e+01
9.700000000000000000e+01
1.090000000000000000e+02
1.140000000000000000e+02
1.150000000000000000e+02
1.170000000000000000e+02
1.280000000000000000e+02
1.290000000000000000e+02
1.330000000000000000e+02
1.380000000000000000e+02
1.430000000000000000e+02
1.440000000000000000e+02
1.480000000000000000e+02
1.600000000000000000e+02
1.810000000000000000e+02
1.910000000000000000e+02
2.000000000000000000e+02
2.010000000000000000e+02
2.060000000000000000e+02
2.140000000000000000e+02
2.160000000000000000e+02
2.170000000000000000e+02
2.220000000000000000e+02
2.230000000000000000e+02
2.250000000000000000e+02
2.270000000000000000e+02
2.280000000000000000e+02
2.350000000000000000e+02
2.400000000000000000e+02
2.480000000000000000e+02
2.580000000000000000e+02
2.630000000000000000e+02
2.790000000000000000e+02
2.810000000000000000e+02
2.850000000000000000e+02
2.950000000000000000e+02
3.130000000000000000e+02
3.280000000000000000e+02
3.290000000000000000e+02
3.310000000000000000e+02
3.350000000000000000e+02
3.370000000000000000e+02
3.380000000000000000e+02
3.460000000000000000e+02
3.490000000000000000e+02
3.510000000000000000e+02
3.530000000000000000e+02
3.570000000000000000e+02
3.660000000000000000e+02
3.770000000000000000e+02
3.800000000000000000e+02
3.920000000000000000e+02
3.970000000000000000e+02
4.050000000000000000e+02
4.170000000000000000e+02
4.180000000000000000e+02
4.210000000000000000e+02
4.330000000000000000e+02
4.390000000000000000e+02
4.450000000000000000e+02
4.490000000000000000e+02
4.500000000000000000e+02
4.560000000000000000e+02
4.610000000000000000e+02
4.670000000000000000e+02
4.690000000000000000e+02
4.710000000000000000e+02
4.720000000000000000e+02
4.780000000000000000e+02
4.930000000000000000e+02
4.940000000000000000e+02
5.030000000000000000e+02
5.040000000000000000e+02
5.120000000000000000e+02
5.180000000000000000e+02
5.310000000000000000e+02
5.390000000000000000e+02
5.430000000000000000e+02
5.450000000000000000e+02
5.510000000000000000e+02
5.590000000000000000e+02
5.620000000000000000e+02
5.680000000000000000e+02
5.750000000000000000e+02
5.770000000000000000e+02
5.810000000000000000e+02
5.820000000000000000e+02
5.850000000000000000e+02
5.920000000000000000e+02
6.070000000000000000e+02
6.080000000000000000e+02
6.160000000000000000e+02
6.270000000000000000e+02
6.310000000000000000e+02
6.390000000000000000e+02
6.440000000000000000e+02
6.460000000000000000e+02
6.500000000000000000e+02
6.540000000000000000e+02
6.550000000000000000e+02
6.620000000000000000e+02
6.640000000000000000e+02
6.680000000000000000e+02
6.710000000000000000e+02
6.740000000000000000e+02
6.790000000000000000e+02
6.800000000000000000e+02
6.850000000000000000e+02
6.860000000000000000e+02
6.930000000000000000e+02
6.940000000000000000e+02
6.950000000000000000e+02
6.990000000000000000e+02
7.010000000000000000e+02
7.030000000000000000e+02
7.050000000000000000e+02
7.120000000000000000e+02
7.160000000000000000e+02
7.230000000000000000e+02
7.250000000000000000e+02
7.310000000000000000e+02
7.330000000000000000e+02
7.390000000000000000e+02
7.430000000000000000e+02
7.470000000000000000e+02
7.490000000000000000e+02
7.520000000000000000e+02
7.550000000000000000e+02
7.570000000000000000e+02
7.580000000000000000e+02
7.600000000000000000e+02
7.680000000000000000e+02
7.740000000000000000e+02
7.760000000000000000e+02
7.780000000000000000e+02
7.790000000000000000e+02
7.850000000000000000e+02
7.860000000000000000e+02
7.910000000000000000e+02
7.990000000000000000e+02
8.010000000000000000e+02
8.020000000000000000e+02
8.030000000000000000e+02
8.040000000000000000e+02
8.100000000000000000e+02
8.140000000000000000e+02
8.230000000000000000e+02
8.250000000000000000e+02
8.260000000000000000e+02
8.270000000000000000e+02
8.350000000000000000e+02
8.370000000000000000e+02
8.380000000000000000e+02
8.400000000000000000e+02
8.470000000000000000e+02
8.590000000000000000e+02
8.610000000000000000e+02
8.640000000000000000e+02
8.670000000000000000e+02
8.710000000000000000e+02
8.790000000000000000e+02
9.010000000000000000e+02
9.060000000000000000e+02
9.100000000000000000e+02
9.130000000000000000e+02
9.140000000000000000e+02
9.150000000000000000e+02
9.270000000000000000e+02
9.300000000000000000e+02
9.350000000000000000e+02
9.360000000000000000e+02
9.390000000000000000e+02
9.470000000000000000e+02
9.500000000000000000e+02
9.520000000000000000e+02
9.550000000000000000e+02
9.620000000000000000e+02
9.640000000000000000e+02
9.670000000000000000e+02
9.690000000000000000e+02
9.700000000000000000e+02
9.730000000000000000e+02
9.750000000000000000e+02
9.870000000000000000e+02
9.880000000000000000e+02
9.930000000000000000e+02
9.960000000000000000e+02
