# 194 11 409
0
5
11
15
26
31
34
36
47
48
58
62
67
68
74
89
93
102
103
116
117
125
127
128
139
141
157
159
163
166
175
176
189
195
198
203
206
213
222
226
232
237
239
250
257
258
261
262
270
278
281
287
297
300
304
309
320
321
329
332
337
339
344
349
354
365
377
378
383
384
393
396
409
412
414
420
425
428
437
441
451
454
456
458
468
478
483
488
501
504
508
513
514
515
524
527
532
545
547
559
561
565
568
580
592
600
601
603
607
614
617
623
631
639
640
649
653
654
657
670
671
680
685
690
695
709
712
715
722
724
726
734
738
745
752
754
755
758
766
781
787
789
794
800
806
807
821
824
833
841
842
850
853
857
860
869
878
880
886
890
894
901
904
916
919
924
931
936
939
941
949
953
960
971
983
986
989
994
1001
1007
1016
1017
1019
1021
1033
1043
1046
1051
1058
1064
1078
1081
1086
1091
