# 133 15 920
13
19
23
25
37
46
50
57
80
88
95
96
100
113
126
131
135
138
147
158
169
177
193
202
205
210
223
225
231
255
256
260
267
277
279
292
299
312
319
325
334
341
348
356
368
382
387
395
403
408
413
422
439
440
442
448
471
472
474
480
496
500
507
530
535
539
551
560
562
566
576
587
591
605
616
625
638
641
660
672
675
676
684
697
710
719
721
727
747
748
767
769
770
773
783
798
799
805
830
839
840
849
852
866
876
881
889
896
911
920
926
928
948
952
961
963
968
980
982
988
1005
1006
1011
1027
1032
1036
1041
1048
1057
1066
1073
1080
1088
