# 203 14 122
1
7
10
18
28
30
33
42
44
51
52
55
64
65
66
79
82
85
99
105
108
112
122
130
133
144
145
150
154
160
170
172
178
183
188
192
194
200
208
211
214
229
236
238
240
243
245
265
268
273
275
285
286
289
293
294
306
311
313
324
326
336
340
346
350
359
361
366
369
381
386
390
392
398
400
402
417
424
427
435
443
446
453
466
470
473
475
485
486
489
494
497
502
512
516
517
528
534
537
542
544
549
555
558
567
570
574
582
583
588
597
604
606
610
618
628
630
636
642
643
645
655
656
674
677
678
682
687
692
696
705
706
711
717
725
731
739
742
749
751
756
762
772
774
777
786
792
795
802
803
813
817
819
820
822
823
825
835
847
855
856
859
871
877
884
887
891
903
907
915
917
921
929
932
937
940
946
954
957
964
966
972
979
991
993
996
998
1012
1014
1020
1023
1031
1039
1044
1047
1053
1055
1059
1069
1071
1072
1076
1082
