# 203 12 763
2
4
6
9
17
21
32
35
40
45
54
56
69
70
76
77
78
90
94
107
115
119
121
129
134
140
142
148
152
162
167
171
173
182
185
191
197
199
212
216
228
230
233
241
249
252
254
259
263
266
283
288
290
291
295
301
310
315
316
322
328
333
343
351
353
358
362
364
371
374
379
380
389
397
401
405
410
415
426
431
434
436
444
455
457
461
464
467
476
490
493
498
503
509
518
520
522
536
540
541
554
556
564
569
572
573
577
581
585
593
595
609
619
621
624
627
634
635
644
648
650
662
665
668
679
681
686
689
693
700
708
713
714
716
723
729
735
741
746
757
761
763
771
776
779
782
788
796
809
810
812
814
826
827
829
837
838
843
846
858
861
862
865
873
874
883
892
895
897
900
906
910
914
922
933
945
947
951
955
958
965
970
974
984
987
995
1000
1002
1013
1025
1028
1030
1035
1040
1050
1054
1060
1065
1068
1070
1074
1087
1090
