# 203 13 221
3
8
12
14
20
27
41
43
49
53
59
61
63
73
75
81
84
87
97
104
106
109
110
114
132
143
149
155
156
161
164
174
180
181
186
190
196
201
207
215
221
224
227
242
247
248
251
253
264
269
274
280
282
296
298
303
305
307
314
318
327
330
338
342
345
355
360
367
370
372
375
388
391
404
407
416
418
421
429
430
432
433
449
459
460
462
463
465
481
487
492
495
499
506
521
523
525
529
533
538
543
546
548
550
553
563
575
586
594
596
598
602
608
611
612
622
629
632
633
647
652
658
661
664
667
669
673
683
691
699
701
703
707
718
730
732
736
740
743
750
753
760
765
768
775
784
797
801
804
808
811
816
818
828
831
832
834
845
848
854
864
867
868
870
882
885
898
899
902
905
908
913
925
927
934
938
944
950
956
959
969
973
978
981
990
997
999
1004
1008
1018
1022
1024
1026
1034
1045
1049
1052
1062
1063
1075
1077
1083
1085
