# 644 _-1-10
5.000000000000000000e+00
7.000000000000000000e+00
1.100000000000000000e+01
1.500000000000000000e+01
1.800000000000000000e+01
2.100000000000000000e+01
2.900000000000000000e+01
3.100000000000000000e+01
3.500000000000000000e+01
3.700000000000000000e+01
3.900000000000000000e+01
4.200000000000000000e+01
4.900000000000000000e+01
5.400000000000000000e+01
5.800000000000000000e+01
5.900000000000000000e+01
6.500000000000000000e+01
6.700000000000000000e+01
6.900000000000000000e+01
8.000000000000000000e+01
8.100000000000000000e+01
8.200000000000000000e+01
8.400000000000000000e+01
8.500000000000000000e+01
9.000000000000000000e+01
1.020000000000000000e+02
1.070000000000000000e+02
1.090000000000000000e+02
1.110000000000000000e+02
1.200000000000000000e+02
1.360000000000000000e+02
1.450000000000000000e+02
1.500000000000000000e+02
1.550000000000000000e+02
1.570000000000000000e+02
1.640000000000000000e+02
1.760000000000000000e+02
1.830000000000000000e+02
1.870000000000000000e+02
1.880000000000000000e+02
1.940000000000000000e+02
2.110000000000000000e+02
2.320000000000000000e+02
2.350000000000000000e+02
2.390000000000000000e+02
2.410000000000000000e+02
2.460000000000000000e+02
2.640000000000000000e+02
2.650000000000000000e+02
2.680000000000000000e+02
2.700000000000000000e+02
2.720000000000000000e+02
2.730000000000000000e+02
2.770000000000000000e+02
2.790000000000000000e+02
2.820000000000000000e+02
2.830000000000000000e+02
2.920000000000000000e+02
2.950000000000000000e+02
3.020000000000000000e+02
3.030000000000000000e+02
3.050000000000000000e+02
3.060000000000000000e+02
3.100000000000000000e+02
3.120000000000000000e+02
3.150000000000000000e+02
3.200000000000000000e+02
3.260000000000000000e+02
3.270000000000000000e+02
3.340000000000000000e+02
3.480000000000000000e+02
3.520000000000000000e+02
3.570000000000000000e+02
3.590000000000000000e+02
3.610000000000000000e+02
3.660000000000000000e+02
3.670000000000000000e+02
3.770000000000000000e+02
3.790000000000000000e+02
3.810000000000000000e+02
3.850000000000000000e+02
3.920000000000000000e+02
3.940000000000000000e+02
4.100000000000000000e+02
4.140000000000000000e+02
4.180000000000000000e+02
4.190000000000000000e+02
4.200000000000000000e+02
4.220000000000000000e+02
4.280000000000000000e+02
4.340000000000000000e+02
4.360000000000000000e+02
4.370000000000000000e+02
4.410000000000000000e+02
4.430000000000000000e+02
4.450000000000000000e+02
4.500000000000000000e+02
4.520000000000000000e+02
4.670000000000000000e+02
4.710000000000000000e+02
4.750000000000000000e+02
4.770000000000000000e+02
4.800000000000000000e+02
4.810000000000000000e+02
4.830000000000000000e+02
4.930000000000000000e+02
5.110000000000000000e+02
5.140000000000000000e+02
5.300000000000000000e+02
5.310000000000000000e+02
5.410000000000000000e+02
5.450000000000000000e+02
5.460000000000000000e+02
5.480000000000000000e+02
5.670000000000000000e+02
5.690000000000000000e+02
5.730000000000000000e+02
5.750000000000000000e+02
5.760000000000000000e+02
5.790000000000000000e+02
5.800000000000000000e+02
5.840000000000000000e+02
5.860000000000000000e+02
6.090000000000000000e+02
6.190000000000000000e+02
6.200000000000000000e+02
6.230000000000000000e+02
6.240000000000000000e+02
6.250000000000000000e+02
6.340000000000000000e+02
6.350000000000000000e+02
6.440000000000000000e+02
6.510000000000000000e+02
6.540000000000000000e+02
6.610000000000000000e+02
6.630000000000000000e+02
6.640000000000000000e+02
6.660000000000000000e+02
6.800000000000000000e+02
6.810000000000000000e+02
6.820000000000000000e+02
6.840000000000000000e+02
6.870000000000000000e+02
6.880000000000000000e+02
7.000000000000000000e+02
7.050000000000000000e+02
7.220000000000000000e+02
7.230000000000000000e+02
7.280000000000000000e+02
7.330000000000000000e+02
7.360000000000000000e+02
7.390000000000000000e+02
7.400000000000000000e+02
7.410000000000000000e+02
7.500000000000000000e+02
7.520000000000000000e+02
7.540000000000000000e+02
7.610000000000000000e+02
7.630000000000000000e+02
7.680000000000000000e+02
7.730000000000000000e+02
7.770000000000000000e+02
7.780000000000000000e+02
7.840000000000000000e+02
7.860000000000000000e+02
7.950000000000000000e+02
8.050000000000000000e+02
8.060000000000000000e+02
8.070000000000000000e+02
8.110000000000000000e+02
8.190000000000000000e+02
8.240000000000000000e+02
8.270000000000000000e+02
8.320000000000000000e+02
8.350000000000000000e+02
8.450000000000000000e+02
8.490000000000000000e+02
8.550000000000000000e+02
8.620000000000000000e+02
8.730000000000000000e+02
8.740000000000000000e+02
8.770000000000000000e+02
8.800000000000000000e+02
8.830000000000000000e+02
8.840000000000000000e+02
8.850000000000000000e+02
8.860000000000000000e+02
8.880000000000000000e+02
8.900000000000000000e+02
8.920000000000000000e+02
8.970000000000000000e+02
8.980000000000000000e+02
9.070000000000000000e+02
9.140000000000000000e+02
9.160000000000000000e+02
9.190000000000000000e+02
9.220000000000000000e+02
9.320000000000000000e+02
9.350000000000000000e+02
9.420000000000000000e+02
9.440000000000000000e+02
9.460000000000000000e+02
9.470000000000000000e+02
9.540000000000000000e+02
9.550000000000000000e+02
9.560000000000000000e+02
9.570000000000000000e+02
9.600000000000000000e+02
9.650000000000000000e+02
9.670000000000000000e+02
9.710000000000000000e+02
9.720000000000000000e+02
9.740000000000000000e+02
9.820000000000000000e+02
9.830000000000000000e+02
9.860000000000000000e+02
9.980000000000000000e+02
9.990000000000000000e+02
