# 723 _-1-1
0.000000000000000000e+00
2.000000000000000000e+00
4.000000000000000000e+00
5.000000000000000000e+00
6.000000000000000000e+00
7.000000000000000000e+00
1.100000000000000000e+01
1.500000000000000000e+01
1.600000000000000000e+01
1.700000000000000000e+01
1.800000000000000000e+01
2.100000000000000000e+01
2.500000000000000000e+01
2.700000000000000000e+01
2.800000000000000000e+01
2.900000000000000000e+01
3.000000000000000000e+01
3.100000000000000000e+01
3.500000000000000000e+01
3.700000000000000000e+01
3.900000000000000000e+01
4.200000000000000000e+01
4.300000000000000000e+01
4.500000000000000000e+01
4.900000000000000000e+01
5.400000000000000000e+01
5.800000000000000000e+01
5.900000000000000000e+01
6.400000000000000000e+01
6.500000000000000000e+01
6.600000000000000000e+01
6.700000000000000000e+01
6.900000000000000000e+01
7.200000000000000000e+01
7.400000000000000000e+01
7.700000000000000000e+01
8.000000000000000000e+01
8.100000000000000000e+01
8.200000000000000000e+01
8.400000000000000000e+01
8.500000000000000000e+01
8.600000000000000000e+01
8.700000000000000000e+01
9.000000000000000000e+01
9.200000000000000000e+01
9.400000000000000000e+01
9.500000000000000000e+01
9.600000000000000000e+01
9.700000000000000000e+01
1.000000000000000000e+02
1.020000000000000000e+02
1.070000000000000000e+02
1.080000000000000000e+02
1.090000000000000000e+02
1.110000000000000000e+02
1.120000000000000000e+02
1.180000000000000000e+02
1.190000000000000000e+02
1.200000000000000000e+02
1.210000000000000000e+02
1.260000000000000000e+02
1.270000000000000000e+02
1.310000000000000000e+02
1.360000000000000000e+02
1.390000000000000000e+02
1.410000000000000000e+02
1.450000000000000000e+02
1.480000000000000000e+02
1.500000000000000000e+02
1.520000000000000000e+02
1.530000000000000000e+02
1.550000000000000000e+02
1.570000000000000000e+02
1.640000000000000000e+02
1.670000000000000000e+02
1.680000000000000000e+02
1.710000000000000000e+02
1.720000000000000000e+02
1.730000000000000000e+02
1.760000000000000000e+02
1.800000000000000000e+02
1.830000000000000000e+02
1.840000000000000000e+02
1.850000000000000000e+02
1.860000000000000000e+02
1.870000000000000000e+02
1.880000000000000000e+02
1.920000000000000000e+02
1.930000000000000000e+02
1.940000000000000000e+02
1.960000000000000000e+02
2.040000000000000000e+02
2.050000000000000000e+02
2.080000000000000000e+02
2.090000000000000000e+02
2.100000000000000000e+02
2.110000000000000000e+02
2.120000000000000000e+02
2.160000000000000000e+02
2.210000000000000000e+02
2.230000000000000000e+02
2.240000000000000000e+02
2.270000000000000000e+02
2.320000000000000000e+02
2.340000000000000000e+02
2.350000000000000000e+02
2.370000000000000000e+02
2.380000000000000000e+02
2.390000000000000000e+02
2.410000000000000000e+02
2.460000000000000000e+02
2.470000000000000000e+02
2.510000000000000000e+02
2.530000000000000000e+02
2.550000000000000000e+02
2.640000000000000000e+02
2.650000000000000000e+02
2.660000000000000000e+02
2.670000000000000000e+02
2.680000000000000000e+02
2.690000000000000000e+02
2.700000000000000000e+02
2.720000000000000000e+02
2.730000000000000000e+02
2.750000000000000000e+02
2.770000000000000000e+02
2.780000000000000000e+02
2.790000000000000000e+02
2.820000000000000000e+02
2.830000000000000000e+02
2.840000000000000000e+02
2.850000000000000000e+02
2.870000000000000000e+02
2.920000000000000000e+02
2.930000000000000000e+02
2.940000000000000000e+02
2.950000000000000000e+02
2.980000000000000000e+02
3.010000000000000000e+02
3.020000000000000000e+02
3.030000000000000000e+02
3.050000000000000000e+02
3.060000000000000000e+02
3.100000000000000000e+02
3.120000000000000000e+02
3.150000000000000000e+02
3.200000000000000000e+02
3.250000000000000000e+02
3.260000000000000000e+02
3.270000000000000000e+02
3.300000000000000000e+02
3.340000000000000000e+02
3.390000000000000000e+02
3.420000000000000000e+02
3.460000000000000000e+02
3.480000000000000000e+02
3.490000000000000000e+02
3.520000000000000000e+02
3.540000000000000000e+02
3.570000000000000000e+02
3.590000000000000000e+02
3.610000000000000000e+02
3.650000000000000000e+02
3.660000000000000000e+02
3.670000000000000000e+02
3.700000000000000000e+02
3.710000000000000000e+02
3.720000000000000000e+02
3.770000000000000000e+02
3.780000000000000000e+02
3.790000000000000000e+02
3.800000000000000000e+02
3.810000000000000000e+02
3.850000000000000000e+02
3.860000000000000000e+02
3.880000000000000000e+02
3.890000000000000000e+02
3.910000000000000000e+02
3.920000000000000000e+02
3.940000000000000000e+02
3.960000000000000000e+02
4.040000000000000000e+02
4.060000000000000000e+02
4.080000000000000000e+02
4.090000000000000000e+02
4.100000000000000000e+02
4.140000000000000000e+02
4.170000000000000000e+02
4.180000000000000000e+02
4.190000000000000000e+02
4.200000000000000000e+02
4.220000000000000000e+02
4.230000000000000000e+02
4.250000000000000000e+02
4.260000000000000000e+02
4.270000000000000000e+02
4.280000000000000000e+02
4.290000000000000000e+02
4.310000000000000000e+02
4.330000000000000000e+02
4.340000000000000000e+02
4.360000000000000000e+02
4.370000000000000000e+02
4.380000000000000000e+02
4.410000000000000000e+02
4.430000000000000000e+02
4.450000000000000000e+02
4.480000000000000000e+02
4.500000000000000000e+02
4.510000000000000000e+02
4.520000000000000000e+02
4.560000000000000000e+02
4.620000000000000000e+02
4.640000000000000000e+02
4.670000000000000000e+02
4.710000000000000000e+02
4.730000000000000000e+02
4.740000000000000000e+02
4.750000000000000000e+02
4.760000000000000000e+02
4.770000000000000000e+02
4.780000000000000000e+02
4.800000000000000000e+02
4.810000000000000000e+02
4.830000000000000000e+02
4.900000000000000000e+02
4.920000000000000000e+02
4.930000000000000000e+02
4.990000000000000000e+02
5.000000000000000000e+02
5.020000000000000000e+02
5.030000000000000000e+02
5.040000000000000000e+02
5.050000000000000000e+02
5.060000000000000000e+02
5.100000000000000000e+02
5.110000000000000000e+02
5.120000000000000000e+02
5.140000000000000000e+02
5.180000000000000000e+02
5.200000000000000000e+02
5.210000000000000000e+02
5.290000000000000000e+02
5.300000000000000000e+02
5.310000000000000000e+02
5.350000000000000000e+02
5.360000000000000000e+02
5.390000000000000000e+02
5.410000000000000000e+02
5.450000000000000000e+02
5.460000000000000000e+02
5.480000000000000000e+02
5.530000000000000000e+02
5.560000000000000000e+02
5.620000000000000000e+02
5.630000000000000000e+02
5.670000000000000000e+02
5.690000000000000000e+02
5.700000000000000000e+02
5.730000000000000000e+02
5.750000000000000000e+02
5.760000000000000000e+02
5.770000000000000000e+02
5.790000000000000000e+02
5.800000000000000000e+02
5.820000000000000000e+02
5.840000000000000000e+02
5.860000000000000000e+02
5.880000000000000000e+02
5.890000000000000000e+02
5.900000000000000000e+02
5.910000000000000000e+02
5.950000000000000000e+02
5.960000000000000000e+02
5.970000000000000000e+02
5.980000000000000000e+02
5.990000000000000000e+02
6.000000000000000000e+02
6.030000000000000000e+02
6.060000000000000000e+02
6.080000000000000000e+02
6.090000000000000000e+02
6.110000000000000000e+02
6.130000000000000000e+02
6.190000000000000000e+02
6.200000000000000000e+02
6.230000000000000000e+02
6.240000000000000000e+02
6.250000000000000000e+02
6.260000000000000000e+02
6.270000000000000000e+02
6.310000000000000000e+02
6.320000000000000000e+02
6.340000000000000000e+02
6.350000000000000000e+02
6.360000000000000000e+02
6.440000000000000000e+02
6.460000000000000000e+02
6.510000000000000000e+02
6.540000000000000000e+02
6.560000000000000000e+02
6.610000000000000000e+02
6.620000000000000000e+02
6.630000000000000000e+02
6.640000000000000000e+02
6.650000000000000000e+02
6.660000000000000000e+02
6.670000000000000000e+02
6.690000000000000000e+02
6.700000000000000000e+02
6.720000000000000000e+02
6.740000000000000000e+02
6.750000000000000000e+02
6.780000000000000000e+02
6.800000000000000000e+02
6.810000000000000000e+02
6.820000000000000000e+02
6.840000000000000000e+02
6.870000000000000000e+02
6.880000000000000000e+02
6.990000000000000000e+02
7.000000000000000000e+02
7.010000000000000000e+02
7.040000000000000000e+02
7.050000000000000000e+02
7.070000000000000000e+02
7.140000000000000000e+02
7.200000000000000000e+02
7.210000000000000000e+02
7.220000000000000000e+02
7.230000000000000000e+02
7.260000000000000000e+02
7.280000000000000000e+02
7.330000000000000000e+02
7.340000000000000000e+02
7.360000000000000000e+02
7.390000000000000000e+02
7.400000000000000000e+02
7.410000000000000000e+02
7.460000000000000000e+02
7.470000000000000000e+02
7.500000000000000000e+02
7.520000000000000000e+02
7.540000000000000000e+02
7.550000000000000000e+02
7.580000000000000000e+02
7.610000000000000000e+02
7.630000000000000000e+02
7.680000000000000000e+02
7.730000000000000000e+02
7.740000000000000000e+02
7.770000000000000000e+02
7.780000000000000000e+02
7.790000000000000000e+02
7.810000000000000000e+02
7.830000000000000000e+02
7.840000000000000000e+02
7.860000000000000000e+02
7.870000000000000000e+02
7.880000000000000000e+02
7.910000000000000000e+02
7.950000000000000000e+02
7.970000000000000000e+02
8.050000000000000000e+02
8.060000000000000000e+02
8.070000000000000000e+02
8.090000000000000000e+02
8.110000000000000000e+02
8.120000000000000000e+02
8.170000000000000000e+02
8.190000000000000000e+02
8.230000000000000000e+02
8.240000000000000000e+02
8.260000000000000000e+02
8.270000000000000000e+02
8.320000000000000000e+02
8.350000000000000000e+02
8.400000000000000000e+02
8.410000000000000000e+02
8.440000000000000000e+02
8.450000000000000000e+02
8.480000000000000000e+02
8.490000000000000000e+02
8.540000000000000000e+02
8.550000000000000000e+02
8.570000000000000000e+02
8.580000000000000000e+02
8.620000000000000000e+02
8.640000000000000000e+02
8.650000000000000000e+02
8.690000000000000000e+02
8.730000000000000000e+02
8.740000000000000000e+02
8.770000000000000000e+02
8.800000000000000000e+02
8.810000000000000000e+02
8.820000000000000000e+02
8.830000000000000000e+02
8.840000000000000000e+02
8.850000000000000000e+02
8.860000000000000000e+02
8.880000000000000000e+02
8.890000000000000000e+02
8.900000000000000000e+02
8.910000000000000000e+02
8.920000000000000000e+02
8.940000000000000000e+02
8.970000000000000000e+02
8.980000000000000000e+02
9.070000000000000000e+02
9.110000000000000000e+02
9.120000000000000000e+02
9.140000000000000000e+02
9.150000000000000000e+02
9.160000000000000000e+02
9.180000000000000000e+02
9.190000000000000000e+02
9.200000000000000000e+02
9.210000000000000000e+02
9.220000000000000000e+02
9.300000000000000000e+02
9.320000000000000000e+02
9.340000000000000000e+02
9.350000000000000000e+02
9.420000000000000000e+02
9.430000000000000000e+02
9.440000000000000000e+02
9.450000000000000000e+02
9.460000000000000000e+02
9.470000000000000000e+02
9.490000000000000000e+02
9.500000000000000000e+02
9.510000000000000000e+02
9.540000000000000000e+02
9.550000000000000000e+02
9.560000000000000000e+02
9.570000000000000000e+02
9.600000000000000000e+02
9.610000000000000000e+02
9.620000000000000000e+02
9.640000000000000000e+02
9.650000000000000000e+02
9.670000000000000000e+02
9.690000000000000000e+02
9.700000000000000000e+02
9.710000000000000000e+02
9.720000000000000000e+02
9.740000000000000000e+02
9.760000000000000000e+02
9.820000000000000000e+02
9.830000000000000000e+02
9.840000000000000000e+02
9.860000000000000000e+02
9.870000000000000000e+02
9.890000000000000000e+02
9.950000000000000000e+02
9.970000000000000000e+02
9.980000000000000000e+02
9.990000000000000000e+02
