# 129 _-10
1.000000000000000000e+00
8.000000000000000000e+00
1.000000000000000000e+01
2.000000000000000000e+01
2.300000000000000000e+01
2.400000000000000000e+01
2.600000000000000000e+01
3.200000000000000000e+01
3.300000000000000000e+01
3.800000000000000000e+01
4.400000000000000000e+01
4.600000000000000000e+01
4.800000000000000000e+01
5.000000000000000000e+01
5.100000000000000000e+01
5.200000000000000000e+01
5.600000000000000000e+01
6.100000000000000000e+01
6.300000000000000000e+01
7.100000000000000000e+01
8.900000000000000000e+01
9.300000000000000000e+01
9.900000000000000000e+01
1.010000000000000000e+02
1.030000000000000000e+02
1.040000000000000000e+02
1.130000000000000000e+02
1.170000000000000000e+02
1.230000000000000000e+02
1.240000000000000000e+02
1.250000000000000000e+02
1.290000000000000000e+02
1.320000000000000000e+02
1.330000000000000000e+02
1.420000000000000000e+02
1.430000000000000000e+02
1.510000000000000000e+02
1.590000000000000000e+02
1.630000000000000000e+02
1.700000000000000000e+02
1.740000000000000000e+02
1.750000000000000000e+02
1.780000000000000000e+02
1.980000000000000000e+02
2.010000000000000000e+02
2.060000000000000000e+02
2.140000000000000000e+02
2.150000000000000000e+02
2.170000000000000000e+02
2.200000000000000000e+02
2.250000000000000000e+02
2.260000000000000000e+02
2.280000000000000000e+02
2.290000000000000000e+02
2.420000000000000000e+02
2.440000000000000000e+02
2.500000000000000000e+02
2.580000000000000000e+02
2.600000000000000000e+02
2.800000000000000000e+02
2.810000000000000000e+02
2.880000000000000000e+02
2.970000000000000000e+02
2.990000000000000000e+02
3.000000000000000000e+02
3.070000000000000000e+02
3.130000000000000000e+02
3.140000000000000000e+02
3.190000000000000000e+02
3.220000000000000000e+02
3.230000000000000000e+02
3.240000000000000000e+02
3.290000000000000000e+02
3.450000000000000000e+02
3.550000000000000000e+02
3.580000000000000000e+02
3.600000000000000000e+02
3.620000000000000000e+02
3.690000000000000000e+02
3.830000000000000000e+02
3.870000000000000000e+02
3.930000000000000000e+02
3.950000000000000000e+02
3.990000000000000000e+02
4.150000000000000000e+02
4.160000000000000000e+02
4.210000000000000000e+02
4.350000000000000000e+02
4.400000000000000000e+02
4.420000000000000000e+02
4.470000000000000000e+02
4.490000000000000000e+02
4.540000000000000000e+02
4.610000000000000000e+02
4.660000000000000000e+02
4.720000000000000000e+02
4.840000000000000000e+02
4.860000000000000000e+02
4.890000000000000000e+02
4.910000000000000000e+02
4.970000000000000000e+02
5.010000000000000000e+02
5.070000000000000000e+02
5.080000000000000000e+02
5.090000000000000000e+02
5.170000000000000000e+02
5.190000000000000000e+02
5.220000000000000000e+02
5.240000000000000000e+02
5.250000000000000000e+02
5.260000000000000000e+02
5.280000000000000000e+02
5.330000000000000000e+02
5.370000000000000000e+02
5.380000000000000000e+02
5.400000000000000000e+02
5.420000000000000000e+02
5.430000000000000000e+02
5.440000000000000000e+02
5.550000000000000000e+02
5.570000000000000000e+02
5.590000000000000000e+02
5.680000000000000000e+02
5.710000000000000000e+02
5.810000000000000000e+02
5.870000000000000000e+02
5.940000000000000000e+02
6.050000000000000000e+02
6.070000000000000000e+02
6.140000000000000000e+02
6.170000000000000000e+02
6.180000000000000000e+02
6.280000000000000000e+02
6.370000000000000000e+02
6.430000000000000000e+02
6.480000000000000000e+02
6.530000000000000000e+02
6.550000000000000000e+02
6.770000000000000000e+02
6.940000000000000000e+02
6.970000000000000000e+02
6.980000000000000000e+02
7.020000000000000000e+02
7.060000000000000000e+02
7.110000000000000000e+02
7.120000000000000000e+02
7.130000000000000000e+02
7.150000000000000000e+02
7.240000000000000000e+02
7.290000000000000000e+02
7.310000000000000000e+02
7.380000000000000000e+02
7.420000000000000000e+02
7.430000000000000000e+02
7.480000000000000000e+02
7.510000000000000000e+02
7.530000000000000000e+02
7.640000000000000000e+02
7.660000000000000000e+02
7.670000000000000000e+02
7.820000000000000000e+02
7.850000000000000000e+02
7.890000000000000000e+02
7.930000000000000000e+02
7.940000000000000000e+02
7.980000000000000000e+02
7.990000000000000000e+02
8.040000000000000000e+02
8.130000000000000000e+02
8.200000000000000000e+02
8.250000000000000000e+02
8.300000000000000000e+02
8.340000000000000000e+02
8.380000000000000000e+02
8.420000000000000000e+02
8.430000000000000000e+02
8.500000000000000000e+02
8.590000000000000000e+02
8.630000000000000000e+02
8.660000000000000000e+02
8.670000000000000000e+02
8.680000000000000000e+02
8.700000000000000000e+02
8.720000000000000000e+02
8.780000000000000000e+02
8.790000000000000000e+02
8.960000000000000000e+02
9.030000000000000000e+02
9.100000000000000000e+02
9.130000000000000000e+02
9.170000000000000000e+02
9.240000000000000000e+02
9.290000000000000000e+02
9.330000000000000000e+02
9.360000000000000000e+02
9.410000000000000000e+02
9.530000000000000000e+02
9.630000000000000000e+02
9.660000000000000000e+02
9.730000000000000000e+02
9.780000000000000000e+02
9.790000000000000000e+02
9.810000000000000000e+02
9.850000000000000000e+02
9.900000000000000000e+02
