# 175 _-1-1-10
1.700000000000000000e+01
2.400000000000000000e+01
2.500000000000000000e+01
2.600000000000000000e+01
3.800000000000000000e+01
6.900000000000000000e+01
9.500000000000000000e+01
1.110000000000000000e+02
1.150000000000000000e+02
1.180000000000000000e+02
1.240000000000000000e+02
1.380000000000000000e+02
1.400000000000000000e+02
1.460000000000000000e+02
1.560000000000000000e+02
1.660000000000000000e+02
1.710000000000000000e+02
1.750000000000000000e+02
1.840000000000000000e+02
1.880000000000000000e+02
1.940000000000000000e+02
2.040000000000000000e+02
2.110000000000000000e+02
2.220000000000000000e+02
2.410000000000000000e+02
2.520000000000000000e+02
2.540000000000000000e+02
2.560000000000000000e+02
2.650000000000000000e+02
3.260000000000000000e+02
3.300000000000000000e+02
3.460000000000000000e+02
3.500000000000000000e+02
3.560000000000000000e+02
3.570000000000000000e+02
3.580000000000000000e+02
3.590000000000000000e+02
3.610000000000000000e+02
3.670000000000000000e+02
3.770000000000000000e+02
3.790000000000000000e+02
3.880000000000000000e+02
3.910000000000000000e+02
4.110000000000000000e+02
4.250000000000000000e+02
4.270000000000000000e+02
4.310000000000000000e+02
4.330000000000000000e+02
4.390000000000000000e+02
4.510000000000000000e+02
4.630000000000000000e+02
4.660000000000000000e+02
4.730000000000000000e+02
4.850000000000000000e+02
4.970000000000000000e+02
5.250000000000000000e+02
5.270000000000000000e+02
5.360000000000000000e+02
5.380000000000000000e+02
5.460000000000000000e+02
5.500000000000000000e+02
5.580000000000000000e+02
5.640000000000000000e+02
5.780000000000000000e+02
5.790000000000000000e+02
5.930000000000000000e+02
6.020000000000000000e+02
6.050000000000000000e+02
6.540000000000000000e+02
6.560000000000000000e+02
6.640000000000000000e+02
6.780000000000000000e+02
6.810000000000000000e+02
6.870000000000000000e+02
6.960000000000000000e+02
7.060000000000000000e+02
7.130000000000000000e+02
7.200000000000000000e+02
7.220000000000000000e+02
7.490000000000000000e+02
7.610000000000000000e+02
7.720000000000000000e+02
7.740000000000000000e+02
7.880000000000000000e+02
8.260000000000000000e+02
8.350000000000000000e+02
8.370000000000000000e+02
8.380000000000000000e+02
8.420000000000000000e+02
8.440000000000000000e+02
8.650000000000000000e+02
8.880000000000000000e+02
8.930000000000000000e+02
9.000000000000000000e+02
9.220000000000000000e+02
9.310000000000000000e+02
9.320000000000000000e+02
9.400000000000000000e+02
9.410000000000000000e+02
9.530000000000000000e+02
9.900000000000000000e+02
9.940000000000000000e+02
9.950000000000000000e+02
9.970000000000000000e+02
