# 466 _-1-1-1
2.000000000000000000e+00
5.000000000000000000e+00
7.000000000000000000e+00
1.100000000000000000e+01
1.700000000000000000e+01
1.900000000000000000e+01
2.400000000000000000e+01
2.500000000000000000e+01
2.600000000000000000e+01
2.700000000000000000e+01
3.800000000000000000e+01
4.300000000000000000e+01
4.700000000000000000e+01
5.200000000000000000e+01
5.600000000000000000e+01
5.700000000000000000e+01
5.900000000000000000e+01
6.100000000000000000e+01
6.600000000000000000e+01
6.700000000000000000e+01
6.900000000000000000e+01
7.100000000000000000e+01
8.000000000000000000e+01
8.400000000000000000e+01
8.900000000000000000e+01
9.300000000000000000e+01
9.400000000000000000e+01
9.500000000000000000e+01
9.800000000000000000e+01
1.080000000000000000e+02
1.100000000000000000e+02
1.110000000000000000e+02
1.130000000000000000e+02
1.150000000000000000e+02
1.180000000000000000e+02
1.240000000000000000e+02
1.340000000000000000e+02
1.380000000000000000e+02
1.390000000000000000e+02
1.400000000000000000e+02
1.420000000000000000e+02
1.460000000000000000e+02
1.470000000000000000e+02
1.560000000000000000e+02
1.590000000000000000e+02
1.630000000000000000e+02
1.660000000000000000e+02
1.670000000000000000e+02
1.690000000000000000e+02
1.700000000000000000e+02
1.710000000000000000e+02
1.750000000000000000e+02
1.800000000000000000e+02
1.840000000000000000e+02
1.880000000000000000e+02
1.940000000000000000e+02
2.040000000000000000e+02
2.070000000000000000e+02
2.080000000000000000e+02
2.100000000000000000e+02
2.110000000000000000e+02
2.170000000000000000e+02
2.220000000000000000e+02
2.270000000000000000e+02
2.280000000000000000e+02
2.380000000000000000e+02
2.390000000000000000e+02
2.410000000000000000e+02
2.460000000000000000e+02
2.480000000000000000e+02
2.490000000000000000e+02
2.510000000000000000e+02
2.520000000000000000e+02
2.530000000000000000e+02
2.540000000000000000e+02
2.560000000000000000e+02
2.650000000000000000e+02
2.660000000000000000e+02
2.670000000000000000e+02
2.760000000000000000e+02
2.820000000000000000e+02
2.860000000000000000e+02
2.910000000000000000e+02
3.060000000000000000e+02
3.080000000000000000e+02
3.120000000000000000e+02
3.160000000000000000e+02
3.210000000000000000e+02
3.260000000000000000e+02
3.270000000000000000e+02
3.280000000000000000e+02
3.290000000000000000e+02
3.300000000000000000e+02
3.310000000000000000e+02
3.400000000000000000e+02
3.420000000000000000e+02
3.450000000000000000e+02
3.460000000000000000e+02
3.500000000000000000e+02
3.560000000000000000e+02
3.570000000000000000e+02
3.580000000000000000e+02
3.590000000000000000e+02
3.610000000000000000e+02
3.640000000000000000e+02
3.670000000000000000e+02
3.690000000000000000e+02
3.770000000000000000e+02
3.790000000000000000e+02
3.830000000000000000e+02
3.870000000000000000e+02
3.880000000000000000e+02
3.910000000000000000e+02
3.920000000000000000e+02
4.110000000000000000e+02
4.220000000000000000e+02
4.250000000000000000e+02
4.270000000000000000e+02
4.290000000000000000e+02
4.310000000000000000e+02
4.320000000000000000e+02
4.330000000000000000e+02
4.370000000000000000e+02
4.390000000000000000e+02
4.420000000000000000e+02
4.490000000000000000e+02
4.510000000000000000e+02
4.520000000000000000e+02
4.630000000000000000e+02
4.660000000000000000e+02
4.690000000000000000e+02
4.700000000000000000e+02
4.720000000000000000e+02
4.730000000000000000e+02
4.850000000000000000e+02
4.860000000000000000e+02
4.910000000000000000e+02
4.970000000000000000e+02
5.110000000000000000e+02
5.130000000000000000e+02
5.180000000000000000e+02
5.200000000000000000e+02
5.250000000000000000e+02
5.270000000000000000e+02
5.320000000000000000e+02
5.340000000000000000e+02
5.360000000000000000e+02
5.380000000000000000e+02
5.410000000000000000e+02
5.460000000000000000e+02
5.500000000000000000e+02
5.510000000000000000e+02
5.540000000000000000e+02
5.550000000000000000e+02
5.580000000000000000e+02
5.590000000000000000e+02
5.640000000000000000e+02
5.650000000000000000e+02
5.710000000000000000e+02
5.780000000000000000e+02
5.790000000000000000e+02
5.860000000000000000e+02
5.920000000000000000e+02
5.930000000000000000e+02
5.940000000000000000e+02
6.020000000000000000e+02
6.030000000000000000e+02
6.040000000000000000e+02
6.050000000000000000e+02
6.060000000000000000e+02
6.080000000000000000e+02
6.150000000000000000e+02
6.380000000000000000e+02
6.400000000000000000e+02
6.420000000000000000e+02
6.450000000000000000e+02
6.540000000000000000e+02
6.550000000000000000e+02
6.560000000000000000e+02
6.580000000000000000e+02
6.600000000000000000e+02
6.610000000000000000e+02
6.640000000000000000e+02
6.650000000000000000e+02
6.710000000000000000e+02
6.760000000000000000e+02
6.780000000000000000e+02
6.800000000000000000e+02
6.810000000000000000e+02
6.870000000000000000e+02
6.920000000000000000e+02
6.960000000000000000e+02
6.980000000000000000e+02
7.060000000000000000e+02
7.130000000000000000e+02
7.190000000000000000e+02
7.200000000000000000e+02
7.220000000000000000e+02
7.270000000000000000e+02
7.410000000000000000e+02
7.490000000000000000e+02
7.520000000000000000e+02
7.540000000000000000e+02
7.560000000000000000e+02
7.600000000000000000e+02
7.610000000000000000e+02
7.670000000000000000e+02
7.720000000000000000e+02
7.740000000000000000e+02
7.880000000000000000e+02
7.990000000000000000e+02
8.000000000000000000e+02
8.010000000000000000e+02
8.050000000000000000e+02
8.190000000000000000e+02
8.260000000000000000e+02
8.290000000000000000e+02
8.350000000000000000e+02
8.360000000000000000e+02
8.370000000000000000e+02
8.380000000000000000e+02
8.390000000000000000e+02
8.420000000000000000e+02
8.440000000000000000e+02
8.500000000000000000e+02
8.600000000000000000e+02
8.650000000000000000e+02
8.690000000000000000e+02
8.730000000000000000e+02
8.820000000000000000e+02
8.880000000000000000e+02
8.900000000000000000e+02
8.930000000000000000e+02
8.950000000000000000e+02
9.000000000000000000e+02
9.090000000000000000e+02
9.210000000000000000e+02
9.220000000000000000e+02
9.290000000000000000e+02
9.300000000000000000e+02
9.310000000000000000e+02
9.320000000000000000e+02
9.330000000000000000e+02
9.360000000000000000e+02
9.400000000000000000e+02
9.410000000000000000e+02
9.490000000000000000e+02
9.530000000000000000e+02
9.640000000000000000e+02
9.670000000000000000e+02
9.750000000000000000e+02
9.900000000000000000e+02
9.940000000000000000e+02
9.950000000000000000e+02
9.970000000000000000e+02
