Group 12.txt condensed by commonality!
9
10
13
21
46
47
58
83
105
175
200
272
280
312
335
339
343
358
379
382
406
408
424
448
465
468
494
511
518
554
580
591
593
604
607
616
625
629
630
640
664
671
676
715
735
759
778
788
812
815
816
838
898
904
905
909
910
920
943
986
1002
1021
1026
1036
1069
1079
1104
1113
1125
1158
1221
1235
1274
1285
1301
1312
1321
1367
1372
1394
1397
1430
1517
1519
1553
1574
1578
1582
1597
1622
1649
1655
1657
1665
1675
1708
1741
1752
1776
1777
1825
1831
1849
1883
1898
1903
1916
1924
1934
1949
1992
1995
1996
2012
2016
2022
2047
2054
2055
2062
2089
2094
2107
2130
2137
2146
2164
2170
2173
2176
2188
2198
2222
2256
2261
2272
2281
2300
2315
2316
2317
2319
2320
2366
2372
2481
2523
2536
2569
2575
2576
2591
2625
2635
2648
2653
2683
2688
2695
2728
2731
2746
2763
2766
2772
2780
2788
2802
2827
2872
2888
2902
2911
2922
2923
2931
2988
2994
3037
3111
3117
3128
3131
3161
3167
3229
3235
3237
3253
3276
3294
3303
3328
3331
3343
3352
3370
3385
3462
3486
3510
3520
3522
3535
3543
3544
3582
3624
3629
3645
3650
3655
3663
3668
3685
3689
3704
3706
3738
3745
3762
3800
3801
3802
3825
3839
3842
3846
3868
3871
3883
3902
3907
3910
3911
3917
3945
3946
3967
3970
4001
4037
4077
4080
4096
4101
4122
4124
4132
4138
4143
4185
4207
4214
4240
4256
4269
4271
4293
4321
4328
4329
4332
4335
4345
4350
4351
4357
4394
4400
4409
4417
4418
4422
4425
4434
4438
4447
4459
4544
4586
4602
4610
4623
4624
4625
4633
4648
4654
4667
4677
4679
4686
4699
4715
4717
4737
4757
4765
4767
4779
4783
4801
4811
4819
4852
4854
4858
4899
4906
4912
4935
4950
4953
4970
4988
5014
5023
5041
5053
5090
5104
5108
5175
5177
5187
5200
5210
5215
5243
5253
5289
5324
5327
5335
5372
5449
5456
5481
5491
5506
5508
5514
5522
5572
5586
5591
5599
5600
5609
5614
5640
5642
5653
5654
5687
5697
5702
5705
5734
5751
5774
5792
5800
5810
5851
5868
5869
5888
5889
5937
5963
5976
5995
6030
6061
6090
6091
6093
6098
6108
6116
6135
6139
6156
6162
6168
6234
6237
6243
6247
6282
6298
6299
6300
6321
6322
6352
6356
6391
6406
6417
6428
6464
6468
6473
6491
6505
6531
6628
6646
6647
6666
6674
6694
6712
6722
6740
6777
6790
6805
6821
6827
6830
6853
6864
6934
6943
6965
6968
6976
6988
7002
7012
7032
7033
7040
7050
7060
7070
7074
7075
7077
7081
7090
7101
7114
7120
7140
7147
7148
7220
7250
7258
7273
7304
7333
7346
7362
7369
7371
7376
7408
7420
7424
7425
7429
7471
7472
7494
7508
7534
7543
7545
7562
7566
7579
7663
7667
7673
7680
7685
7726
7755
7765
7777
7801
7808
7829
7837
7850
7867
7870
7871
7906
7922
7992
8020
8025
8088
8103
8117
8124
8130
8150
8166
8172
8193
8249
8268
8270
8280
8283
8285
8293
8295
8296
8303
8325
8382
8408
8423
8444
8481
8487
8537
8551
8559
8566
8574
8575
8578
8583
8584
8587
8623
8629
8640
8670
8674
8677
8682
8707
8720
8739
8755
8758
8765
8788
8789
8791
8835
8841
8850
8894
8897
8901
8959
8999
9000
9006
9015
9016
9026
9039
9055
9065
9067
9073
9076
9085
9087
9109
9120
9160
9174
9183
9192
9204
9263
9270
9274
9297
9314
9321
9324
9446
9475
9486
9497
9503
9534
9535
9549
9591
9611
9617
9632
9678
9716
9728
9751
9756
9761
9779
9866
9895
9908
9914
9948
9953
10011
10013
10019
10034
10057
10059
10063
10071
10129
10157
10160
10162
10184
10230
10235
10256
10260
10282
10303
10320
10335
10352
10358
10362
10367
10374
10409
10431
10450
10458
10459
10462
10512
10522
10539
10543
10560
10591
10602
10613
10646
10723
10728
10747
10765
10776
10784
10812
10814
10822
10834
10854
10891
10901
10924
10925
10939
10941
10945
10946
10950
10974
10975
10979
11022
11023
11029
11033
11049
11094
11096
11159
11173
11184
11185
11202
11243
11246
11256
11268
11277
11278
11281
11285
11291
11295
11314
11326
11330
11332
11338
11356
11401
11408
11429
11447
11457
11473
11480
11482
11488
11544
11551
11552
11567
11580
11587
11593
11602
11609
11630
11631
11650
11654
11707
11708
11717
11741
11773
11794
11843
11910
11968
11999
12011
12031
12080
12103
12121
12160
12165
12184
12195
12211
12221
12232
12274
12299
12326
12354
12359
12389
12399
12412
12424
12432
12435
12446
12482
12512
12525
12532
12542
12554
12565
12571
12577
12602
12638
12655
12688
12694
12697
12708
12743
12754
12766
12772
12786
12789
12824
12850
12857
12866
12934
12935
12941
12962
12983
12986
12993
12998
13011
13018
13023
13050
13056
13058
13071
13074
13112
13116
13172
13190
13215
13224
13264
13268
13269
13292
13294
13313
13325
13341
13345
13354
13364
13385
13401
13414
13440
13481
13483
13497
13501
13512
13558
13566
13572
13583
13586
13587
13590
13626
13664
13667
13710
13716
13721
13722
13726
13753
13756
13798
13815
13820
13832
13837
13843
13912
13914
13922
13965
13969
13983
14057
14066
14076
14111
14114
14126
14144
14234
14260
14283
14301
14335
14341
14384
14389
14396
14410
14416
14427
14445
14494
14546
14552
14553
14558
14590
14613
14717
14727
14812
14832
14859
14870
14891
14894
14898
14907
14918
14927
14928
14954
14958
14961
15003
15039
15048
15065
15072
15080
15082
15104
15143
15147
15180
15216
15232
15236
15272
15279
15337
15342
15345
15360
15378
15446
15475
15480
15487
15519
15533
15534
15560
15562
15577
15578
15588
15622
15623
15632
15649
15660
15666
15672
15678
15686
15711
15715
15719
15723
15725
15742
15767
15782
15794
15846
15858
15884
15896
15907
15915
15933
15938
15942
15946
15947
15958
15960
15964
15975
15993
16006
16010
16011
16017
16029
16099
16106
16107
16119
16121
16164
16203
16205
16222
16233
16276
16309
16360
16368
16376
16385
16403
16407
16415
16426
16436
16447
16450
16452
16461
16478
16491
16503
16508
16513
16515
16516
16528
16532
16581
16596
16603
16604
16637
16638
16642
16651
16668
16727
16732
16756
16766
16783
16788
16801
16812
16846
16855
16857
16882
16924
16965
16967
16986
17024
17032
17051
17067
17107
17114
17176
17177
17182
17230
17245
17246
17293
17294
17314
17401
17402
17427
17457
17487
17518
17531
17537
17543
17554
17563
17599
17632
17658
17659
17663
17687
17718
17776
17785
17821
17831
17839
17845
17849
17855
17863
17876
17923
17929
17948
17992
18002
18036
18038
18067
18075
18080
18111
18116
18121
18147
18153
18186
18206
18213
18222
18238
18239
18250
18272
18292
18310
18317
18319
18341
18352
18386
18398
18413
18420
18426
18440
18455
18458
18466
18507
18535
18580
18664
18722
18733
18741
18760
18764
18778
18799
18812
18828
18834
18851
18866
18875
18899
18910
18915
18921
18939
18969
18986
18993
18997
19024
19066
19101
19104
19107
19109
19113
19127
19142
19166
19168
19169
19180
19186
19220
19247
19248
19276
19330
19331
19340
19345
19349
19365
19367
19368
19398
19434
19470
19471
19482
19498
19509
19534
19603
19605
19607
19618
19625
19644
19655
19667
19753
19763
19791
19803
19852
19853
19931
19937
19991
20001
20003
20016
20038
20078
20090
20102
20111
20134
20194
20204
20206
20243
20259
20281
20289
20307
20313
20340
20342
20350
20356
20370
20419
20435
20439
20450
20471
20479
20497
20498
20540
20544
20557
20567
20571
20585
20589
20592
20632
20682
20709
20745
20758
20768
20775
20821
20843
20849
20851
20853
20869
20871
20892
20896
20898
20912
20919
20921
20956
20962
20965
20969
20972
21053
21076
21182
21197
21218
21339
21365
21372
21374
21397
21430
21493
21498
21522
21634
21662
21679
21689
21690
21691
21748
21759
21775
21786
21787
21807
21813
21859
21959
21970
21974
21981
21989
21037
21083
21086
21109
21145
21155
21175
21209
21223
21307
21364
21394
21396
21411
21415
21466
21479
21612
21649
21657
21668
21733
21735
21742
21782
21845
21854
21871
21885
21912
21913
21938
21945
21953
21963
22061
22072
22101
22109
22131
22160
22198
22218
22245
22247
22283
22294
22300
22313
22315
22331
22345
22354
22364
22385
22400
22409
22421
22446
22477
22503
22551
22562
22572
22593
22620
22639
22648
22658
22659
22706
22748
22757
22790
22797
22808
22831
22856
22857
22939
22940
22967
22972
22979
22997
23007
23010
23027
23055
23057
23073
23079
23082
23112
23119
23150
23159
23172
23190
23195
23196
23201
23207
23244
23295
23345
23354
23365
23373
23383
23395
23397
23403
23413
23421
23469
23471
23514
23526
23529
23532
23577
23581
23600
23606
23613
23623
23626
23635
23672
23693
23696
23725
23735
23750
23763
23779
23788
23790
23804
23825
23907
23922
23950
23959
23960
23965
23968
24004
24013
24031
24036
24055
24056
24059
24099
24129
24158
24177
24182
24199
24260
24263
24270
24274
24283
24288
24289
24302
24307
24327
24390
24397
24398
24461
24479
24498
24528
24531
24564
24567
24574
24578
24601
24602
24616
24645
24652
24723
24748
24766
24794
24796
24842
24847
24856
24870
24883
24906
24924
24958
24993
25039
25079
25104
25124
25163
25172
25193
25209
25225
25241
25302
25332
25362
25377
25472
25481
25489
25514
25532
25545
25571
25581
25590
25657
25733
25737
25756
25759
25770
25782
25783
25804
25805
25810
25811
25836
25839
25847
25850
25863
25871
25878
25900
25959
25996
26010
26018
26036
26052
26062
26082
26085
26096
26104
26110
26121
26144
26145
26149
26163
26166
26168
26188
26195
26207
26232
26250
26282
26294
26311
26323
26327
26395
26441
26491
26499
26508
26569
26607
26622
26630
26714
26718
26723
26770
26775
26792
26844
26877
26982
26997
27009
27028
27029
27046
27077
27103
27113
27124
27131
27138
27201
27227
27236
27260
27262
27273
27336
27377
27394
27420
27456
27471
27498
27566
27587
27600
27624
27650
27684
27693
27710
27743
27749
27757
27773
27783
27786
27817
27864
27895
27910
27960
27974
27981
27990
27993
28015
28110
28147
28175
28205
28216
28384
28396
28435
28441
28476
28489
28569
28634
28677
28737
28749
28759
28788
28792
28814
28840
28846
28908
28913
28914
28042
28088
28146
28152
28160
28174
28178
28187
28208
28229
28257
28266
28270
28271
28289
28315
28357
28375
28388
28394
28423
28455
28458
28491
28551
28605
28635
28692
28720
28747
28753
28777
28787
28871
28906
28909
28955
29036
29047
29048
29058
29092
29108
29116
29152
29212
29214
29238
29246
29258
29271
29291
29321
29337
29349
29352
29389
29452
29455
29462
29473
29486
29488
29507
29514
29517
29518
29520
29546
29564
29587
29615
29624
29674
29678
29679
29714
29730
29766
29770
29790
29797
29851
29862
29872
29879
29883
29897
29900
29919
29921
29945
29946
29992
30007
30028
30034
30037
30053
30055
30056
30068
30072
30077
30087
30100
30102
30129
30198
30201
30203
30235
30251
30261
30267
30269
30270
30274
30278
30294
30296
30297
30305
30311
30351
30368
30409
30413
30426
30446
30457
30467
30471
30478
30479
30483
30489
30499
30500
30510
30517
30529
30531
30549
30557
30617
30646
30677
30679
30707
30715
30718
30771
30787
30792
30852
30880
30881
30894
30905
30918
30923
30957
30963
30971
30977
30998
31027
31035
31039
31067
31122
31124
31150
31169
31172
31173
31216
31220
31222
31254
31281
31334
31357
31379
31457
31472
31497
31540
31545
31549
31554
31566
31568
31584
31616
31619
31629
31648
31674
31676
31698
31709
31729
31757
31762
31825
31828
31834
31835
31867
31890
31895
31917
31928
31933
31947
31997
32000
32001
32021
32030
32033
32038
32040
32117
32125
32127
32155
32177
32206
32247
32269
32293
32295
32300
32337
32340
32352
32353
32360
32366
32388
32439
32462
32464
32486
32487
32498
32536
32540
32562
32589
32598
32636
32639
32656
32665
32698
32722
32758
32782
32791
32793
32839
32863
32864
32874
32897
32900
32905
32912
32915
32936
32939
32959
32964
32967
32995
33011
33026
33027
33048
33049
33063
33065
33080
33084
33102
33136
33155
33166
33177
33216
33220
33245
33257
33272
33273
33291
33292
33326
33363
33367
33396
33404
33405
33424
33432
33437
33456
33478
33483
33492
33507
33512
33590
33609
33626
33645
33676
33685
33687
33691
33692
33696
33721
33731
33749
33778
33831
33856
33875
33883
33896
33921
33930
33939
33946
33960
33966
33968
33978
33989
34024
34032
34056
34076
34090
34104
34106
34125
34139
34140
34162
34171
34196
34200
34222
34226
34231
34255
34256
34284
34302
34318
34328
34343
34346
34363
34368
34370
34376
34381
34387
34394
34397
34416
34425
34430
34435
34452
34508
34509
34512
34571
34580
34582
34583
34589
34612
34640
34646
34693
34700
34740
34753
34761
34762
34774
34788
34824
34827
34871
34880
34901
34925
34935
34959
34964
34966
