Group 7.txt condensed by commonality!
19
30
33
37
43
51
52
63
73
95
96
115
137
169
186
213
216
218
227
228
236
237
244
253
256
261
264
284
318
329
340
346
376
377
389
392
420
422
432
449
450
451
456
469
470
471
486
502
503
504
513
519
524
528
529
541
550
551
561
600
615
645
660
665
668
686
688
690
697
703
705
724
725
744
745
763
772
785
792
803
829
830
844
850
851
855
856
868
875
881
889
894
908
923
926
931
945
953
963
983
984
16
18
32
34
36
42
90
118
171
232
243
263
270
276
285
309
317
320
356
385
398
445
478
484
485
499
507
584
666
711
712
769
799
807
811
827
831
835
848
900
937
967
968
970
996
1007
1032
1050
1053
1071
1087
1121
1134
1141
1150
1165
1171
1191
1202
1225
1232
1243
1252
1265
1299
1300
1308
1325
1341
1350
1355
1358
1360
1368
1371
1373
1385
1398
1417
1440
1444
1448
1458
1462
1477
1478
1480
1482
1483
1486
1489
1502
1506
1508
1522
1527
1532
1533
1539
1550
1571
1576
1598
1609
1620
1623
1631
1635
1640
1652
1669
1683
1689
1700
1706
1709
1718
1722
1727
1729
1739
1768
1778
1785
1790
1797
1800
1805
1818
1830
1835
1841
1843
1854
1860
1873
1888
1929
1937
1943
1945
1955
1957
1963
1977
1981
1988
1994
1997
1999
1020
1057
1060
1070
1078
1080
1082
1092
1129
1149
1156
1180
1188
1280
1319
1361
1387
1404
1422
1434
1437
1485
1505
1516
1523
1558
1575
1593
1600
1653
1667
1682
1695
1772
1773
1876
2019
2095
2112
2166
2223
2274
2495
2561
2573
2673
2762
2787
2841
2924
2964
2978
2021
2031
2034
2037
2059
2060
2067
2070
2074
2082
2102
2111
2135
2144
2168
2169
2171
2178
2191
2205
2207
2209
2246
2249
2266
2276
2290
2293
2302
2336
2350
2351
2352
2353
2355
2362
2369
2382
2385
2405
2407
2418
2439
2448
2453
2458
2469
2514
2551
2554
2559
2560
2580
2587
2589
2603
2606
2637
2640
2643
2646
2677
2706
2711
2716
2736
2770
2792
2796
2801
2804
2808
2811
2826
2833
2851
2864
2874
2886
2899
2919
2929
2949
2989
2005
2084
2088
2092
2109
2185
2228
2254
2267
2303
2307
2311
2321
2339
2341
2343
2361
2424
2426
2431
2434
2436
2445
2451
2549
2567
2596
2639
2654
2660
2666
2694
2699
2721
2805
2866
2868
2962
3004
3005
3007
3008
3010
3014
3016
3040
3044
3051
3054
3065
3069
3077
3088
3093
3096
3099
3146
3150
3157
3166
3176
3219
3247
3248
3249
3255
3265
3267
3304
3309
3337
3344
3359
3389
3397
3400
3404
3409
3411
3422
3423
3453
3455
3469
3475
3490
3524
3526
3534
3547
3548
3557
3570
3581
3586
3589
3597
3614
3621
3633
3638
3670
3673
3678
3681
3682
3692
3702
3708
3729
3731
3734
3740
3742
3748
3771
3777
3781
3784
3786
3789
3803
3824
3831
3848
3867
3870
3881
3884
3906
3909
3915
3924
3928
3931
3939
3943
3944
3953
3958
3965
3973
3977
3990
3999
3001
3028
3070
3083
3103
3139
3145
3160
3169
3173
3215
3231
3275
3283
3287
3301
3306
3378
3383
3408
3414
3421
3432
3508
3529
3556
3572
3584
3588
3594
3644
3697
3727
3809
3828
3830
3835
3837
3873
3905
3913
3918
3925
3934
3948
3982
3988
4011
4041
4042
4060
4068
4078
4086
4093
4111
4133
4155
4177
4181
4188
4192
4211
4217
4221
4226
4232
4250
4257
4280
4301
4354
4383
4398
4454
4464
4465
4519
4525
4536
4538
4539
4551
4567
4672
4689
4691
4718
4739
4741
4756
4791
4804
4849
4881
4885
4895
4944
4945
4002
4005
4012
4022
4023
4029
4056
4058
4067
4095
4112
4113
4139
4157
4161
4168
4209
4230
4243
4245
4252
4285
4298
4310
4316
4320
4323
4324
4339
4359
4385
4390
4407
4427
4431
4456
4468
4476
4487
4501
4528
4534
4548
4557
4579
4583
4593
4597
4605
4606
4611
4612
4617
4652
4685
4698
4714
4719
4722
4734
4744
4746
4760
4793
4794
4796
4800
4803
4807
4816
4824
4830
4836
4846
4856
4862
4870
4878
4882
4890
4892
4898
4910
4914
4918
4920
4932
4937
4958
4963
4969
4979
5012
5020
5026
5034
5038
5039
5047
5059
5064
5069
5077
5085
5091
5124
5147
5148
5157
5161
5162
5165
5196
5202
5207
5230
5232
5239
5269
5282
5285
5318
5326
5331
5338
5360
5371
5401
5402
5403
5416
5417
5428
5432
5434
5480
5489
5493
5494
5515
5523
5532
5546
5555
5569
5570
5575
5576
5577
5587
5589
5605
5620
5637
5652
5657
5674
5694
5708
5711
5717
5727
5742
5743
5767
5776
5799
5801
5814
5831
5844
5852
5855
5857
5875
5882
5884
5887
5892
5893
5906
5913
5919
5933
5934
5940
5942
5946
5947
5949
5953
5973
5979
5987
5993
5019
5045
5113
5145
5167
5170
5191
5195
5203
5231
5242
5254
5268
5297
5352
5365
5369
5375
5385
5426
5429
5436
5457
5483
5502
5521
5535
5543
5548
5549
5554
5581
5601
5663
5664
5682
5684
5728
5752
5773
5779
5796
5802
5807
5845
5867
5897
5898
5960
5964
5965
5975
6017
6038
6059
6102
6104
6112
6128
6134
6137
6152
6171
6191
6218
6222
6232
6258
6280
6295
6308
6312
6313
6314
6324
6338
6340
6355
6372
6395
6414
6426
6434
6435
6438
6446
6459
6511
6526
6533
6539
6549
6556
6568
6569
6591
6596
6599
6611
6615
6621
6622
6631
6643
6651
6652
6659
6681
6685
6714
6726
6728
6729
6734
6756
6757
6760
6764
6766
6780
6798
6802
6812
6833
6834
6846
6848
6855
6865
6868
6873
6875
6879
6883
6889
6890
6891
6893
6903
6909
6911
6920
6938
6982
6994
6016
6023
6024
6036
6085
6107
6130
6136
6146
6169
6193
6204
6227
6249
6275
6297
6320
6330
6339
6354
6357
6362
6371
6374
6397
6431
6444
6482
6490
6529
6534
6550
6598
6616
6633
6669
6673
6683
6701
6716
6739
6773
6784
6787
6796
6800
6803
6840
6844
6845
6851
6860
6886
6922
6951
6996
7001
7021
7031
7079
7175
7202
7264
7268
7280
7421
7427
7452
7467
7479
7510
7600
7624
7658
7675
7687
7701
7744
7787
7986
7027
7100
7138
7145
7156
7159
7243
7255
7257
7261
7292
7322
7326
7341
7373
7416
7439
7473
7570
7577
7586
7592
7678
7692
7782
7788
7834
7838
7856
7861
7866
7876
7879
7905
7963
7096
7144
7158
7171
7227
7256
7328
7367
7413
7417
7487
7524
7583
7698
7754
7862
7872
7915
7987
7003
7004
7005
7019
7026
7035
7057
7068
7092
7095
7105
7118
7121
7123
7129
7142
7155
7185
7204
7219
7221
7246
7249
7254
7283
7290
7301
7310
7311
7321
7331
7339
7378
7380
7383
7399
7406
7418
7430
7475
7478
7483
7485
7492
7511
7516
7536
7569
7576
7596
7601
7610
7619
7621
7627
7633
7638
7657
7674
7690
7714
7719
7727
7741
7753
7761
7764
7771
7776
7778
7785
7795
7828
7864
7882
7932
7940
7948
7950
7954
7983
7989
8015
8017
8023
8028
8030
8034
8035
8042
8047
8048
8053
8060
8071
8074
8075
8077
8090
8102
8107
8113
8116
8122
8132
8155
8157
8161
8165
8178
8195
8205
8207
8234
8247
8260
8262
8263
8265
8266
8271
8306
8311
8323
8332
8338
8342
8351
8354
8357
8359
8366
8367
8372
8424
8426
8430
8443
8446
8453
8458
8466
8469
8474
8479
8488
8490
8492
8511
8529
8531
8538
8541
8545
8564
8579
8588
8598
8600
8604
8605
8613
8618
8652
8659
8660
8672
8680
8687
8699
8702
8706
8731
8734
8763
8769
8782
8783
8786
8787
8796
8806
8807
8811
8823
8828
8832
8854
8855
8858
8865
8881
8890
8892
8905
8912
8920
8923
8925
8936
8946
8956
8965
8974
8036
8044
8054
8080
8146
8171
8181
8210
8220
8245
8304
8308
8353
8418
8471
8482
8499
8509
8512
8539
8565
8576
8635
8848
8852
8857
8891
8896
8937
8962
8981
9004
9027
9030
9049
9061
9063
9071
9084
9100
9110
9124
9130
9156
9168
9176
9186
9197
9225
9229
9234
9264
9272
9282
9284
9315
9328
9351
9384
9410
9419
9470
9473
9524
9527
9552
9553
9604
9609
9610
9615
9641
9646
9653
9663
9676
9681
9698
9712
9717
9774
9784
9812
9837
9852
9860
9862
9865
9867
9870
9880
9889
9897
9903
9942
9972
9985
9033
9042
9066
9074
9083
9104
9131
9164
9166
9180
9207
9215
9222
9247
9250
9260
9288
9295
9299
9304
9322
9327
9334
9341
9346
9349
9356
9364
9365
9386
9399
9412
9417
9418
9438
9452
9459
9465
9467
9487
9629
9639
9640
9644
9645
9656
9661
9674
9675
9687
9695
9703
9711
9737
9759
9783
9785
9804
9806
9853
9854
9863
9876
9906
9913
9915
9930
9933
9935
9943
9946
9957
9960
9996
10012
10048
10051
10082
10104
10122
10131
10135
10136
10140
10143
10185
10187
10213
10226
10242
10269
10276
10289
10296
10301
10313
10337
10338
10341
10342
10344
10348
10366
10372
10398
10401
10408
10449
10463
10475
10481
10511
10608
10612
10614
10618
10622
10625
10628
10642
10656
10681
10683
10694
10702
10726
10727
10734
10756
10774
10780
10783
10799
10809
10838
10852
10853
10861
10914
10920
10926
10953
10990
10020
10070
10075
10077
10080
10087
10097
10114
10117
10119
10121
10128
10138
10170
10182
10193
10205
10221
10224
10225
10228
10232
10246
10248
10270
10272
10307
10310
10318
10321
10346
10355
10359
10371
10376
10377
10388
10403
10407
10417
10423
10433
10442
10457
10465
10474
10495
10497
10516
10544
10554
10564
10575
10577
10584
10585
10601
10641
10652
10670
10688
10710
10754
10757
10762
10773
10801
10806
10810
10820
10826
10831
10833
10842
10843
10859
10867
10874
10880
10885
10911
10928
10933
10937
10955
10956
10963
10971
10973
10978
10989
10991
10996
10999
11003
11017
11027
11048
11062
11082
11088
11103
11106
11117
11121
11137
11140
11144
11147
11148
11155
11181
11186
11196
11197
11215
11230
11237
11245
11254
11331
11336
11370
11378
11411
11414
11415
11439
11441
11442
11453
11468
11478
11486
11489
11500
11503
11530
11534
11562
11568
11588
11606
11607
11629
11636
11646
11647
11665
11679
11693
11697
11699
11712
11728
11774
11785
11786
11790
11793
11811
11816
11830
11831
11854
11857
11861
11862
11870
11884
11896
11901
11907
11911
11914
11919
11921
11926
11930
11932
11937
11949
11960
11976
11978
11025
11034
11041
11054
11061
11073
11079
11080
11093
11123
11146
11179
11216
11247
11249
11253
11255
11324
11327
11360
11390
11399
11407
11423
11570
11592
11605
11750
11760
11779
11808
11821
11890
11952
11991
12001
12004
12019
12026
12070
12091
12092
12098
12113
12119
12130
12155
12163
12173
12179
12234
12238
12247
12248
12273
12277
12293
12306
12312
12318
12320
12322
12323
12328
12329
12343
12345
12348
12355
12357
12384
12391
12392
12395
12402
12403
12407
12448
12457
12476
12479
12491
12509
12510
12516
12521
12528
12533
12536
12538
12557
12558
12593
12594
12599
12600
12605
12612
12616
12618
12619
12634
12649
12699
12709
12716
12724
12731
12740
12746
12755
12758
12762
12763
12775
12781
12782
12783
12803
12804
12814
12825
12848
12849
12865
12875
12891
12900
12909
12921
12939
12943
12948
12949
12951
12958
12972
12985
12012
12044
12060
12077
12112
12114
12144
12201
12266
12267
12269
12311
12341
12361
12365
12379
12383
12393
12437
12501
12515
12518
12560
12568
12570
12597
12598
12628
12629
12641
12672
12673
12714
12744
12777
12794
12843
12902
12910
12913
12925
12931
12995
13000
13001
13008
13013
13014
13035
13061
13067
13078
13089
13097
13103
13108
13113
13144
13157
13165
13181
13195
13200
13227
13232
13249
13259
13281
13286
13288
13291
13296
13304
13317
13319
13340
13355
13362
13365
13366
13368
13374
13398
13400
13409
13437
13448
13450
13457
13465
13472
13484
13496
13498
13508
13509
13517
13519
13521
13528
13530
13556
13571
13580
13622
13623
13659
13663
13672
13677
13690
13700
13714
13733
13741
13751
13752
13754
13755
13764
13774
13780
13805
13813
13816
13819
13824
13842
13853
13872
13875
13877
13885
13891
13916
13917
13920
13924
13927
13944
13949
13960
13961
13962
13971
13002
13017
13030
13049
13077
13099
13124
13125
13149
13168
13171
13179
13180
13186
13245
13270
13282
13353
13402
13435
13469
13492
13549
13568
13619
13651
13670
13689
13713
13734
13749
13758
13781
13794
13803
13817
13848
13890
13910
13951
13972
14065
14194
14324
14326
14339
14343
14372
14392
14420
14452
14466
14490
14505
14538
14563
14588
14663
14673
14689
14700
14707
14742
14745
14747
14785
14829
14838
14845
14865
14895
14902
14937
14944
14967
14986
14006
14016
14020
14024
14025
14037
14043
14051
14052
14061
14082
14084
14085
14086
14087
14103
14105
14106
14116
14150
14155
14162
14165
14169
14189
14201
14208
14209
14217
14220
14227
14229
14231
14239
14244
14250
14268
14271
14275
14281
14285
14296
14297
14344
14357
14358
14359
14362
14363
14364
14378
14400
14411
14413
14417
14418
14457
14458
14465
14471
14476
14488
14497
14504
14506
14521
14522
14529
14531
14535
14536
14541
14548
14556
14565
14572
14574
14585
14593
14597
14599
14601
14604
14605
14607
14614
14632
14634
14647
14650
14651
14654
14667
14669
14672
14686
14696
14708
14722
14734
14750
14754
14761
14770
14772
14787
14798
14800
14804
14805
14819
14823
14837
14839
14856
14868
14887
14904
14910
14911
14915
14917
14921
14929
14936
14940
14941
14957
14966
14974
14982
15001
15008
15019
15052
15078
15091
15098
15103
15175
15178
15184
15192
15200
15213
15218
15243
15257
15263
15307
15375
15384
15402
15419
15452
15489
15493
15506
15525
15547
15549
15552
15555
15587
15597
15602
15631
15675
15691
15716
15736
15754
15755
15764
15800
15801
15828
15834
15848
15935
15004
15014
15016
15032
15043
15046
15050
15051
15055
15063
15071
15085
15087
15092
15110
15126
15138
15151
15168
15173
15181
15190
15222
15237
15238
15241
15262
15267
15268
15278
15289
15310
15320
15325
15347
15390
15392
15410
15413
15414
15430
15434
15437
15439
15449
15465
15469
15478
15485
15491
15500
15505
15507
15539
15545
15548
15554
15576
15599
15605
15606
15609
15612
15617
15625
15638
15646
15655
15670
15684
15692
15696
15697
15699
15704
15708
15710
15727
15737
15786
15787
15795
15798
15807
15808
15817
15852
15854
15861
15862
15868
15871
15874
15880
15887
15890
15893
15900
15904
15910
15956
15961
15972
15973
15977
15983
15985
15986
15987
16085
16137
16140
16145
16241
16277
16282
16306
16335
16351
16357
16434
16512
16570
16605
16645
16655
16723
16747
16749
16774
16792
16842
16865
16901
16009
16022
16039
16061
16066
16082
16083
16116
16135
16148
16151
16179
16200
16243
16258
16268
16273
16275
16313
16328
16334
16339
16344
16352
16359
16363
16365
16370
16409
16432
16443
16494
16542
16549
16561
16574
16585
16608
16625
16640
16657
16665
16670
16684
16692
16698
16717
16740
16820
16823
16878
16905
16937
16946
16960
16991
16031
16033
16171
16397
16550
16626
16631
16735
16957
16004
16005
16018
16020
16054
16071
16089
16096
16105
16133
16181
16187
16199
16240
16254
16256
16264
16285
16293
16305
16338
16342
16345
16347
16348
16372
16374
16417
16445
16457
16458
16472
16507
16556
16557
16566
16571
16622
16643
16650
16676
16691
16701
16725
16751
16754
16773
16782
16836
16838
16844
16850
16866
16895
16896
16915
16918
16923
16949
16976
16985
16987
17001
17003
17006
17013
17042
17049
17064
17066
17069
17082
17085
17087
17096
17100
17109
17113
17122
17123
17125
17135
17137
17163
17189
17194
17201
17219
17258
17262
17309
17312
17316
17318
17325
17326
17328
17336
17344
17346
17355
17379
17381
17405
17431
17444
17447
17481
17485
17496
17527
17532
17544
17547
17549
17556
17568
17574
17584
17593
17606
17608
17615
17631
17643
17648
17661
17676
17734
17738
17740
17766
17771
17777
17781
17803
17811
17813
17814
17820
17829
17834
17854
17857
17862
17866
17868
17885
17890
17895
17902
17908
17935
17938
17941
17969
17973
17974
17980
17995
17996
17005
17008
17020
17040
17053
17090
17097
17130
17185
17190
17192
17205
17247
17288
17310
17339
17364
17365
17373
17413
17426
17428
17437
17452
17456
17483
17488
17489
17515
17536
17566
17603
17667
17678
17721
17723
17724
17730
17732
17754
17761
17763
17770
17772
17780
17783
17873
17912
17959
17965
17986
17991
17997
18018
18026
18033
18055
18057
18073
18119
18140
18148
18157
18164
18166
18183
18190
18195
18198
18208
18212
18225
18234
18248
18259
18282
18303
18320
18321
18337
18367
18371
18393
18395
18400
18406
18419
18425
18429
18430
18447
18469
18475
18482
18484
18485
18494
18497
18505
18514
18540
18601
18610
18624
18625
18640
18656
18659
18661
18690
18728
18734
18744
18754
18770
18780
18797
18807
18809
18820
18830
18847
18850
18855
18871
18872
18877
18891
18918
18920
18923
18977
18991
18068
18069
18074
18077
18095
18105
18110
18130
18144
18145
18156
18159
18178
18218
18227
18244
18247
18255
18264
18281
18298
18301
18336
18348
18363
18365
18368
18373
18378
18381
18403
18409
18415
18421
18476
18519
18532
18552
18566
18581
18594
18603
18620
18622
18626
18627
18642
18653
18677
18687
18706
18745
18757
18774
18814
18837
18840
18846
18860
18897
18924
18942
18953
18973
18984
18988
19011
19018
19038
19053
19069
19075
19089
19090
19095
19099
19143
19147
19155
19159
19163
19214
19274
19302
19362
19457
19469
19504
19505
19507
19533
19543
19558
19581
19583
19584
19614
19620
19621
19639
19652
19669
19731
19736
19752
19754
19772
19780
19788
19815
19831
19862
19865
19868
19886
19911
19913
19916
19943
19946
19958
19973
19974
19986
19017
19032
19048
19067
19086
19093
19117
19134
19136
19137
19145
19149
19162
19193
19196
19205
19206
19211
19213
19216
19226
19238
19246
19256
19271
19301
19303
19327
19328
19329
19338
19353
19373
19392
19404
19409
19416
19421
19430
19432
19433
19439
19445
19451
19456
19467
19492
19495
19500
19508
19512
19513
19523
19526
19532
19538
19540
19541
19550
19556
19582
19587
19588
19597
19611
19630
19649
19666
19691
19709
19717
19735
19740
19750
19760
19769
19787
19790
19797
19810
19830
19835
19837
19842
19854
19858
19866
19884
19915
19920
19935
19944
19959
19968
20005
20007
20015
20026
20040
20056
20067
20068
20076
20077
20085
20088
20091
20095
20113
20130
20137
20149
20189
20202
20228
20256
20260
20300
20304
20326
20333
20358
20367
20384
20395
20405
20412
20418
20452
20468
20484
20511
20521
20532
20538
20541
20550
20551
20554
20555
20564
20586
20593
20608
20641
20653
20658
20702
20703
20717
20722
20723
20778
20810
20811
20826
20830
20832
20839
20864
20867
20874
20910
20915
20937
20946
20964
20966
20025
20029
20037
20063
20064
20073
20139
20161
20168
20190
20223
20233
20239
20262
20277
20288
20311
20322
20334
20378
20381
20408
20411
20425
20430
20460
20462
20477
20501
20516
20525
20534
20563
20568
20572
20574
20584
20588
20590
20597
20612
20619
20627
20634
20646
20655
20670
20697
20698
20713
20732
20734
20741
20757
20771
20785
20787
20793
20807
20816
20827
20834
20856
20881
20883
20931
20934
20941
20944
20976
20983
21000
21007
21013
21023
21025
21033
21034
21039
21043
21078
21087
21116
21118
21124
21130
21140
21158
21167
21170
21176
21177
21183
21210
21217
21233
21238
21269
21272
21297
21303
21306
21311
21333
21334
21341
21353
21356
21359
21377
21403
21417
21425
21426
21431
21434
21441
21457
21464
21467
21481
21487
21496
21515
21545
21552
21554
21565
21576
21594
21596
21603
21610
21619
21622
21628
21629
21632
21640
21643
21648
21656
21664
21670
21672
21703
21705
21719
21728
21729
21776
21779
21788
21821
21827
21834
21839
21842
21844
21856
21861
21874
21879
21888
21911
21926
21927
21932
21939
21941
21942
21946
21948
21949
21956
21957
21958
21972
21984
21988
21993
21003
21014
21028
21031
21045
21064
21096
21102
21114
21129
21148
21153
21313
21317
21338
21343
21348
21349
21352
21366
21390
21406
21413
21436
21443
21445
21454
21484
21490
21501
21503
21523
21549
21561
21627
21647
21709
21718
21804
21808
21822
21851
21855
21866
21894
21917
21955
21961
21965
21971
21998
22009
22025
22028
22049
22059
22062
22074
22081
22100
22121
22133
22143
22144
22159
22165
22203
22211
22225
22236
22250
22255
22263
22267
22271
22275
22277
22287
22291
22303
22306
22307
22316
22317
22321
22325
22336
22340
22341
22372
22377
22382
22387
22408
22411
22434
22454
22490
22501
22514
22515
22531
22541
22560
22569
22580
22581
22584
22588
22599
22608
22619
22626
22638
22650
22667
22679
22681
22686
22687
22691
22694
22699
22703
22704
22709
22711
22717
22722
22736
22740
22746
22751
22752
22774
22828
22833
22845
22846
22854
22855
22874
22876
22879
22889
22905
22923
22926
22928
22943
22944
22945
22953
22958
22959
22965
22983
22984
22986
22005
22015
22034
22070
22136
22155
22157
22179
22266
22358
22360
22370
22390
22415
22486
22539
22542
22546
22573
22602
22611
22621
22634
22656
22672
22690
22724
22758
22766
22787
22806
22813
22866
22871
22898
22910
22919
23015
23020
23024
23031
23045
23049
23061
23087
23152
23165
23234
23262
23263
23286
23303
23312
23325
23336
23338
23344
23347
23352
23360
23407
23512
23578
23593
23615
23641
23660
23664
23665
23697
23777
23799
23800
23812
23916
23942
23951
23962
23975
23976
23003
23012
23026
23030
23054
23126
23140
23168
23171
23180
23221
23251
23255
23258
23269
23340
23366
23389
23454
23462
23464
23476
23504
23522
23569
23573
23643
23675
23687
23703
23730
23747
23769
23772
23778
23786
23794
23820
23834
23905
23932
23947
23018
23028
23068
23072
23083
23088
23099
23103
23104
23106
23130
23144
23158
23163
23166
23170
23215
23240
23241
23259
23264
23268
23271
23281
23302
23356
23361
23386
23399
23402
23415
23453
23473
23499
23518
23524
23540
23545
23555
23562
23590
23609
23610
23625
23630
23647
23661
23692
23699
23711
23724
23751
23753
23761
23770
23774
23782
23789
23801
23821
23826
23838
23842
23851
23881
23895
23897
23899
23919
23945
23956
23963
24008
24015
24025
24029
24046
24072
24084
24093
24107
24120
24126
24176
24188
24205
24209
24221
24224
24227
24229
24242
24247
24251
24255
24269
24299
24301
24305
24312
24315
24326
24339
24371
24380
24386
24389
24396
24404
24427
24449
24478
24481
24486
24500
24505
24507
24530
24533
24569
24575
24581
24586
24595
24599
24605
24618
24636
24637
24646
24648
24672
24674
24675
24700
24706
24733
24758
24767
24773
24781
24784
24806
24809
24811
24813
24838
24866
24878
24879
24888
24890
24897
24898
24907
24911
24914
24915
24933
24941
24942
24953
24962
24966
24971
24978
24984
24995
24022
24057
24068
24130
24147
24179
24207
24222
24230
24254
24261
24328
24336
24353
24384
24411
24412
24455
24457
24459
24465
24482
24496
24551
24565
24592
24615
24621
24639
24657
24679
24683
24686
24689
24692
24709
24710
24730
24737
24756
24776
24802
24821
24822
24828
24829
24851
24852
24853
24876
24908
24927
24952
25020
25021
25058
25063
25080
25100
25103
25129
25188
25191
25220
25224
25230
25231
25235
25254
25263
25268
25279
25334
25354
25372
25421
25469
25473
25491
25535
25548
25569
25595
25626
25643
25672
25686
25719
25739
25750
25768
25771
25798
25861
25874
25880
25881
25895
25911
25955
25968
25979
25985
25999
25005
25029
25038
25042
25043
25049
25062
25081
25107
25112
25119
25142
25168
25170
25173
25185
25195
25207
25208
25236
25252
25288
25291
25300
25306
25316
25325
25328
25331
25333
25340
25342
25352
25371
25381
25382
25398
25402
25403
25407
25414
25426
25445
25449
25461
25483
25492
25509
25520
25526
25530
25536
25546
25550
25564
25568
25572
25577
25611
25623
25639
25669
25675
25676
25681
25693
25694
25708
25716
25717
25727
25734
25735
25740
25742
25747
25757
25762
25764
25773
25777
25781
25784
25787
25799
25802
25807
25817
25819
25821
25823
25828
25831
25838
25865
25873
25877
25892
25893
25905
25913
25919
25934
25944
25949
25951
25961
25969
25983
26006
26020
26025
26027
26037
26039
26058
26061
26064
26066
26068
26075
26081
26101
26105
26122
26124
26128
26137
26161
26173
26189
26221
26246
26257
26258
26265
26272
26273
26281
26300
26302
26312
26331
26342
26355
26371
26372
26376
26394
26397
26398
26400
26425
26431
26449
26453
26473
26474
26530
26539
26542
26545
26558
26571
26576
26577
26579
26587
26593
26602
26606
26614
26615
26616
26624
26644
26646
26648
26657
26667
26682
26696
26697
26702
26710
26717
26724
26725
26732
26733
26748
26749
26753
26755
26760
26773
26795
26811
26823
26827
26836
26841
26852
26875
26883
26889
26896
26905
26911
26912
26917
26926
26934
26938
26947
26951
26980
26994
26071
26083
26087
26118
26131
26141
26142
26181
26196
26216
26223
26253
26280
26337
26351
26414
26460
26464
26470
26496
26498
26519
26566
26581
26608
26665
26690
26693
26727
26782
26791
26794
26797
26803
26837
26843
26850
26853
26861
26933
26946
26957
26978
26985
26995
27017
27032
27045
27049
27061
27083
27084
27125
27135
27162
27163
27168
27171
27189
27190
27211
27215
27219
27220
27228
27230
27248
27252
27253
27281
27282
27305
27320
27326
27330
27333
27338
27349
27352
27379
27390
27391
27397
27403
27404
27413
27425
27430
27435
27449
27455
27460
27461
27464
27467
27475
27489
27493
27499
27500
27516
27527
27532
27551
27559
27593
27595
27599
27601
27611
27612
27629
27643
27644
27645
27646
27652
27653
27661
27703
27704
27713
27720
27725
27733
27736
27750
27753
27756
27762
27769
27774
27781
27788
27791
27795
27797
27800
27819
27824
27841
27847
27862
27863
27878
27890
27906
27975
27982
27985
27014
27051
27053
27089
27094
27104
27110
27149
27152
27153
27184
27239
27242
27280
27292
27316
27347
27374
27476
27508
27540
27557
27634
27663
27732
27813
27865
27894
27904
27922
28017
28018
28049
28061
28100
28141
28142
28145
28171
28254
28281
28284
28302
28307
28344
28356
28373
28395
28397
28421
28454
28546
28556
28575
28588
28594
28666
28721
28751
28765
28773
28803
28954
28984
28031
28037
28063
28072
28084
28093
28140
28180
28190
28194
28201
28240
28241
28256
28319
28408
28434
28443
28451
28459
28463
28469
28497
28504
28613
28620
28657
28688
28706
28727
28730
28731
28756
28761
28764
28771
28829
28851
28866
28910
28945
28949
28978
28071
28119
28170
28177
28295
28406
28467
28474
28584
28611
28627
28638
28797
28812
28923
28951
28995
28044
28064
28117
28172
28224
28236
28275
28278
28351
28428
28460
28499
28526
28577
28615
28658
28696
28699
28799
28838
28863
28877
28937
28944
28964
28967
28970
28055
28069
28086
28114
28121
28133
28134
28153
28182
28193
28199
28210
28225
28247
28264
28272
28274
28312
28328
28390
28392
28415
28430
28432
28521
28532
28567
28568
28640
28647
28655
28661
28689
28736
28744
28784
28816
28823
28845
28852
28856
28858
28879
28886
28902
28925
28934
28942
28952
28953
28960
28993
28998
29008
29009
29013
29022
29034
29054
29056
29060
29067
29072
29080
29091
29102
29104
29107
29156
29161
29167
29174
29201
29242
29249
29298
29305
29308
29372
29386
29387
29394
29414
29434
29450
29459
29464
29469
29480
29509
29547
29551
29561
29571
29595
29608
29611
29623
29628
29644
29649
29670
29675
29676
29704
29722
29733
29749
29756
29775
29779
29807
29834
29835
29837
29844
29845
29866
29867
29873
29890
29892
29906
29930
29960
29974
29984
29987
29988
29018
29039
29083
29093
29120
29130
29151
29154
29176
29191
29194
29200
29213
29240
29257
29299
29358
29475
29490
29534
29597
29614
29726
29767
29848
29877
29899
29951
29956
29973
29999
29005
29040
29049
29061
29075
29077
29095
29137
29155
29178
29193
29198
29199
29204
29226
29245
29247
29259
29260
29281
29287
29288
29302
29310
29339
29370
29376
29420
29423
29426
29435
29445
29484
29485
29527
29552
29556
29559
29560
29570
29586
29594
29616
29635
29672
29702
29723
29744
29753
29765
29814
29828
29840
29841
29849
29853
29855
29856
29868
29870
29881
29902
29948
29981
29982
30011
30015
30016
30076
30092
30123
30131
30134
30141
30149
30153
30186
30187
30231
30232
30243
30255
30273
30276
30277
30280
30285
30300
30304
30307
30309
30323
30325
30328
30340
30372
30378
30382
30384
30389
30391
30401
30402
30412
30417
30424
30437
30458
30502
30518
30544
30565
30596
30599
30624
30628
30632
30636
30639
30652
30660
30662
30682
30683
30710
30717
30728
30730
30732
30743
30747
30749
30759
30773
30802
30814
30821
30836
30839
30840
30844
30847
30857
30859
30860
30872
30887
30888
30914
30925
30928
30934
30937
30942
30948
30954
30958
30965
30978
30008
30019
30062
30066
30081
30099
30110
30127
30142
30155
30177
30178
30200
30206
30238
30239
30246
30288
30302
30314
30316
30341
30345
30349
30358
30425
30430
30515
30521
30536
30550
30563
30568
30576
30604
30619
30625
30627
30644
30661
30675
30692
30701
30796
30805
30808
30871
30875
30879
30911
30962
31006
31028
31055
31062
31066
31068
31075
31080
31107
31117
31129
31149
31152
31199
31219
31230
31235
31259
31272
31283
31297
31298
31352
31358
31370
31392
31399
31438
31447
31469
31479
31483
31484
31498
31538
31547
31551
31555
31556
31565
31569
31572
31593
31597
31608
31613
31627
31632
31647
31659
31664
31666
31673
31675
31680
31684
31695
31702
31717
31724
31738
31744
31763
31768
31770
31784
31806
31841
31859
31881
31892
31897
31905
31916
31924
31932
31959
31961
31963
31965
31989
31014
31017
31023
31032
31047
31084
31085
31089
31151
31176
31203
31207
31228
31231
31245
31269
31276
31304
31318
31330
31337
31346
31364
31384
31427
31448
31450
31465
31491
31501
31515
31523
31532
31560
31564
31567
31588
31605
31609
31621
31625
31639
31641
31645
31681
31696
31719
31746
31766
31786
31788
31799
31811
31818
31827
31830
31856
31869
31872
31889
31900
31911
31938
31946
31956
31958
31964
31966
31969
31984
32034
32037
32070
32073
32083
32090
32093
32112
32119
32122
32131
32133
32134
32139
32163
32190
32208
32220
32224
32226
32229
32232
32244
32266
32271
32276
32285
32294
32313
32336
32339
32347
32358
32362
32414
32418
32430
32433
32447
32465
32473
32497
32509
32550
32558
32588
32592
32641
32647
32657
32701
32706
32709
32713
32727
32762
32769
32776
32786
32798
32829
32832
32844
32878
32881
32885
32895
32911
32962
32980
32007
32014
32016
32023
32024
32044
32047
32059
32061
32064
32066
32067
32071
32081
32094
32098
32120
32145
32159
32165
32183
32185
32241
32242
32262
32263
32272
32281
32312
32316
32319
32354
32385
32406
32411
32446
32491
32507
32517
32518
32524
32535
32549
32584
32613
32616
32648
32658
32677
32683
32685
32689
32695
32696
32699
32711
32734
32738
32740
32752
32763
32802
32803
32804
32817
32820
32824
32841
32843
32849
32852
32859
32860
32867
32887
32889
32902
32903
32910
32926
32944
32960
32961
32966
32975
33001
33004
33019
33020
33040
33043
33051
33054
33072
33086
33089
33099
33148
33159
33174
33193
33249
33250
33265
33276
33342
33348
33370
33375
33383
33386
33387
33425
33459
33470
33475
33528
33543
33551
33555
33556
33557
33563
33564
33569
33576
33601
33611
33613
33622
33624
33634
33640
33661
33670
33673
33690
33697
33706
33762
33764
33784
33786
33791
33810
33811
33821
33823
33834
33835
33836
33839
33858
33861
33876
33885
33907
33916
33931
33956
33959
33976
33008
33064
33078
33082
33088
33091
33093
33095
33097
33103
33122
33144
33146
33152
33173
33183
33184
33190
33203
33209
33210
33232
33235
33243
33244
33251
33262
33269
33271
33288
33294
33299
33317
33321
33322
33333
33334
33344
33350
33357
33362
33394
33406
33417
33419
33428
33429
33488
33502
33503
33506
33510
33515
33520
33537
33540
33558
33573
33586
33604
33614
33615
33620
33631
33662
33688
33694
33709
33713
33719
33737
33738
33767
33768
33785
33809
33813
33873
33890
33908
33965
33971
33981
33993
33998
34036
34045
34048
34058
34060
34132
34168
34183
34246
34248
34251
34252
34253
34273
34286
34298
34300
34306
34309
34315
34317
34320
34334
34335
34362
34367
34371
34382
34391
34417
34433
34438
34450
34455
34459
34461
34486
34490
34506
34521
34531
34533
34561
34568
34573
34579
34590
34599
34619
34625
34654
34673
34684
34694
34706
34709
34712
34746
34779
34786
34798
34815
34819
34822
34826
34864
34865
34868
34872
34876
34885
34887
34899
34926
34942
34971
34979
34980
34981
34005
34035
34050
34059
34070
34100
34117
34134
34138
34153
34156
34201
34206
34217
34230
34233
34257
34282
34344
34354
34372
34385
34388
34396
34426
34429
34436
34437
34454
34463
34468
34498
34499
34501
34503
34507
34510
34511
34519
34523
34525
34551
34555
34557
34585
34603
34627
34631
34653
34661
34671
34679
34713
34715
34732
34749
34766
34773
34807
34817
34915
34919
34920
34921
34924
34931
34932
34934
34943
34947
34949
34957
34978
