Group 8.txt condensed by commonality!
14
22
48
67
72
88
91
93
158
176
185
204
233
234
246
248
266
295
299
300
331
334
336
352
368
404
437
447
464
466
531
567
569
599
613
652
680
693
702
783
813
818
906
974
988
997
6
17
29
41
136
140
153
188
217
225
279
292
315
328
442
489
495
498
505
510
543
564
583
597
675
698
713
716
768
841
939
971
12
53
133
141
165
214
438
521
535
627
679
681
708
740
793
976
993
3
4
15
31
55
57
71
97
98
107
111
113
120
142
143
149
151
162
172
183
195
199
206
242
268
281
288
291
294
333
348
370
378
380
383
384
387
396
399
416
431
433
455
463
475
476
479
487
491
509
552
556
565
576
577
608
618
628
633
647
651
677
685
687
695
722
729
730
739
760
762
770
771
773
774
776
794
804
805
809
853
859
878
892
899
901
912
922
946
952
961
965
977
978
985
994
999
1
5
23
35
60
79
102
114
155
157
174
203
208
222
224
235
249
251
273
278
307
310
316
325
400
411
418
436
481
534
542
547
562
570
586
595
603
605
617
632
638
639
643
661
684
691
692
723
738
747
756
767
814
821
888
895
921
925
942
944
964
1023
1076
1098
1107
1131
1224
1273
1318
1324
1402
1407
1432
1435
1463
1490
1510
1520
1525
1549
1645
1686
1721
1726
1782
1803
1823
1844
1861
1890
1979
1985
1112
1175
1177
1233
1237
1298
1348
1365
1411
1530
1557
1591
1638
1678
1804
1810
1905
1956
1974
1005
1009
1010
1012
1015
1017
1033
1037
1038
1043
1065
1074
1084
1088
1115
1120
1130
1132
1137
1139
1142
1152
1153
1154
1157
1164
1166
1172
1178
1192
1208
1211
1219
1239
1244
1250
1259
1264
1270
1283
1284
1287
1291
1297
1305
1316
1337
1345
1347
1353
1356
1377
1378
1381
1396
1403
1405
1412
1414
1420
1429
1431
1445
1446
1447
1466
1467
1470
1471
1472
1474
1479
1484
1487
1488
1499
1500
1504
1513
1521
1529
1536
1548
1559
1561
1568
1573
1587
1595
1630
1636
1637
1647
1650
1656
1673
1676
1687
1691
1703
1713
1715
1724
1725
1735
1737
1743
1750
1753
1760
1762
1764
1766
1771
1774
1775
1796
1799
1808
1809
1829
1836
1839
1840
1842
1850
1851
1858
1865
1867
1877
1880
1893
1894
1906
1910
1920
1923
1940
1947
1951
1965
1968
1972
1973
1984
1993
1998
1011
1016
1048
1081
1089
1111
1136
1140
1167
1206
1213
1241
1246
1255
1260
1275
1282
1286
1336
1343
1384
1390
1443
1460
1473
1476
1494
1543
1601
1619
1629
1672
1679
1705
1723
1728
1742
1787
1798
1812
1813
1822
1886
1902
1928
1931
1946
1967
1970
2004
2006
2023
2028
2049
2063
2068
2073
2075
2079
2097
2104
2116
2125
2141
2145
2151
2156
2159
2160
2167
2175
2186
2190
2193
2202
2204
2208
2212
2224
2233
2257
2263
2268
2271
2278
2282
2285
2291
2297
2298
2305
2306
2318
2334
2348
2365
2387
2388
2389
2395
2403
2419
2420
2429
2435
2446
2447
2462
2464
2466
2467
2487
2501
2509
2527
2529
2530
2545
2547
2565
2570
2578
2592
2601
2602
2628
2631
2644
2647
2655
2656
2658
2663
2669
2675
2685
2689
2692
2708
2723
2726
2727
2735
2745
2761
2767
2769
2773
2776
2803
2806
2809
2812
2814
2820
2822
2829
2831
2832
2840
2854
2857
2859
2863
2865
2867
2869
2871
2875
2877
2893
2894
2897
2900
2906
2913
2915
2928
2930
2942
2946
2950
2954
2959
2963
2965
2972
2975
2980
2982
2002
2010
2045
2048
2051
2108
2110
2117
2148
2189
2194
2199
2236
2238
2239
2248
2251
2288
2295
2326
2332
2390
2392
2414
2425
2473
2519
2526
2581
2597
2605
2612
2632
2659
2693
2701
2702
2713
2749
2753
2785
2798
2819
2842
2848
2860
2891
2892
2895
2914
2918
2925
2932
2941
2944
2948
2953
2974
2992
2030
2071
2076
2103
2124
2153
2181
2192
2213
2219
2235
2287
2310
2314
2331
2370
2373
2404
2433
2438
2443
2459
2460
2505
2513
2533
2544
2563
2566
2588
2590
2598
2609
2610
2618
2619
2641
2664
2672
2678
2758
2777
2784
2794
2813
2815
2817
2821
2830
2839
2847
2856
2858
2889
2909
2935
2937
2956
2961
2969
2990
3000
3002
3012
3015
3020
3027
3046
3049
3059
3071
3076
3080
3081
3084
3086
3094
3100
3112
3114
3118
3120
3122
3124
3134
3135
3136
3137
3140
3144
3151
3152
3153
3155
3156
3163
3171
3174
3177
3178
3184
3190
3191
3194
3195
3196
3199
3200
3204
3207
3209
3216
3223
3230
3232
3236
3238
3241
3251
3254
3258
3268
3272
3273
3274
3278
3284
3297
3298
3299
3305
3310
3313
3323
3329
3332
3338
3345
3351
3353
3354
3355
3362
3372
3373
3377
3381
3382
3386
3390
3393
3398
3399
3403
3406
3410
3413
3415
3416
3417
3420
3430
3434
3442
3443
3451
3457
3458
3460
3465
3468
3471
3477
3478
3482
3493
3494
3499
3500
3504
3506
3509
3511
3517
3518
3525
3528
3530
3533
3536
3539
3540
3558
3559
3560
3561
3564
3566
3567
3568
3571
3575
3577
3578
3583
3585
3590
3595
3599
3600
3602
3604
3608
3616
3617
3620
3623
3625
3626
3631
3632
3635
3636
3640
3647
3649
3651
3657
3661
3664
3667
3686
3690
3693
3696
3709
3711
3712
3714
3716
3717
3718
3720
3722
3724
3725
3728
3739
3741
3743
3750
3751
3756
3761
3764
3767
3770
3772
3776
3778
3780
3783
3793
3796
3798
3805
3812
3814
3815
3819
3820
3821
3822
3826
3832
3840
3844
3847
3851
3858
3860
3862
3874
3876
3885
3888
3891
3893
3898
3903
3908
3916
3919
3920
3921
3926
3932
3933
3935
3938
3940
3941
3947
3954
3956
3957
3961
3962
3968
3971
3974
3975
3976
3980
3983
3984
3993
3995
3996
3997
3998
4003
4019
4032
4039
4055
4061
4069
4076
4083
4098
4099
4102
4117
4118
4119
4126
4165
4178
4193
4194
4201
4216
4228
4235
4237
4260
4268
4284
4295
4297
4311
4334
4336
4352
4368
4371
4375
4384
4415
4420
4428
4439
4450
4474
4496
4498
4510
4511
4517
4566
4570
4573
4577
4585
4621
4644
4660
4663
4693
4704
4706
4709
4720
4752
4759
4770
4773
4780
4785
4823
4825
4827
4860
4864
4868
4893
4897
4907
4924
4941
4943
4948
4955
4982
4985
4000
4010
4027
4053
4057
4059
4063
4070
4081
4091
4103
4108
4109
4148
4151
4154
4160
4163
4176
4195
4219
4236
4239
4241
4249
4253
4259
4272
4279
4283
4286
4288
4291
4306
4307
4318
4366
4369
4372
4378
4389
4392
4396
4397
4406
4413
4414
4421
4424
4444
4445
4463
4477
4479
4482
4490
4492
4500
4506
4507
4543
4552
4559
4580
4581
4590
4592
4599
4600
4603
4607
4628
4647
4687
4700
4716
4726
4727
4730
4753
4761
4764
4778
4815
4817
4822
4829
4831
4875
4887
4891
4896
4903
4927
4934
4938
4981
4989
4996
4998
4021
4036
4047
4066
4071
4085
4105
4110
4142
4146
4149
4156
4162
4167
4169
4206
4208
4210
4212
4224
4234
4244
4246
4261
4263
4264
4267
4273
4281
4304
4341
4358
4377
4391
4403
4405
4430
4441
4448
4466
4469
4478
4484
4485
4494
4495
4499
4523
4524
4554
4575
4587
4619
4638
4645
4646
4659
4664
4670
4682
4684
4697
4721
4724
4729
4732
4743
4758
4768
4790
4799
4866
4889
4894
4900
4913
4915
4929
4947
4952
4954
4957
4977
4984
5021
5049
5088
5100
5139
5172
5199
5250
5291
5308
5334
5386
5389
5438
5453
5487
5516
5551
5552
5556
5557
5579
5583
5612
5634
5666
5730
5764
5848
5871
5874
5938
5006
5022
5050
5071
5073
5075
5098
5106
5107
5109
5114
5117
5151
5166
5198
5201
5228
5229
5236
5241
5246
5247
5271
5288
5299
5305
5319
5325
5379
5393
5394
5399
5400
5409
5446
5448
5459
5465
5473
5477
5492
5504
5550
5562
5566
5568
5584
5597
5606
5607
5626
5659
5678
5685
5691
5710
5715
5722
5738
5754
5761
5769
5772
5782
5798
5809
5815
5818
5827
5833
5840
5856
5864
5879
5899
5918
5925
5930
5945
5950
5001
5003
5018
5024
5025
5031
5043
5055
5089
5123
5126
5134
5160
5179
5188
5206
5208
5218
5222
5227
5233
5248
5257
5262
5266
5316
5342
5343
5358
5364
5367
5370
5397
5404
5408
5444
5472
5476
5486
5497
5510
5526
5547
5553
5573
5582
5598
5604
5622
5627
5633
5656
5668
5669
5671
5680
5681
5689
5723
5725
5740
5755
5758
5763
5768
5781
5783
5787
5789
5793
5805
5808
5819
5821
5826
5834
5858
5861
5876
5886
5901
5912
5951
5985
5986
5990
5027
5036
5056
5062
5084
5096
5110
5116
5118
5135
5141
5143
5183
5184
5186
5224
5255
5258
5273
5274
5279
5281
5292
5293
5307
5314
5330
5341
5345
5349
5350
5359
5382
5396
5398
5413
5418
5433
5439
5450
5454
5455
5498
5531
5534
5536
5592
5593
5608
5611
5615
5641
5643
5649
5693
5731
5735
5737
5749
5766
5788
5823
5842
5846
5865
5872
5880
5890
5895
5902
5903
5911
5920
5929
5962
5967
5970
5997
6001
6002
6003
6004
6009
6025
6037
6042
6064
6067
6073
6120
6127
6147
6149
6151
6163
6177
6202
6229
6256
6260
6273
6274
6292
6334
6380
6394
6408
6409
6430
6433
6437
6452
6455
6470
6476
6499
6501
6503
6544
6559
6573
6606
6657
6693
6696
6697
6700
6708
6709
6721
6730
6733
6749
6752
6809
6831
6876
6899
6904
6916
6919
6929
6944
6963
6966
6969
6972
6973
6981
6985
6986
6006
6010
6014
6020
6046
6051
6055
6063
6066
6069
6084
6092
6100
6110
6113
6114
6118
6123
6125
6144
6148
6155
6157
6159
6160
6190
6199
6214
6216
6251
6252
6257
6259
6262
6288
6289
6290
6318
6343
6346
6353
6368
6377
6378
6385
6387
6407
6410
6423
6445
6454
6467
6469
6478
6483
6492
6497
6500
6504
6516
6521
6522
6525
6536
6540
6543
6548
6566
6588
6594
6597
6609
6635
6640
6648
6653
6661
6677
6679
6695
6710
6727
6731
6736
6738
6741
6751
6783
6794
6824
6828
6837
6841
6842
6843
6858
6862
6869
6878
6887
6896
6898
6906
6913
6931
6933
6942
6946
6949
6950
6959
6978
6000
6013
6029
6035
6054
6070
6072
6081
6095
6101
6111
6115
6119
6122
6133
6141
6142
6158
6226
6230
6239
6246
6267
6278
6279
6283
6284
6286
6287
6317
6327
6329
6341
6366
6392
6402
6411
6413
6421
6424
6440
6466
6479
6489
6513
6532
6535
6538
6551
6553
6557
6561
6577
6581
6585
6590
6592
6607
6610
6644
6645
6670
6676
6686
6689
6702
6704
6713
6737
6744
6754
6763
6769
6774
6781
6793
6799
6804
6806
6810
6816
6832
6861
6863
6881
6912
6915
6940
6958
6970
6971
6987
6989
6997
6999
7007
7013
7028
7048
7082
7088
7125
7143
7163
7176
7198
7203
7214
7223
7228
7232
7234
7235
7244
7245
7259
7269
7287
7289
7305
7318
7338
7352
7388
7426
7460
7498
7503
7507
7515
7517
7540
7547
7555
7561
7565
7581
7602
7606
7620
7632
7650
7661
7677
7686
7712
7717
7732
7786
7817
7821
7836
7849
7860
7865
7911
7916
7918
7926
7939
7967
7978
7988
7999
7006
7010
7017
7018
7030
7034
7042
7044
7051
7071
7073
7076
7083
7085
7086
7093
7111
7113
7115
7116
7126
7131
7133
7136
7146
7152
7153
7164
7169
7172
7179
7191
7192
7194
7200
7201
7226
7237
7241
7247
7248
7277
7281
7282
7288
7299
7308
7309
7317
7325
7330
7350
7356
7384
7385
7392
7395
7400
7409
7412
7414
7423
7437
7444
7446
7449
7451
7459
7461
7463
7464
7480
7489
7500
7506
7533
7538
7549
7550
7556
7573
7578
7580
7582
7591
7594
7597
7607
7611
7615
7623
7628
7642
7646
7665
7671
7682
7700
7728
7730
7737
7739
7748
7751
7762
7766
7772
7779
7784
7790
7794
7796
7799
7809
7823
7824
7832
7841
7845
7858
7869
7878
7880
7896
7897
7900
7904
7917
7928
7930
7933
7941
7945
7946
7949
7951
7958
7959
7962
7974
7981
7990
7067
7084
7098
7108
7132
7151
7166
7167
7188
7195
7199
7205
7208
7263
7270
7295
7303
7307
7320
7336
7359
7365
7368
7398
7428
7448
7468
7477
7497
7501
7512
7585
7647
7652
7666
7679
7691
7695
7703
7713
7750
7758
7760
7774
7789
7792
7793
7810
7853
7913
7914
7934
7973
7993
7996
8000
8004
8009
8010
8014
8021
8031
8033
8040
8057
8062
8064
8078
8084
8087
8096
8099
8101
8105
8106
8108
8118
8123
8126
8134
8141
8142
8144
8149
8164
8169
8182
8183
8186
8187
8188
8189
8190
8198
8199
8201
8212
8214
8217
8221
8224
8238
8240
8248
8251
8277
8279
8281
8284
8291
8294
8307
8309
8313
8316
8321
8324
8331
8333
8337
8341
8345
8346
8349
8350
8356
8365
8376
8378
8379
8380
8389
8390
8394
8396
8397
8398
8403
8405
8406
8411
8412
8413
8414
8416
8420
8422
8425
8433
8436
8438
8439
8445
8457
8459
8465
8467
8468
8470
8475
8476
8480
8484
8489
8497
8502
8513
8520
8521
8522
8523
8530
8533
8535
8536
8540
8554
8556
8581
8592
8594
8595
8596
8603
8606
8609
8611
8614
8617
8622
8628
8634
8641
8645
8651
8669
8675
8683
8684
8685
8686
8691
8693
8708
8715
8717
8722
8728
8730
8735
8742
8746
8752
8760
8764
8768
8772
8777
8781
8784
8795
8798
8799
8800
8816
8821
8830
8839
8844
8847
8851
8853
8856
8861
8878
8887
8903
8907
8909
8914
8918
8919
8931
8935
8940
8944
8947
8950
8952
8964
8966
8971
8983
8991
8993
8995
8996
8005
8016
8046
8058
8079
8081
8131
8158
8211
8223
8254
8274
8361
8363
8383
8392
8395
8407
8461
8473
8507
8510
8577
8593
8619
8626
8657
8688
8689
8697
8711
8714
8721
8729
8753
8771
8802
8803
8814
8818
8820
8825
8862
8866
8879
8963
9005
9010
9018
9031
9038
9040
9041
9064
9082
9111
9129
9132
9144
9170
9193
9195
9218
9261
9279
9280
9323
9332
9343
9345
9348
9359
9362
9394
9421
9437
9442
9496
9504
9520
9523
9528
9545
9547
9556
9558
9568
9572
9582
9600
9601
9606
9625
9670
9685
9686
9732
9752
9757
9780
9798
9803
9820
9823
9824
9830
9842
9848
9851
9893
9896
9901
9963
9983
9992
9019
9022
9036
9037
9051
9089
9090
9106
9119
9123
9136
9137
9139
9141
9145
9147
9151
9153
9172
9178
9199
9205
9212
9214
9240
9244
9246
9248
9256
9268
9281
9283
9285
9289
9308
9320
9329
9333
9340
9371
9385
9416
9431
9435
9456
9462
9469
9472
9479
9480
9482
9495
9501
9510
9537
9540
9570
9579
9583
9603
9605
9607
9612
9616
9623
9642
9643
9650
9652
9658
9667
9668
9684
9702
9708
9710
9715
9725
9729
9739
9754
9771
9772
9789
9794
9818
9845
9861
9869
9872
9875
9909
9920
9923
9931
9944
9951
9967
9001
9003
9008
9013
9032
9045
9054
9062
9072
9077
9095
9098
9101
9117
9121
9128
9138
9140
9159
9161
9163
9169
9171
9175
9185
9190
9217
9221
9237
9254
9273
9277
9291
9296
9305
9355
9360
9366
9372
9387
9389
9393
9397
9401
9403
9423
9428
9429
9436
9439
9463
9474
9485
9500
9514
9536
9541
9542
9546
9551
9559
9566
9573
9587
9595
9596
9613
9628
9630
9649
9657
9669
9672
9688
9700
9707
9713
9718
9723
9726
9733
9741
9742
9758
9760
9763
9773
9797
9799
9807
9810
9814
9819
9822
9825
9834
9835
9838
9841
9850
9858
9868
9883
9885
9886
9888
9911
9912
9917
9921
9929
9940
9956
9976
9977
9984
9991
9998
9999
10000
10005
10010
10021
10022
10029
10032
10037
10040
10050
10052
10053
10054
10056
10060
10061
10069
10081
10083
10088
10091
10098
10099
10137
10144
10148
10153
10155
10158
10166
10173
10188
10191
10200
10202
10215
10223
10236
10239
10249
10257
10259
10267
10273
10305
10309
10312
10314
10317
10326
10328
10332
10334
10340
10347
10351
10354
10356
10368
10373
10375
10378
10382
10390
10392
10395
10396
10400
10402
10411
10412
10413
10415
10416
10429
10435
10444
10451
10452
10454
10469
10480
10482
10485
10486
10494
10498
10499
10501
10509
10510
10514
10518
10519
10521
10528
10533
10536
10541
10547
10566
10572
10579
10583
10597
10599
10607
10611
10615
10617
10626
10629
10632
10638
10644
10648
10654
10655
10659
10663
10666
10674
10677
10682
10685
10686
10691
10692
10696
10699
10700
10701
10714
10720
10721
10731
10736
10748
10753
10755
10763
10764
10779
10786
10795
10811
10819
10823
10837
10839
10840
10845
10856
10860
10863
10868
10884
10895
10898
10904
10931
10934
10949
10952
10959
10968
10976
10992
10994
10006
10014
10025
10028
10030
10041
10044
10065
10094
10105
10109
10110
10115
10134
10152
10154
10183
10199
10206
10216
10217
10243
10250
10254
10277
10283
10290
10298
10316
10350
10357
10360
10361
10364
10383
10384
10385
10389
10410
10425
10427
10453
10455
10484
10488
10500
10517
10524
10538
10549
10551
10576
10582
10586
10600
10606
10623
10627
10630
10634
10636
10639
10640
10643
10647
10649
10664
10669
10673
10705
10716
10718
10730
10738
10751
10758
10760
10769
10787
10788
10794
10796
10804
10821
10824
10841
10846
10850
10855
10864
10869
10878
10879
10887
10910
10921
10927
10936
10943
10977
10982
10987
10998
11001
11011
11014
11018
11019
11036
11039
11043
11046
11047
11058
11059
11068
11072
11084
11089
11090
11095
11111
11115
11138
11161
11167
11174
11176
11187
11188
11201
11204
11210
11213
11217
11241
11250
11259
11279
11296
11297
11312
11319
11368
11381
11425
11444
11456
11472
11487
11492
11499
11502
11507
11540
11541
11550
11553
11574
11586
11599
11612
11614
11620
11641
11644
11645
11648
11658
11661
11670
11694
11696
11705
11719
11722
11723
11751
11753
11756
11759
11764
11782
11798
11812
11815
11819
11838
11855
11871
11881
11892
11903
11916
11917
11934
11938
11947
11971
11050
11076
11078
11152
11223
11226
11307
11316
11369
11516
11536
11615
11652
11671
11688
11802
11827
11877
11912
11933
11935
11955
11963
11970
11988
11000
11004
11052
11053
11070
11114
11139
11169
11182
11199
11218
11221
11228
11229
11252
11266
11289
11309
11321
11348
11349
11358
11392
11405
11454
11455
11458
11464
11481
11506
11527
11531
11537
11545
11555
11582
11583
11597
11598
11603
11604
11616
11618
11619
11621
11643
11662
11677
11682
11709
11726
11735
11766
11770
11771
11777
11778
11783
11813
11835
11839
11867
11885
11895
11900
11902
11944
11950
11954
11961
11972
11974
11985
11002
11009
11016
11037
11042
11066
11128
11141
11154
11157
11162
11178
11206
11225
11239
11258
11272
11298
11301
11311
11313
11353
11372
11377
11379
11386
11397
11398
11430
11436
11445
11462
11469
11477
11505
11509
11569
11572
11581
11594
11610
11613
11649
11663
11664
11675
11687
11691
11700
11749
11755
11762
11800
11803
11817
11847
11872
11878
11888
11894
11909
11913
11929
11942
11967
11993
11998
12002
12003
12023
12029
12035
12042
12048
12053
12086
12095
12101
12102
12116
12122
12124
12128
12138
12140
12146
12167
12172
12193
12197
12213
12217
12222
12223
12235
12244
12245
12255
12260
12262
12270
12284
12286
12292
12294
12303
12338
12344
12346
12350
12356
12360
12364
12366
12372
12376
12396
12400
12436
12441
12444
12450
12456
12466
12467
12470
12471
12487
12488
12493
12495
12498
12499
12504
12517
12527
12531
12537
12539
12546
12555
12584
12587
12589
12603
12615
12620
12637
12656
12665
12666
12668
12677
12682
12689
12692
12705
12725
12738
12739
12742
12747
12760
12765
12774
12780
12792
12795
12799
12806
12819
12820
12821
12835
12846
12862
12874
12876
12884
12894
12899
12908
12945
12950
12957
12976
12981
12984
12006
12007
12016
12022
12024
12059
12064
12067
12069
12088
12110
12152
12159
12164
12166
12175
12180
12185
12204
12212
12214
12220
12227
12230
12231
12241
12258
12261
12275
12290
12295
12309
12336
12340
12352
12377
12380
12387
12397
12410
12415
12417
12475
12486
12494
12545
12551
12576
12624
12635
12648
12661
12671
12674
12679
12696
12698
12728
12736
12748
12756
12768
12769
12779
12785
12787
12788
12800
12801
12816
12818
12838
12847
12856
12868
12873
12897
12898
12901
12906
12914
12917
12928
12929
12938
12952
12970
12994
12017
12025
12040
12046
12065
12074
12096
12107
12118
12125
12139
12149
12153
12162
12199
12200
12202
12203
12215
12218
12224
12228
12239
12288
12289
12331
12333
12362
12388
12406
12409
12422
12461
12465
12489
12502
12526
12530
12541
12552
12563
12592
12623
12642
12645
12654
12684
12690
12710
12722
12753
12778
12791
12798
12802
12830
12852
12880
12888
12944
12989
13009
13019
13028
13037
13060
13082
13083
13088
13090
13095
13111
13115
13119
13121
13128
13137
13139
13143
13150
13159
13167
13178
13183
13187
13199
13204
13210
13213
13219
13228
13234
13235
13247
13250
13256
13257
13273
13275
13276
13277
13280
13302
13309
13311
13321
13330
13331
13333
13336
13338
13359
13361
13370
13373
13376
13382
13397
13399
13404
13406
13411
13416
13425
13430
13433
13441
13445
13451
13453
13455
13468
13482
13487
13489
13499
13500
13505
13516
13520
13526
13527
13539
13574
13576
13579
13585
13592
13596
13600
13608
13633
13634
13637
13642
13644
13660
13675
13678
13679
13682
13685
13686
13693
13697
13701
13703
13706
13718
13720
13729
13737
13746
13760
13765
13771
13789
13809
13826
13827
13835
13844
13849
13856
13858
13861
13865
13867
13894
13896
13902
13903
13918
13919
13926
13930
13937
13939
13943
13946
13950
13966
13968
13976
13982
13984
13991
13994
13031
13045
13051
13053
13086
13102
13109
13110
13120
13155
13166
13201
13278
13320
13322
13324
13332
13337
13367
13392
13428
13443
13460
13463
13494
13546
13547
13551
13562
13577
13612
13625
13715
13736
13784
13825
13829
13846
13863
13866
13886
13907
13935
13954
13959
13985
13038
13057
13081
13092
13098
13134
13135
13175
13177
13188
13203
13214
13217
13239
13266
13274
13279
13283
13290
13303
13314
13334
13348
13352
13371
13377
13384
13386
13389
13394
13405
13432
13434
13436
13447
13458
13464
13473
13475
13485
13503
13507
13513
13514
13515
13518
13538
13559
13595
13613
13618
13621
13628
13635
13638
13649
13652
13666
13668
13671
13684
13688
13698
13708
13727
13740
13742
13744
13750
13761
13775
13778
13782
13790
13795
13800
13807
13850
13854
13870
13874
13895
13905
13908
13911
13931
13932
13938
13945
13958
13978
13998
14003
14005
14014
14021
14041
14048
14067
14071
14083
14090
14092
14107
14113
14117
14120
14121
14122
14123
14125
14131
14134
14147
14148
14151
14161
14166
14172
14174
14181
14190
14191
14193
14198
14199
14202
14204
14207
14218
14223
14225
14230
14241
14246
14256
14265
14266
14278
14287
14289
14299
14302
14303
14306
14312
14313
14317
14325
14337
14346
14347
14350
14366
14373
14379
14381
14419
14433
14434
14436
14442
14446
14450
14451
14453
14459
14467
14469
14472
14480
14486
14503
14507
14509
14518
14526
14544
14547
14550
14555
14571
14594
14600
14603
14606
14618
14620
14621
14629
14639
14642
14649
14656
14662
14665
14666
14675
14677
14681
14683
14684
14685
14705
14706
14716
14720
14721
14740
14757
14758
14765
14767
14780
14782
14783
14791
14794
14806
14816
14841
14847
14851
14855
14862
14867
14869
14871
14877
14885
14888
14889
14890
14892
14900
14901
14909
14919
14930
14933
14942
14946
14950
14959
14960
14964
14970
14978
14987
14991
14993
14996
14000
14013
14027
14033
14059
14068
14080
14089
14091
14100
14110
14146
14154
14164
14183
14222
14262
14277
14284
14294
14295
14308
14322
14323
14333
14348
14351
14354
14390
14398
14438
14440
14475
14502
14519
14533
14537
14591
14619
14637
14644
14661
14690
14699
14731
14738
14743
14746
14753
14755
14759
14762
14779
14788
14790
14792
14861
14876
14897
14903
14916
14925
14931
14934
14935
14939
14948
14955
14962
14963
14002
14011
14012
14070
14104
14108
14137
14141
14168
14327
14380
14386
14423
14449
14496
14500
14511
14549
14577
14586
14602
14610
14611
14612
14617
14623
14625
14640
14652
14657
14670
14711
14712
14726
14749
14807
14830
14831
14943
14971
15015
15017
15020
15021
15027
15028
15034
15038
15040
15041
15047
15054
15060
15068
15069
15075
15077
15081
15084
15086
15089
15090
15093
15094
15096
15101
15102
15108
15109
15113
15116
15117
15118
15123
15125
15128
15149
15150
15156
15163
15165
15166
15169
15170
15172
15179
15182
15183
15199
15205
15206
15208
15209
15211
15214
15217
15225
15235
15239
15240
15242
15249
15251
15256
15259
15266
15269
15273
15274
15275
15276
15282
15284
15286
15287
15294
15296
15298
15300
15304
15311
15312
15315
15319
15323
15326
15327
15331
15332
15335
15341
15343
15352
15354
15361
15366
15367
15368
15369
15370
15371
15388
15394
15395
15397
15398
15403
15404
15405
15407
15412
15416
15421
15423
15427
15428
15429
15435
15440
15441
15443
15448
15453
15454
15455
15460
15462
15464
15466
15467
15470
15472
15476
15477
15479
15481
15482
15488
15490
15495
15497
15501
15503
15504
15516
15517
15518
15520
15524
15526
15528
15530
15531
15544
15564
15565
15567
15569
15571
15579
15580
15592
15594
15600
15607
15608
15613
15614
15621
15624
15626
15628
15629
15630
15634
15637
15639
15640
15648
15650
15653
15656
15657
15658
15661
15662
15663
15664
15668
15669
15671
15676
15679
15683
15689
15693
15695
15703
15705
15706
15707
15712
15726
15729
15731
15732
15733
15738
15745
15747
15748
15750
15752
15756
15761
15765
15768
15773
15774
15776
15777
15778
15788
15797
15799
15806
15813
15814
15819
15820
15821
15822
15827
15830
15835
15837
15840
15841
15844
15845
15849
15856
15857
15859
15860
15865
15870
15879
15882
15885
15888
15891
15902
15903
15905
15912
15916
15917
15918
15919
15920
15921
15926
15932
15939
15941
15949
15950
15952
15954
15957
15959
15963
15966
15967
15976
15979
15980
15981
15982
15989
15992
15996
15999
16001
16002
16008
16012
16013
16021
16023
16027
16028
16030
16032
16034
16035
16037
16043
16045
16046
16063
16064
16065
16067
16072
16074
16075
16076
16078
16086
16090
16091
16093
16095
16100
16102
16103
16108
16109
16114
16117
16118
16120
16122
16125
16127
16129
16141
16146
16147
16155
16156
16160
16166
16168
16170
16174
16178
16180
16182
16183
16186
16188
16208
16212
16214
16219
16220
16223
16224
16225
16227
16232
16242
16246
16247
16250
16252
16260
16261
16263
16267
16274
16279
16280
16284
16286
16289
16291
16292
16294
16298
16299
16302
16303
16304
16307
16308
16310
16314
16315
16319
16323
16330
16331
16333
16336
16337
16340
16343
16346
16355
16356
16362
16364
16369
16373
16375
16378
16382
16384
16393
16395
16398
16401
16404
16406
16408
16410
16411
16412
16413
16414
16416
16420
16421
16423
16427
16428
16429
16430
16435
16446
16449
16460
16465
16469
16470
16475
16476
16479
16480
16481
16482
16487
16495
16496
16500
16504
16514
16517
16519
16522
16523
16526
16529
16531
16533
16534
16537
16539
16541
16544
16546
16547
16548
16551
16553
16558
16560
16569
16575
16579
16580
16583
16584
16589
16590
16591
16593
16594
16597
16598
16599
16610
16614
16617
16618
16619
16620
16630
16632
16636
16639
16641
16644
16647
16652
16654
16656
16664
16667
16672
16674
16679
16681
16682
16683
16685
16690
16695
16696
16697
16700
16703
16707
16709
16712
16720
16721
16724
16728
16729
16730
16733
16742
16745
16752
16762
16764
16767
16770
16771
16776
16778
16779
16781
16785
16786
16787
16790
16802
16805
16808
16811
16813
16816
16824
16830
16831
16835
16843
16847
16848
16852
16854
16856
16859
16860
16867
16872
16873
16876
16877
16884
16890
16891
16898
16904
16910
16912
16913
16919
16921
16922
16925
16928
16930
16932
16934
16935
16936
16941
16943
16948
16950
16959
16962
16968
16970
16971
16973
16978
16979
16983
16989
16990
16992
16995
16998
16999
17010
17018
17022
17028
17036
17037
17045
17050
17052
17059
17061
17063
17068
17071
17073
17079
17081
17088
17098
17119
17120
17124
17128
17132
17134
17138
17142
17149
17155
17158
17159
17160
17166
17167
17169
17172
17188
17196
17197
17209
17211
17212
17215
17216
17222
17223
17229
17233
17234
17236
17240
17241
17255
17256
17257
17259
17276
17282
17283
17298
17300
17302
17304
17307
17311
17337
17345
17354
17357
17358
17359
17360
17369
17370
17385
17412
17417
17418
17423
17429
17434
17440
17448
17451
17453
17454
17458
17459
17461
17462
17466
17470
17475
17476
17491
17498
17507
17511
17513
17514
17521
17523
17526
17533
17534
17538
17539
17542
17552
17553
17557
17560
17567
17575
17576
17577
17578
17594
17596
17604
17609
17612
17614
17616
17619
17623
17624
17628
17634
17636
17638
17642
17646
17652
17655
17660
17665
17668
17673
17688
17689
17692
17696
17700
17712
17720
17725
17743
17749
17756
17760
17787
17789
17791
17795
17796
17799
17801
17805
17807
17816
17826
17827
17837
17838
17843
17846
17847
17850
17861
17864
17865
17867
17870
17875
17879
17884
17887
17892
17896
17907
17917
17918
17922
17925
17926
17933
17937
17943
17945
17953
17955
17961
17963
17968
17971
17979
17983
17984
17985
17987
17988
17990
17994
17999
17019
17023
17026
17031
17095
17111
17117
17127
17140
17143
17145
17148
17151
17180
17186
17199
17203
17207
17221
17242
17249
17251
17277
17291
17292
17301
17303
17327
17338
17343
17351
17382
17386
17389
17393
17403
17424
17435
17438
17439
17450
17463
17464
17467
17469
17478
17482
17484
17504
17517
17528
17540
17548
17551
17561
17569
17570
17607
17640
17645
17677
17679
17684
17686
17693
17694
17705
17739
17750
17751
17769
17773
17778
17809
17823
17848
17869
17872
17882
17903
17904
17924
17928
17949
17957
17958
18003
18015
18025
18039
18043
18054
18059
18098
18100
18101
18115
18120
18138
18142
18181
18221
18235
18245
18251
18254
18284
18309
18359
18388
18392
18438
18442
18446
18452
18472
18479
18500
18508
18521
18523
18526
18553
18555
18561
18563
18570
18592
18599
18614
18615
18616
18631
18637
18638
18644
18645
18654
18658
18669
18676
18697
18701
18718
18721
18752
18756
18758
18759
18761
18763
18772
18784
18790
18819
18833
18852
18862
18867
18900
18905
18912
18929
18941
18952
18974
18979
18024
18031
18035
18045
18053
18087
18092
18106
18133
18146
18165
18189
18194
18207
18214
18229
18230
18232
18277
18278
18304
18305
18316
18322
18333
18335
18342
18346
18366
18372
18382
18384
18387
18396
18401
18404
18405
18408
18417
18428
18433
18439
18454
18461
18464
18470
18473
18499
18511
18513
18545
18551
18557
18562
18572
18578
18584
18596
18611
18617
18629
18646
18649
18665
18674
18681
18685
18714
18751
18755
18762
18771
18775
18787
18800
18817
18822
18823
18843
18845
18870
18881
18884
18893
18914
18917
18926
18933
18937
18948
18950
18955
18957
18963
18972
18976
18981
18992
18994
18998
18027
18046
18051
18056
18061
18063
18096
18107
18128
18139
18143
18151
18152
18168
18173
18176
18188
18204
18242
18243
18253
18261
18266
18271
18276
18279
18286
18294
18299
18312
18314
18324
18327
18329
18330
18331
18361
18362
18370
18399
18432
18436
18441
18467
18468
18471
18478
18486
18501
18510
18512
18529
18530
18534
18541
18542
18548
18558
18571
18619
18635
18641
18647
18655
18668
18694
18702
18707
18709
18710
18715
18724
18726
18729
18730
18749
18792
18818
18827
18831
18853
18856
18865
18879
18882
18887
18913
18931
18938
18945
18951
18989
19002
19020
19028
19033
19039
19040
19045
19051
19054
19061
19063
19065
19078
19082
19084
19088
19094
19098
19108
19111
19121
19122
19123
19150
19157
19167
19179
19184
19185
19194
19195
19208
19215
19234
19236
19237
19239
19244
19257
19259
19264
19270
19275
19282
19285
19287
19290
19294
19297
19316
19320
19323
19325
19332
19361
19364
19369
19379
19390
19395
19402
19406
19407
19410
19414
19415
19424
19437
19443
19446
19454
19458
19460
19462
19463
19465
19473
19475
19477
19478
19481
19484
19502
19506
19517
19519
19524
19528
19544
19565
19570
19579
19596
19598
19599
19600
19604
19622
19623
19632
19635
19636
19637
19638
19640
19645
19646
19648
19657
19660
19664
19679
19686
19689
19693
19694
19696
19704
19713
19718
19719
19721
19728
19730
19743
19744
19749
19757
19761
19771
19773
19789
19794
19811
19819
19820
19822
19828
19829
19838
19841
19843
19850
19867
19870
19871
19874
19878
19882
19883
19885
19887
19890
19906
19917
19918
19919
19922
19924
19938
19939
19942
19947
19964
19971
19977
19978
19982
19983
19990
19993
19000
19001
19003
19010
19014
19023
19029
19034
19037
19043
19068
19073
19080
19085
19096
19100
19105
19106
19119
19124
19135
19172
19178
19182
19201
19221
19229
19233
19242
19243
19262
19267
19268
19289
19314
19317
19336
19339
19358
19377
19380
19397
19401
19413
19420
19423
19425
19429
19464
19490
19510
19518
19521
19522
19553
19564
19567
19568
19573
19585
19610
19615
19616
19627
19651
19665
19678
19681
19685
19692
19711
19716
19722
19727
19732
19733
19734
19737
19742
19751
19775
19785
19798
19816
19824
19845
19849
19875
19876
19888
19889
19892
19905
19908
19932
19934
19940
19956
19965
19972
19987
19998
20002
20004
20011
20017
20018
20019
20031
20036
20047
20055
20060
20062
20079
20081
20086
20087
20092
20096
20099
20101
20104
20108
20116
20124
20129
20135
20136
20141
20146
20152
20156
20157
20160
20179
20180
20188
20192
20193
20195
20212
20217
20219
20221
20224
20235
20237
20245
20246
20253
20261
20267
20268
20276
20280
20286
20287
20291
20292
20295
20305
20306
20310
20330
20331
20344
20347
20353
20357
20359
20365
20377
20380
20383
20386
20396
20397
20399
20401
20403
20406
20409
20410
20423
20424
20427
20434
20441
20465
20480
20496
20509
20518
20520
20524
20533
20536
20542
20547
20556
20561
20565
20569
20577
20594
20598
20600
20602
20615
20618
20645
20647
20663
20672
20674
20677
20683
20690
20693
20695
20699
20712
20718
20729
20739
20750
20755
20756
20762
20767
20769
20770
20782
20786
20794
20797
20798
20804
20809
20828
20848
20852
20879
20884
20897
20901
20907
20924
20929
20939
20940
20952
20958
20960
20967
20970
20977
20979
20986
20992
20030
20034
20035
20050
20054
20058
20059
20071
20098
20103
20105
20112
20114
20125
20131
20133
20140
20142
20151
20165
20166
20167
20171
20178
20187
20197
20198
20203
20211
20215
20218
20225
20227
20273
20279
20285
20293
20294
20298
20301
20309
20312
20316
20336
20337
20339
20343
20346
20352
20363
20391
20433
20442
20445
20448
20455
20464
20475
20489
20499
20504
20513
20527
20528
20529
20535
20548
20559
20560
20599
20610
20613
20617
20621
20626
20630
20633
20650
20664
20679
20680
20686
20705
20715
20716
20727
20761
20765
20766
20776
20777
20779
20790
20791
20796
20800
20814
20823
20847
20850
20855
20870
20872
20880
20891
20894
20903
20917
20928
20930
20938
20942
20947
20950
20982
21001
21002
21004
21021
21026
21027
21029
21030
21035
21042
21044
21056
21059
21061
21063
21065
21066
21069
21071
21079
21080
21084
21085
21089
21093
21099
21104
21105
21106
21111
21113
21115
21119
21122
21128
21132
21134
21136
21137
21139
21142
21143
21149
21150
21151
21152
21156
21157
21160
21163
21166
21169
21171
21172
21180
21187
21191
21193
21196
21201
21207
21208
21211
21212
21221
21227
21231
21236
21249
21253
21255
21258
21259
21260
21264
21268
21274
21276
21278
21280
21282
21286
21291
21293
21294
21295
21304
21305
21312
21316
21318
21320
21326
21329
21330
21337
21345
21346
21351
21361
21362
21369
21373
21375
21378
21379
21384
21386
21387
21391
21392
21395
21398
21400
21405
21407
21412
21414
21419
21420
21422
21423
21428
21432
21438
21446
21450
21451
21453
21458
21469
21472
21473
21474
21476
21486
21489
21494
21495
21497
21499
21507
21510
21513
21520
21525
21531
21532
21543
21548
21553
21557
21559
21563
21564
21567
21569
21572
21577
21579
21582
21583
21584
21586
21587
21589
21591
21592
21593
21601
21604
21605
21611
21613
21618
21621
21630
21633
21637
21638
21642
21644
21645
21653
21655
21659
21667
21675
21676
21680
21681
21684
21687
21694
21695
21700
21706
21710
21713
21714
21720
21722
21723
21724
21725
21730
21736
21738
21745
21749
21751
21754
21755
21761
21762
21763
21769
21771
21783
21790
21792
21793
21794
21796
21798
21800
21805
21810
21811
21817
21825
21829
21830
21850
21852
21853
21860
21864
21865
21867
21872
21875
21882
21884
21887
21890
21899
21901
21902
21903
21906
21908
21914
21915
21918
21922
21924
21925
21936
21951
21952
21964
21975
21976
21982
21991
21994
21999
22019
22022
22038
22048
22052
22064
22089
22140
22146
22200
22201
22223
22228
22276
22278
22305
22328
22330
22334
22338
22342
22348
22349
22351
22437
22452
22456
22463
22466
22480
22500
22522
22536
22543
22548
22561
22586
22605
22609
22618
22623
22633
22636
22689
22715
22778
22804
22824
22883
22886
22903
22904
22911
22937
22971
22985
22991
22001
22006
22008
22017
22024
22044
22050
22051
22054
22057
22075
22078
22079
22085
22087
22090
22097
22099
22106
22111
22118
22124
22125
22126
22128
22139
22141
22162
22164
22172
22178
22185
22186
22187
22192
22207
22208
22209
22217
22222
22224
22229
22241
22254
22257
22261
22262
22264
22270
22288
22295
22297
22298
22318
22320
22322
22323
22327
22346
22355
22357
22371
22376
22383
22392
22394
22395
22396
22405
22406
22410
22412
22416
22423
22424
22426
22450
22459
22462
22464
22470
22471
22474
22479
22482
22493
22494
22497
22499
22504
22513
22519
22521
22533
22558
22563
22590
22591
22613
22628
22630
22637
22643
22651
22652
22655
22662
22663
22664
22670
22680
22685
22697
22705
22720
22726
22727
22728
22731
22735
22742
22743
22769
22777
22779
22783
22785
22789
22791
22793
22794
22798
22802
22811
22814
22819
22821
22838
22843
22850
22867
22873
22885
22892
22894
22897
22900
22901
22909
22916
22922
22924
22936
22946
22948
22949
22951
22955
22960
22977
22994
22995
22003
22004
22013
22032
22033
22055
22060
22063
22068
22069
22086
22095
22115
22129
22142
22151
22152
22167
22169
22170
22183
22184
22193
22230
22244
22251
22256
22265
22272
22282
22284
22304
22332
22337
22344
22368
22374
22386
22404
22407
22444
22465
22487
22488
22495
22508
22550
22565
22570
22578
22603
22604
22615
22644
22647
22653
22666
22668
22684
22708
22733
22753
22761
22772
22780
22781
22792
22795
22834
22858
22869
22884
22899
22912
22920
22964
22996
23002
23017
23022
23036
23046
23062
23085
23101
23107
23128
23131
23141
23151
23173
23175
23179
23191
23199
23202
23209
23214
23229
23230
23249
23257
23306
23318
23322
23351
23364
23369
23381
23392
23406
23411
23451
23463
23474
23480
23483
23486
23489
23500
23501
23520
23544
23551
23570
23574
23584
23597
23611
23614
23620
23621
23631
23633
23642
23645
23682
23688
23695
23701
23709
23712
23723
23775
23781
23787
23793
23827
23833
23839
23845
23849
23850
23857
23858
23876
23877
23906
23915
23929
23939
23943
23967
23969
23977
23998
23005
23011
23019
23032
23039
23047
23051
23074
23077
23090
23097
23105
23133
23146
23177
23183
23184
23208
23219
23220
23224
23227
23231
23238
23245
23254
23256
23261
23273
23274
23275
23284
23288
23290
23292
23313
23324
23331
23339
23384
23390
23436
23437
23447
23456
23458
23460
23461
23468
23503
23506
23507
23517
23521
23535
23553
23559
23567
23582
23587
23601
23619
23638
23644
23655
23669
23673
23676
23677
23681
23689
23702
23705
23719
23737
23742
23746
23749
23765
23767
23773
23780
23796
23798
23805
23824
23835
23846
23854
23864
23870
23878
23882
23883
23890
23893
23912
23934
23949
23961
23971
23973
23982
23983
23987
23989
23009
23021
23037
23043
23058
23066
23075
23081
23086
23111
23116
23145
23147
23185
23205
23236
23239
23252
23260
23266
23272
23283
23296
23308
23320
23326
23409
23423
23438
23472
23482
23485
23492
23510
23527
23548
23554
23556
23576
23591
23632
23653
23654
23663
23704
23721
23745
23748
23756
23759
23766
23776
23802
23803
23818
23828
23891
23900
23908
23911
23913
23937
23946
23948
23957
23958
23972
23978
23985
23990
23995
24002
24006
24017
24074
24077
24092
24094
24097
24127
24152
24172
24184
24185
24196
24204
24237
24253
24278
24287
24330
24372
24417
24426
24431
24490
24502
24503
24520
24529
24553
24556
24563
24596
24603
24626
24656
24662
24670
24704
24721
24734
24746
24779
24823
24881
24889
24894
24918
24921
24930
24951
24989
24011
24023
24024
24026
24027
24037
24049
24050
24052
24069
24087
24089
24100
24111
24112
24118
24121
24123
24124
24131
24136
24141
24142
24145
24150
24153
24163
24164
24168
24174
24198
24211
24215
24225
24228
24235
24238
24250
24265
24267
24279
24295
24303
24310
24314
24349
24355
24358
24365
24367
24370
24377
24383
24394
24406
24408
24409
24410
24414
24415
24421
24428
24429
24434
24437
24440
24443
24451
24471
24475
24477
24483
24489
24491
24497
24509
24512
24517
24524
24535
24537
24540
24545
24555
24568
24584
24598
24607
24619
24620
24628
24634
24651
24654
24663
24666
24680
24681
24682
24684
24687
24728
24731
24741
24742
24751
24761
24778
24785
24788
24795
24797
24817
24825
24827
24834
24835
24843
24848
24849
24854
24857
24859
24862
24868
24873
24877
24882
24885
24886
24891
24892
24896
24910
24916
24917
24919
24929
24932
24934
24936
24944
24950
24957
24961
24970
24982
24985
24990
24997
24003
24012
24041
24062
24070
24076
24088
24105
24114
24115
24122
24140
24144
24181
24191
24203
24213
24218
24219
24233
24243
24245
24248
24256
24257
24259
24276
24304
24308
24309
24317
24332
24333
24347
24350
24356
24364
24368
24373
24374
24400
24402
24439
24463
24468
24485
24487
24513
24527
24532
24550
24552
24554
24558
24566
24593
24622
24633
24642
24647
24668
24691
24696
24717
24745
24757
24760
24770
24790
24792
24800
24810
24831
24836
24837
24871
24901
24904
24923
24925
24938
24940
24977
25002
25007
25024
25026
25048
25051
25052
25057
25072
25085
25091
25099
25109
25114
25121
25122
25137
25140
25162
25183
25186
25200
25205
25222
25226
25239
25240
25246
25278
25293
25295
25297
25313
25315
25323
25345
25380
25394
25395
25450
25457
25502
25517
25537
25544
25566
25648
25650
25662
25663
25666
25680
25691
25705
25706
25726
25729
25751
25767
25772
25774
25786
25796
25803
25827
25844
25849
25858
25862
25867
25902
25938
25945
25954
25987
25988
25997
25006
25023
25027
25044
25117
25118
25132
25133
25177
25181
25197
25212
25219
25227
25266
25267
25282
25287
25309
25337
25339
25348
25355
25357
25364
25435
25467
25475
25477
25484
25506
25522
25523
25525
25547
25555
25588
25620
25635
25700
25775
25778
25820
25835
25909
25918
25932
25958
25966
25990
25001
25017
25032
25036
25041
25050
25061
25070
25071
25089
25093
25105
25113
25127
25131
25136
25144
25145
25149
25153
25156
25169
25174
25175
25178
25179
25194
25198
25199
25213
25216
25221
25234
25237
25243
25256
25259
25262
25270
25276
25277
25284
25286
25303
25327
25344
25353
25356
25358
25373
25378
25383
25388
25396
25406
25425
25428
25436
25444
25446
25452
25460
25471
25474
25476
25479
25496
25498
25513
25521
25538
25542
25543
25549
25553
25579
25583
25585
25586
25598
25603
25604
25607
25609
25612
25613
25615
25622
25625
25651
25656
25658
25661
25664
25671
25677
25679
25692
25699
25714
25720
25724
25736
25741
25749
25752
25753
25754
25755
25761
25779
25789
25791
25808
25818
25824
25825
25833
25841
25852
25855
25868
25876
25883
25885
25891
25894
25897
25904
25906
25912
25916
25935
25941
25943
25952
25953
25962
25965
25974
25982
25989
25991
26000
26003
26004
26011
26012
26026
26028
26033
26038
26040
26044
26046
26048
26054
26056
26063
26069
26072
26077
26089
26092
26094
26097
26106
26108
26115
26125
26126
26127
26130
26134
26139
26143
26146
26150
26151
26152
26153
26156
26157
26160
26162
26164
26165
26167
26169
26170
26176
26178
26180
26182
26184
26186
26191
26197
26201
26202
26204
26205
26208
26210
26217
26220
26225
26226
26227
26234
26235
26236
26240
26243
26245
26251
26254
26262
26263
26270
26286
26287
26289
26290
26293
26297
26299
26303
26304
26305
26306
26308
26309
26313
26314
26315
26317
26318
26321
26329
26332
26335
26339
26343
26345
26348
26349
26352
26356
26357
26360
26361
26365
26366
26368
26370
26375
26379
26380
26383
26404
26411
26415
26416
26423
26429
26434
26435
26439
26445
26457
26462
26466
26467
26479
26482
26483
26484
26488
26494
26500
26501
26502
26505
26511
26516
26518
26521
26526
26529
26531
26533
26535
26537
26540
26546
26555
26556
26568
26575
26586
26591
26595
26597
26598
26600
26603
26609
26611
26617
26618
26620
26621
26625
26627
26629
26634
26635
26638
26639
26642
26645
26649
26654
26658
26660
26661
26664
26666
26668
26669
26672
26674
26675
26679
26685
26692
26695
26698
26704
26707
26712
26720
26726
26728
26729
26736
26738
26739
26740
26741
26742
26743
26744
26745
26746
26747
26758
26762
26764
26767
26768
26778
26780
26784
26789
26793
26796
26802
26804
26805
26806
26809
26812
26816
26821
26826
26829
26832
26834
26839
26840
26847
26848
26858
26860
26869
26879
26884
26885
26886
26887
26890
26893
26899
26906
26914
26915
26916
26923
26927
26936
26950
26952
26953
26954
26956
26958
26962
26964
26965
26969
26970
26973
26974
26976
26979
26986
26991
26992
26996
26999
27008
27035
27036
27040
27048
27068
27105
27121
27177
27196
27213
27221
27226
27231
27310
27348
27386
27412
27424
27427
27487
27528
27554
27558
27571
27637
27681
27682
27717
27767
27830
27848
27874
27983
27055
27064
27087
27101
27127
27134
27170
27307
27342
27398
27408
27419
27466
27510
27542
27564
27565
27590
27609
27622
27641
27719
27740
27761
27770
27784
27806
27807
27853
27872
27873
27881
27905
27908
27003
27010
27012
27013
27020
27021
27022
27026
27027
27039
27042
27047
27062
27066
27072
27076
27079
27085
27092
27093
27100
27109
27114
27115
27119
27128
27130
27136
27143
27145
27146
27148
27158
27159
27164
27165
27166
27175
27178
27181
27182
27191
27195
27200
27202
27204
27207
27214
27223
27224
27232
27238
27251
27256
27258
27259
27261
27268
27270
27285
27298
27311
27312
27319
27328
27329
27331
27340
27356
27359
27360
27364
27372
27375
27378
27389
27392
27399
27400
27402
27405
27409
27415
27428
27429
27436
27437
27438
27442
27443
27446
27451
27453
27454
27469
27474
27478
27486
27490
27506
27512
27513
27518
27521
27524
27525
27530
27533
27534
27536
27539
27545
27547
27549
27550
27556
27560
27561
27562
27563
27567
27568
27578
27579
27584
27585
27592
27596
27610
27620
27625
27626
27627
27628
27632
27633
27635
27638
27640
27649
27651
27654
27656
27658
27670
27678
27679
27690
27694
27696
27698
27699
27711
27712
27715
27718
27724
27729
27739
27741
27742
27744
27748
27751
27758
27759
27764
27772
27777
27779
27793
27801
27804
27820
27829
27835
27843
27846
27856
27860
27870
27883
27885
27887
27889
27892
27897
27898
27899
27900
27902
27907
27912
27916
27928
27930
27932
27933
27934
27944
27950
27954
27955
27956
27964
27966
27969
27971
27973
27977
27978
27980
27986
27996
28010
28014
28022
28027
28029
28030
28050
28060
28062
28073
28081
28087
28090
28091
28094
28098
28099
28105
28106
28108
28109
28113
28131
28138
28149
28150
28167
28195
28198
28209
28212
28226
28227
28230
28233
28235
28237
28244
28249
28252
28253
28255
28260
28263
28280
28285
28294
28304
28309
28310
28314
28322
28325
28330
28332
28336
28339
28341
28345
28365
28383
28389
28400
28418
28420
28425
28429
28431
28438
28444
28472
28477
28478
28483
28486
28487
28493
28495
28500
28502
28503
28505
28517
28527
28528
28529
28560
28562
28566
28572
28574
28578
28590
28596
28603
28616
28619
28626
28651
28660
28662
28671
28691
28694
28697
28701
28723
28724
28725
28726
28733
28750
28757
28758
28762
28767
28768
28778
28783
28786
28801
28805
28807
28822
28827
28830
28836
28843
28848
28860
28867
28869
28870
28876
28882
28884
28890
28921
28922
28927
28943
28947
28965
28966
28971
28974
28975
28983
28987
28020
28024
28026
28028
28032
28034
28080
28085
28124
28135
28136
28203
28206
28215
28251
28259
28293
28303
28334
28342
28347
28352
28367
28399
28411
28439
28440
28445
28456
28462
28465
28533
28540
28542
28543
28549
28570
28587
28636
28642
28645
28649
28652
28678
28690
28707
28752
28763
28774
28791
28796
28802
28813
28854
28865
28874
28881
28883
28888
28912
28933
28940
28976
28989
28000
28004
28053
28058
28059
28067
28123
28156
28158
28162
28168
28189
28214
28239
28279
28290
28298
28318
28335
28346
28359
28370
28374
28398
28402
28407
28412
28446
28461
28485
28496
28512
28516
28525
28541
28586
28600
28646
28673
28683
28703
28729
28735
28754
28789
28824
28828
28857
28878
28880
28885
28904
28920
28936
28946
28948
28977
28990
28994
29001
29002
29020
29024
29030
29035
29057
29059
29062
29065
29068
29076
29103
29110
29117
29138
29140
29143
29147
29148
29150
29164
29182
29189
29192
29197
29208
29209
29222
29230
29232
29233
29241
29243
29244
29252
29255
29269
29272
29280
29285
29286
29293
29294
29301
29303
29309
29327
29329
29333
29335
29343
29350
29359
29362
29364
29365
29366
29371
29391
29399
29407
29410
29411
29417
29422
29430
29439
29440
29441
29451
29460
29463
29467
29481
29487
29491
29497
29501
29502
29515
29522
29528
29530
29537
29542
29548
29550
29557
29572
29573
29575
29577
29588
29589
29590
29598
29600
29602
29603
29606
29621
29625
29627
29632
29633
29639
29642
29645
29651
29658
29661
29665
29666
29681
29684
29687
29688
29693
29696
29699
29700
29708
29711
29713
29715
29728
29729
29737
29738
29741
29750
29752
29754
29755
29760
29762
29764
29773
29780
29781
29788
29793
29796
29798
29799
29812
29813
29817
29818
29819
29820
29822
29825
29829
29831
29833
29838
29843
29860
29871
29882
29889
29891
29903
29905
29909
29914
29925
29931
29937
29941
29942
29943
29950
29953
29969
29971
29972
29983
29990
29993
29004
29033
29041
29044
29045
29052
29066
29071
29082
29084
29086
29088
29105
29106
29119
29133
29135
29136
29157
29172
29173
29190
29216
29218
29236
29248
29256
29263
29268
29270
29290
29304
29306
29325
29344
29345
29377
29380
29382
29404
29427
29431
29436
29446
29500
29511
29512
29529
29540
29543
29553
29555
29562
29619
29640
29648
29655
29668
29694
29705
29727
29776
29777
29789
29792
29802
29805
29810
29815
29852
29854
29858
29863
29874
29896
29907
29911
29928
29929
29940
29949
29952
29958
29968
29970
29976
29977
29978
30001
30010
30013
30022
30025
30031
30039
30052
30054
30059
30061
30063
30069
30071
30080
30093
30095
30096
30112
30114
30119
30120
30121
30124
30136
30137
30151
30154
30160
30162
30165
30191
30193
30195
30207
30211
30221
30237
30242
30244
30248
30258
30262
30264
30271
30303
30321
30327
30342
30354
30356
30363
30374
30380
30396
30400
30406
30408
30411
30419
30427
30450
30459
30463
30485
30490
30516
30526
30558
30564
30573
30580
30583
30591
30592
30595
30597
30603
30607
30621
30622
30630
30637
30655
30656
30663
30666
30680
30694
30696
30700
30702
30705
30714
30719
30736
30737
30740
30742
30751
30757
30761
30762
30764
30779
30784
30788
30797
30800
30801
30810
30813
30816
30817
30820
30826
30864
30878
30882
30886
30889
30893
30896
30907
30910
30938
30946
30951
30953
30968
30981
30982
30999
30002
30026
30041
30058
30083
30126
30143
30144
30169
30170
30174
30185
30192
30208
30212
30213
30214
30226
30227
30233
30234
30252
30256
30265
30284
30289
30326
30344
30388
30439
30442
30468
30469
30470
30475
30476
30497
30501
30525
30534
30571
30593
30598
30602
30629
30648
30667
30673
30690
30741
30752
30753
30760
30775
30799
30812
30832
30853
30865
30917
30922
30935
30952
30012
30018
30021
30030
30042
30044
30075
30079
30088
30091
30101
30117
30156
30157
30168
30188
30205
30218
30236
30254
30257
30259
30279
30283
30287
30292
30301
30317
30332
30369
30370
30379
30383
30393
30399
30404
30407
30429
30447
30456
30464
30473
30480
30491
30495
30504
30512
30522
30527
30572
30574
30581
30585
30587
30589
30611
30650
30664
30669
30681
30689
30699
30706
30724
30744
30746
30774
30776
30781
30786
30807
30822
30823
30831
30833
30849
30855
30862
30869
30873
30877
30899
30908
30912
30916
30920
30929
30931
30936
30944
30975
30988
30992
31024
31026
31029
31034
31044
31050
31051
31057
31063
31078
31081
31094
31106
31109
31112
31115
31120
31137
31138
31144
31148
31158
31160
31161
31177
31187
31188
31200
31212
31215
31224
31225
31234
31247
31248
31258
31261
31264
31268
31282
31286
31288
31306
31313
31316
31322
31340
31344
31345
31348
31349
31351
31361
31371
31382
31388
31394
31398
31405
31409
31415
31416
31451
31464
31473
31475
31495
31496
31503
31505
31509
31520
31527
31528
31530
31531
31562
31575
31579
31582
31600
31618
31634
31643
31658
31670
31672
31677
31700
31701
31712
31713
31720
31723
31727
31730
31751
31754
31759
31769
31791
31798
31807
31810
31812
31817
31831
31837
31838
31840
31846
31849
31850
31876
31891
31902
31903
31913
31918
31944
31957
31979
31013
31025
31037
31052
31092
31093
31145
31171
31180
31227
31251
31278
31290
31296
31315
31325
31381
31395
31434
31494
31525
31542
31590
31626
31631
31651
31652
31657
31699
31708
31728
31736
31740
31741
31745
31767
31780
31804
31805
31860
31873
31884
31894
31896
31915
31919
31929
31935
31990
31000
31010
31038
31043
31064
31076
31114
31130
31134
31135
31162
31166
31167
31170
31178
31183
31218
31226
31232
31241
31244
31249
31255
31257
31279
31287
31289
31292
31317
31319
31323
31347
31353
31354
31355
31368
31372
31376
31401
31423
31432
31433
31449
31454
31459
31460
31466
31467
31485
31487
31541
31550
31583
31601
31612
31623
31635
31646
31668
31692
31693
31707
31710
31714
31716
31731
31734
31748
31772
31776
31778
31783
31802
31809
31816
31821
31823
31843
31844
31852
31857
31868
31899
31926
31930
31934
31941
31943
31951
31953
31975
31976
31977
31981
31991
31994
31995
32008
32010
32012
32019
32036
32043
32052
32053
32055
32057
32062
32063
32065
32068
32069
32078
32079
32088
32091
32110
32111
32114
32118
32123
32124
32137
32138
32146
32147
32164
32173
32184
32196
32201
32211
32216
32223
32231
32238
32239
32243
32250
32253
32259
32260
32261
32268
32282
32284
32292
32296
32297
32301
32302
32305
32307
32311
32322
32341
32349
32357
32374
32392
32393
32400
32422
32440
32450
32452
32460
32470
32474
32485
32488
32494
32496
32500
32527
32528
32534
32537
32538
32539
32541
32543
32559
32563
32564
32569
32576
32582
32586
32594
32606
32608
32609
32617
32618
32625
32629
32631
32634
32635
32646
32650
32651
32652
32659
32660
32661
32670
32671
32672
32673
32681
32682
32687
32694
32710
32712
32714
32715
32716
32719
32720
32723
32726
32733
32737
32739
32749
32761
32765
32768
32771
32779
32794
32797
32801
32805
32816
32826
32830
32831
32840
32842
32847
32851
32853
32870
32873
32877
32886
32888
32892
32904
32908
32916
32921
32923
32928
32929
32933
32935
32938
32941
32946
32949
32982
32983
32989
32002
32013
32027
32031
32035
32051
32095
32113
32116
32129
32130
32144
32148
32151
32162
32166
32167
32171
32172
32178
32188
32192
32198
32199
32200
32203
32214
32228
32230
32254
32256
32257
32264
32280
32288
32290
32299
32317
32321
32324
32328
32376
32383
32384
32390
32397
32401
32402
32405
32413
32421
32427
32435
32442
32455
32478
32480
32482
32490
32519
32525
32542
32555
32561
32565
32568
32580
32585
32587
32591
32603
32604
32623
32627
32632
32637
32643
32654
32662
32667
32668
32691
32721
32753
32754
32775
32777
32807
32811
32813
32814
32822
32828
32833
32846
32850
32862
32865
32872
32882
32894
32896
32898
32909
32913
32920
32922
32937
32940
32945
32948
32950
32958
32992
32994
32996
33000
33007
33010
33022
33030
33032
33033
33036
33045
33046
33052
33060
33066
33069
33070
33073
33075
33090
33100
33105
33110
33114
33119
33123
33128
33130
33133
33135
33140
33142
33158
33167
33168
33170
33171
33175
33176
33182
33195
33198
33199
33200
33201
33211
33214
33215
33225
33236
33237
33241
33242
33253
33254
33260
33266
33283
33289
33302
33306
33314
33328
33330
33331
33336
33338
33339
33341
33343
33345
33346
33349
33354
33360
33369
33374
33376
33379
33381
33385
33390
33392
33398
33399
33402
33410
33412
33422
33427
33440
33441
33442
33443
33446
33447
33454
33458
33461
33463
33465
33486
33489
33494
33509
33513
33514
33517
33521
33522
33524
33529
33541
33545
33547
33560
33561
33562
33577
33582
33583
33591
33592
33595
33596
33597
33599
33629
33630
33632
33635
33641
33646
33651
33655
33665
33668
33672
33700
33704
33705
33724
33733
33739
33740
33750
33755
33758
33760
33770
33772
33775
33780
33781
33788
33789
33794
33797
33798
33801
33803
33804
33806
33812
33825
33830
33842
33845
33848
33850
33863
33871
33877
33881
33882
33889
33891
33894
33895
33900
33902
33904
33909
33912
33917
33918
33922
33926
33927
33928
33934
33935
33937
33938
33944
33945
33948
33954
33955
33961
33962
33972
33977
33982
33983
33985
33988
33999
33012
33035
33059
33067
33071
33077
33109
33147
33150
33161
33164
33165
33172
33181
33185
33208
33222
33231
33234
33256
33258
33275
33278
33303
33310
33315
33355
33372
33380
33389
33393
33411
33414
33430
33448
33467
33468
33477
33481
33482
33493
33500
33516
33519
33536
33554
33572
33607
33636
33643
33669
33674
33680
33710
33711
33730
33732
33735
33746
33759
33779
33792
33793
33805
33820
33838
33849
33855
33870
33872
33932
33951
33964
33969
33979
33984
33997
34002
34041
34054
34064
34066
34077
34082
34089
34102
34105
34111
34114
34115
34130
34136
34142
34150
34178
34192
34193
34197
34203
34207
34223
34227
34250
34262
34263
34268
34280
34307
34323
34331
34336
34338
34355
34359
34366
34373
34407
34413
34432
34451
34458
34470
34471
34475
34483
34487
34488
34489
34530
34536
34548
34560
34562
34563
34575
34601
34613
34621
34624
34639
34650
34668
34696
34699
34707
34718
34726
34727
34729
34820
34828
34845
34848
34852
34866
34908
34909
34936
34950
34968
34984
34007
34014
34018
34023
34026
34062
34065
34067
34093
34120
34152
34241
34249
34258
34261
34266
34296
34297
34348
34386
34392
34406
34414
34440
34481
34484
34495
34500
34514
34517
34518
34538
34542
34553
34584
34586
34588
34592
34605
34633
34665
34674
34686
34690
34692
34719
34720
34736
34748
34758
34781
34783
34805
34813
34844
34847
34854
34900
34905
34911
34923
34938
34963
34969
34975
34012
34013
34020
34034
34038
34039
34052
34053
34061
34075
34096
34103
34107
34118
34119
34144
34147
34148
34164
34166
34169
34177
34184
34186
34187
34188
34190
34199
34209
34220
34228
34236
34237
34247
34267
34272
34292
34293
34304
34324
34329
34349
34358
34369
34379
34395
34402
34408
34418
34441
34446
34460
34462
34466
34473
34476
34480
34492
34522
34528
34529
34534
34535
34543
34544
34547
34558
34565
34567
34587
34591
34600
34607
34611
34615
34618
34628
34637
34649
34652
34655
34656
34657
34658
34670
34675
34677
34691
34697
34698
34705
34708
34711
34728
34730
34739
34742
34752
34765
34767
34776
34801
34814
34818
34823
34829
34830
34836
34863
34878
34882
34886
34890
34892
34907
34939
34940
34951
34952
34961
34965
34977
34988
34989
34990
