# 219 12 727
1
6
8
17
19
22
24
38
44
48
50
51
52
54
57
64
75
78
79
85
87
89
90
97
99
106
111
118
124
125
126
128
139
140
141
146
162
164
172
178
185
186
187
192
200
201
207
208
209
217
222
223
224
228
229
241
254
257
261
262
264
270
276
278
288
295
297
298
305
318
320
322
323
327
328
330
334
338
342
346
348
349
351
355
357
371
376
383
392
394
395
396
405
406
410
412
416
423
424
426
437
450
452
456
459
462
463
464
466
470
471
474
479
480
482
493
494
497
499
500
504
513
519
521
522
533
536
543
548
558
561
563
586
590
591
605
609
613
618
623
628
630
633
636
637
643
651
652
655
662
663
664
670
680
685
689
697
705
715
720
726
727
728
731
735
742
743
769
777
778
779
783
785
789
791
793
794
798
802
804
811
814
819
821
824
838
843
850
867
873
883
885
886
892
894
897
900
901
903
904
909
911
916
922
924
936
937
946
948
949
951
955
960
971
977
985
991
994
995
