# 194 13 592
16
20
29
31
40
42
45
53
58
71
76
77
93
94
98
103
104
108
113
116
120
123
130
154
158
161
163
166
168
181
189
196
202
205
206
210
215
216
219
226
227
234
235
238
240
242
243
248
252
258
268
274
280
281
289
290
293
299
302
312
329
339
350
352
379
380
389
401
402
418
420
425
427
428
430
433
436
438
440
447
448
449
455
467
468
469
473
476
478
489
491
511
516
517
520
526
527
530
532
535
538
540
545
547
552
554
557
566
585
592
595
596
598
601
616
624
627
629
631
640
641
657
673
675
676
682
695
696
700
701
712
714
716
725
732
737
741
747
750
754
764
767
768
770
771
773
784
800
801
803
809
815
823
829
832
835
840
842
844
847
849
860
863
868
870
872
875
878
880
896
902
907
917
921
927
929
932
933
934
942
954
956
961
962
970
973
978
980
981
982
992
993
998
999
