# 296 12 167
1
3
4
6
8
13
17
19
22
24
32
33
38
44
48
50
51
52
54
55
57
60
63
64
68
69
75
78
79
85
86
87
89
90
95
97
99
106
111
115
118
124
125
126
128
129
139
140
141
142
146
151
152
162
164
167
169
170
172
178
183
184
185
186
187
192
193
200
201
207
208
209
217
222
223
224
228
229
230
241
244
251
254
256
257
261
262
264
265
270
272
276
278
282
284
288
295
297
298
304
305
318
320
322
323
327
328
330
332
334
337
338
342
344
346
348
349
351
355
357
368
371
374
376
383
386
392
394
395
396
404
405
406
407
410
412
416
423
424
426
437
444
450
452
456
459
462
463
464
465
466
470
471
474
479
480
482
487
488
493
494
495
497
499
500
504
508
513
519
521
522
533
536
543
548
550
558
561
563
565
570
578
586
590
591
603
604
605
609
613
615
618
623
628
630
633
636
637
643
644
647
651
652
653
655
662
663
664
666
668
670
680
684
685
689
697
705
708
715
720
726
727
728
731
733
735
742
743
753
761
769
772
777
778
779
780
781
783
785
789
791
792
793
794
795
798
802
804
811
814
819
821
824
834
838
843
850
858
867
869
873
883
884
885
886
892
894
897
899
900
901
903
904
909
911
912
916
920
922
924
936
937
946
948
949
951
955
960
964
971
977
985
991
994
995
996
