# 240 13 592
16
20
29
31
36
40
42
45
46
53
58
66
71
73
76
77
93
94
98
103
104
108
113
116
120
123
130
134
135
149
154
158
161
163
166
168
181
189
191
196
202
205
206
210
214
215
216
219
221
226
227
234
235
237
238
240
242
243
248
252
258
268
269
274
280
281
289
290
293
296
299
302
312
314
326
329
339
350
352
361
369
379
380
389
393
398
399
401
402
418
420
425
427
428
430
432
433
436
438
440
447
448
449
455
467
468
469
473
476
478
483
489
491
511
516
517
520
524
526
527
530
532
535
538
540
545
547
552
554
557
566
585
589
592
595
596
598
601
614
616
624
627
629
631
640
641
649
657
673
675
676
682
688
692
695
696
700
701
702
712
714
716
725
730
732
734
737
738
741
747
750
754
764
767
768
770
771
773
784
796
799
800
801
803
807
809
810
815
817
823
825
829
832
835
840
842
844
847
849
860
863
865
868
870
872
875
878
880
891
896
902
907
913
915
917
921
927
929
930
932
933
934
941
942
954
956
957
961
962
966
970
973
978
980
981
982
992
993
998
999
