# 183 11 367
0
2
7
14
18
21
23
27
30
35
37
39
41
43
47
56
80
82
83
84
88
91
96
102
114
117
122
127
145
148
150
153
156
171
173
175
176
182
190
194
195
197
199
204
212
213
220
232
233
239
249
253
259
273
279
285
286
292
301
309
311
319
324
333
335
343
347
362
366
367
381
384
388
391
413
414
417
419
422
431
435
442
443
451
457
458
472
475
484
485
492
496
498
502
505
509
518
528
529
534
537
549
555
556
564
568
571
574
575
577
583
594
597
600
606
610
617
622
625
632
635
642
645
654
660
661
669
671
677
678
683
713
719
729
744
749
755
756
759
762
775
776
805
812
816
818
822
826
830
837
839
841
848
851
852
853
861
862
864
877
881
882
887
890
895
906
914
918
925
931
935
938
947
950
952
969
974
975
976
987
988
989
990
