# 145 14 866
5
9
15
25
28
34
49
59
62
70
74
81
100
121
133
136
143
144
155
157
159
165
179
203
211
225
236
250
255
263
266
267
271
275
277
287
291
303
306
307
316
317
321
325
336
340
341
358
360
370
372
377
382
387
390
408
411
415
434
454
486
490
501
514
515
531
539
541
542
546
560
569
573
580
581
584
588
599
602
608
611
619
621
626
634
638
650
656
667
672
679
681
686
687
690
691
694
699
703
704
709
711
717
722
724
736
740
746
751
752
758
766
774
787
806
813
828
833
845
846
854
855
866
871
874
876
879
889
898
905
910
919
923
926
928
943
944
945
953
958
959
965
983
984
986
