# 131 12 727
6
17
19
22
24
38
48
51
52
64
75
78
85
87
89
90
99
111
118
125
126
128
140
141
146
187
192
200
201
217
223
224
228
229
254
262
264
270
276
278
288
295
297
305
318
322
323
327
328
330
334
338
342
348
349
351
371
376
410
416
423
424
437
452
456
463
466
479
480
499
500
513
519
522
536
543
548
561
563
586
591
605
609
613
618
623
628
633
636
637
643
651
652
663
680
685
689
715
727
728
735
743
769
778
785
791
794
798
804
821
824
867
873
883
885
886
892
900
901
903
904
911
916
922
924
937
955
971
985
991
994
