# 717 _-1-1-1-1
9.000000000000000000e+00
1.000000000000000000e+01
1.200000000000000000e+01
1.300000000000000000e+01
1.400000000000000000e+01
1.500000000000000000e+01
2.200000000000000000e+01
2.500000000000000000e+01
2.900000000000000000e+01
4.400000000000000000e+01
5.900000000000000000e+01
6.800000000000000000e+01
7.200000000000000000e+01
7.600000000000000000e+01
7.900000000000000000e+01
8.400000000000000000e+01
8.500000000000000000e+01
8.900000000000000000e+01
9.800000000000000000e+01
1.220000000000000000e+02
1.260000000000000000e+02
1.280000000000000000e+02
1.730000000000000000e+02
1.740000000000000000e+02
1.750000000000000000e+02
1.810000000000000000e+02
1.960000000000000000e+02
1.980000000000000000e+02
2.110000000000000000e+02
2.120000000000000000e+02
2.150000000000000000e+02
2.170000000000000000e+02
2.220000000000000000e+02
2.230000000000000000e+02
2.290000000000000000e+02
2.380000000000000000e+02
2.580000000000000000e+02
2.590000000000000000e+02
2.670000000000000000e+02
2.730000000000000000e+02
2.850000000000000000e+02
3.000000000000000000e+02
3.070000000000000000e+02
3.120000000000000000e+02
3.220000000000000000e+02
3.280000000000000000e+02
3.350000000000000000e+02
3.450000000000000000e+02
3.570000000000000000e+02
3.580000000000000000e+02
3.620000000000000000e+02
3.690000000000000000e+02
3.740000000000000000e+02
3.750000000000000000e+02
3.780000000000000000e+02
3.830000000000000000e+02
3.940000000000000000e+02
4.070000000000000000e+02
4.110000000000000000e+02
4.160000000000000000e+02
4.580000000000000000e+02
4.660000000000000000e+02
4.730000000000000000e+02
4.790000000000000000e+02
4.910000000000000000e+02
4.960000000000000000e+02
5.000000000000000000e+02
5.070000000000000000e+02
5.090000000000000000e+02
5.110000000000000000e+02
5.210000000000000000e+02
5.220000000000000000e+02
5.250000000000000000e+02
5.260000000000000000e+02
5.320000000000000000e+02
5.330000000000000000e+02
5.470000000000000000e+02
5.490000000000000000e+02
5.550000000000000000e+02
5.620000000000000000e+02
5.670000000000000000e+02
5.710000000000000000e+02
5.760000000000000000e+02
5.810000000000000000e+02
5.880000000000000000e+02
5.940000000000000000e+02
6.020000000000000000e+02
6.040000000000000000e+02
6.060000000000000000e+02
6.100000000000000000e+02
6.130000000000000000e+02
6.180000000000000000e+02
6.230000000000000000e+02
6.310000000000000000e+02
6.380000000000000000e+02
6.460000000000000000e+02
6.550000000000000000e+02
6.560000000000000000e+02
6.600000000000000000e+02
6.620000000000000000e+02
6.640000000000000000e+02
6.660000000000000000e+02
6.720000000000000000e+02
6.820000000000000000e+02
6.950000000000000000e+02
6.960000000000000000e+02
7.020000000000000000e+02
7.070000000000000000e+02
7.120000000000000000e+02
7.160000000000000000e+02
7.170000000000000000e+02
7.370000000000000000e+02
7.620000000000000000e+02
7.740000000000000000e+02
7.790000000000000000e+02
7.810000000000000000e+02
8.050000000000000000e+02
8.160000000000000000e+02
8.190000000000000000e+02
8.260000000000000000e+02
8.290000000000000000e+02
8.470000000000000000e+02
8.640000000000000000e+02
8.740000000000000000e+02
8.770000000000000000e+02
8.830000000000000000e+02
8.850000000000000000e+02
8.940000000000000000e+02
9.010000000000000000e+02
9.070000000000000000e+02
9.190000000000000000e+02
9.210000000000000000e+02
9.260000000000000000e+02
9.270000000000000000e+02
9.310000000000000000e+02
9.330000000000000000e+02
9.370000000000000000e+02
9.390000000000000000e+02
9.420000000000000000e+02
9.560000000000000000e+02
9.640000000000000000e+02
9.760000000000000000e+02
9.830000000000000000e+02
9.870000000000000000e+02
9.960000000000000000e+02
9.990000000000000000e+02
