# 107 _-1-1
0.000000000000000000e+00
3.000000000000000000e+00
6.000000000000000000e+00
7.000000000000000000e+00
9.000000000000000000e+00
1.000000000000000000e+01
1.100000000000000000e+01
1.200000000000000000e+01
1.300000000000000000e+01
1.400000000000000000e+01
1.500000000000000000e+01
1.700000000000000000e+01
1.800000000000000000e+01
2.200000000000000000e+01
2.500000000000000000e+01
2.700000000000000000e+01
2.800000000000000000e+01
2.900000000000000000e+01
3.500000000000000000e+01
3.700000000000000000e+01
3.800000000000000000e+01
3.900000000000000000e+01
4.200000000000000000e+01
4.300000000000000000e+01
4.400000000000000000e+01
4.600000000000000000e+01
4.700000000000000000e+01
5.000000000000000000e+01
5.200000000000000000e+01
5.900000000000000000e+01
6.200000000000000000e+01
6.300000000000000000e+01
6.600000000000000000e+01
6.800000000000000000e+01
6.900000000000000000e+01
7.200000000000000000e+01
7.300000000000000000e+01
7.600000000000000000e+01
7.700000000000000000e+01
7.800000000000000000e+01
7.900000000000000000e+01
8.100000000000000000e+01
8.200000000000000000e+01
8.300000000000000000e+01
8.400000000000000000e+01
8.500000000000000000e+01
8.600000000000000000e+01
8.800000000000000000e+01
8.900000000000000000e+01
9.800000000000000000e+01
9.900000000000000000e+01
1.000000000000000000e+02
1.030000000000000000e+02
1.040000000000000000e+02
1.070000000000000000e+02
1.080000000000000000e+02
1.090000000000000000e+02
1.130000000000000000e+02
1.160000000000000000e+02
1.210000000000000000e+02
1.220000000000000000e+02
1.230000000000000000e+02
1.240000000000000000e+02
1.250000000000000000e+02
1.260000000000000000e+02
1.280000000000000000e+02
1.290000000000000000e+02
1.310000000000000000e+02
1.320000000000000000e+02
1.330000000000000000e+02
1.350000000000000000e+02
1.360000000000000000e+02
1.380000000000000000e+02
1.390000000000000000e+02
1.420000000000000000e+02
1.460000000000000000e+02
1.490000000000000000e+02
1.520000000000000000e+02
1.560000000000000000e+02
1.570000000000000000e+02
1.580000000000000000e+02
1.590000000000000000e+02
1.660000000000000000e+02
1.670000000000000000e+02
1.730000000000000000e+02
1.740000000000000000e+02
1.750000000000000000e+02
1.810000000000000000e+02
1.840000000000000000e+02
1.880000000000000000e+02
1.890000000000000000e+02
1.910000000000000000e+02
1.940000000000000000e+02
1.960000000000000000e+02
1.970000000000000000e+02
1.980000000000000000e+02
2.000000000000000000e+02
2.010000000000000000e+02
2.020000000000000000e+02
2.080000000000000000e+02
2.090000000000000000e+02
2.110000000000000000e+02
2.120000000000000000e+02
2.130000000000000000e+02
2.150000000000000000e+02
2.160000000000000000e+02
2.170000000000000000e+02
2.220000000000000000e+02
2.230000000000000000e+02
2.260000000000000000e+02
2.270000000000000000e+02
2.290000000000000000e+02
2.320000000000000000e+02
2.330000000000000000e+02
2.340000000000000000e+02
2.360000000000000000e+02
2.380000000000000000e+02
2.400000000000000000e+02
2.410000000000000000e+02
2.430000000000000000e+02
2.530000000000000000e+02
2.550000000000000000e+02
2.560000000000000000e+02
2.570000000000000000e+02
2.580000000000000000e+02
2.590000000000000000e+02
2.620000000000000000e+02
2.670000000000000000e+02
2.700000000000000000e+02
2.710000000000000000e+02
2.730000000000000000e+02
2.740000000000000000e+02
2.760000000000000000e+02
2.780000000000000000e+02
2.810000000000000000e+02
2.820000000000000000e+02
2.830000000000000000e+02
2.840000000000000000e+02
2.850000000000000000e+02
2.890000000000000000e+02
2.900000000000000000e+02
2.970000000000000000e+02
2.990000000000000000e+02
3.000000000000000000e+02
3.020000000000000000e+02
3.070000000000000000e+02
3.110000000000000000e+02
3.120000000000000000e+02
3.130000000000000000e+02
3.150000000000000000e+02
3.160000000000000000e+02
3.180000000000000000e+02
3.190000000000000000e+02
3.200000000000000000e+02
3.210000000000000000e+02
3.220000000000000000e+02
3.250000000000000000e+02
3.280000000000000000e+02
3.290000000000000000e+02
3.300000000000000000e+02
3.310000000000000000e+02
3.340000000000000000e+02
3.350000000000000000e+02
3.370000000000000000e+02
3.420000000000000000e+02
3.450000000000000000e+02
3.490000000000000000e+02
3.500000000000000000e+02
3.520000000000000000e+02
3.550000000000000000e+02
3.560000000000000000e+02
3.570000000000000000e+02
3.580000000000000000e+02
3.600000000000000000e+02
3.620000000000000000e+02
3.630000000000000000e+02
3.670000000000000000e+02
3.690000000000000000e+02
3.700000000000000000e+02
3.740000000000000000e+02
3.750000000000000000e+02
3.780000000000000000e+02
3.800000000000000000e+02
3.810000000000000000e+02
3.830000000000000000e+02
3.840000000000000000e+02
3.880000000000000000e+02
3.940000000000000000e+02
3.960000000000000000e+02
4.000000000000000000e+02
4.040000000000000000e+02
4.050000000000000000e+02
4.070000000000000000e+02
4.080000000000000000e+02
4.110000000000000000e+02
4.160000000000000000e+02
4.170000000000000000e+02
4.180000000000000000e+02
4.200000000000000000e+02
4.220000000000000000e+02
4.230000000000000000e+02
4.330000000000000000e+02
4.340000000000000000e+02
4.420000000000000000e+02
4.430000000000000000e+02
4.450000000000000000e+02
4.460000000000000000e+02
4.470000000000000000e+02
4.480000000000000000e+02
4.530000000000000000e+02
4.540000000000000000e+02
4.580000000000000000e+02
4.590000000000000000e+02
4.600000000000000000e+02
4.610000000000000000e+02
4.620000000000000000e+02
4.660000000000000000e+02
4.680000000000000000e+02
4.700000000000000000e+02
4.720000000000000000e+02
4.730000000000000000e+02
4.740000000000000000e+02
4.750000000000000000e+02
4.760000000000000000e+02
4.770000000000000000e+02
4.790000000000000000e+02
4.810000000000000000e+02
4.850000000000000000e+02
4.870000000000000000e+02
4.900000000000000000e+02
4.910000000000000000e+02
4.940000000000000000e+02
4.960000000000000000e+02
4.970000000000000000e+02
4.980000000000000000e+02
4.990000000000000000e+02
5.000000000000000000e+02
5.010000000000000000e+02
5.020000000000000000e+02
5.050000000000000000e+02
5.070000000000000000e+02
5.090000000000000000e+02
5.110000000000000000e+02
5.130000000000000000e+02
5.140000000000000000e+02
5.190000000000000000e+02
5.200000000000000000e+02
5.210000000000000000e+02
5.220000000000000000e+02
5.230000000000000000e+02
5.250000000000000000e+02
5.260000000000000000e+02
5.270000000000000000e+02
5.320000000000000000e+02
5.330000000000000000e+02
5.340000000000000000e+02
5.350000000000000000e+02
5.380000000000000000e+02
5.390000000000000000e+02
5.420000000000000000e+02
5.440000000000000000e+02
5.460000000000000000e+02
5.470000000000000000e+02
5.490000000000000000e+02
5.540000000000000000e+02
5.550000000000000000e+02
5.570000000000000000e+02
5.580000000000000000e+02
5.600000000000000000e+02
5.620000000000000000e+02
5.650000000000000000e+02
5.670000000000000000e+02
5.680000000000000000e+02
5.710000000000000000e+02
5.740000000000000000e+02
5.750000000000000000e+02
5.760000000000000000e+02
5.770000000000000000e+02
5.800000000000000000e+02
5.810000000000000000e+02
5.820000000000000000e+02
5.840000000000000000e+02
5.850000000000000000e+02
5.880000000000000000e+02
5.910000000000000000e+02
5.920000000000000000e+02
5.930000000000000000e+02
5.940000000000000000e+02
5.960000000000000000e+02
5.970000000000000000e+02
6.010000000000000000e+02
6.020000000000000000e+02
6.040000000000000000e+02
6.060000000000000000e+02
6.090000000000000000e+02
6.100000000000000000e+02
6.110000000000000000e+02
6.130000000000000000e+02
6.150000000000000000e+02
6.180000000000000000e+02
6.200000000000000000e+02
6.230000000000000000e+02
6.240000000000000000e+02
6.250000000000000000e+02
6.270000000000000000e+02
6.280000000000000000e+02
6.300000000000000000e+02
6.310000000000000000e+02
6.320000000000000000e+02
6.330000000000000000e+02
6.340000000000000000e+02
6.350000000000000000e+02
6.380000000000000000e+02
6.390000000000000000e+02
6.410000000000000000e+02
6.460000000000000000e+02
6.470000000000000000e+02
6.480000000000000000e+02
6.490000000000000000e+02
6.520000000000000000e+02
6.550000000000000000e+02
6.560000000000000000e+02
6.600000000000000000e+02
6.620000000000000000e+02
6.640000000000000000e+02
6.650000000000000000e+02
6.660000000000000000e+02
6.700000000000000000e+02
6.720000000000000000e+02
6.730000000000000000e+02
6.800000000000000000e+02
6.820000000000000000e+02
6.880000000000000000e+02
6.900000000000000000e+02
6.920000000000000000e+02
6.950000000000000000e+02
6.960000000000000000e+02
6.970000000000000000e+02
6.980000000000000000e+02
7.000000000000000000e+02
7.020000000000000000e+02
7.040000000000000000e+02
7.060000000000000000e+02
7.070000000000000000e+02
7.090000000000000000e+02
7.120000000000000000e+02
7.140000000000000000e+02
7.150000000000000000e+02
7.160000000000000000e+02
7.170000000000000000e+02
7.200000000000000000e+02
7.250000000000000000e+02
7.290000000000000000e+02
7.330000000000000000e+02
7.370000000000000000e+02
7.400000000000000000e+02
7.410000000000000000e+02
7.420000000000000000e+02
7.430000000000000000e+02
7.450000000000000000e+02
7.470000000000000000e+02
7.490000000000000000e+02
7.560000000000000000e+02
7.590000000000000000e+02
7.620000000000000000e+02
7.660000000000000000e+02
7.670000000000000000e+02
7.680000000000000000e+02
7.710000000000000000e+02
7.740000000000000000e+02
7.770000000000000000e+02
7.790000000000000000e+02
7.810000000000000000e+02
7.860000000000000000e+02
7.870000000000000000e+02
7.890000000000000000e+02
7.910000000000000000e+02
7.920000000000000000e+02
7.930000000000000000e+02
7.950000000000000000e+02
7.960000000000000000e+02
7.990000000000000000e+02
8.010000000000000000e+02
8.050000000000000000e+02
8.060000000000000000e+02
8.070000000000000000e+02
8.100000000000000000e+02
8.150000000000000000e+02
8.160000000000000000e+02
8.170000000000000000e+02
8.190000000000000000e+02
8.200000000000000000e+02
8.220000000000000000e+02
8.260000000000000000e+02
8.280000000000000000e+02
8.290000000000000000e+02
8.340000000000000000e+02
8.350000000000000000e+02
8.360000000000000000e+02
8.370000000000000000e+02
8.420000000000000000e+02
8.430000000000000000e+02
8.440000000000000000e+02
8.450000000000000000e+02
8.460000000000000000e+02
8.470000000000000000e+02
8.490000000000000000e+02
8.500000000000000000e+02
8.510000000000000000e+02
8.520000000000000000e+02
8.530000000000000000e+02
8.540000000000000000e+02
8.570000000000000000e+02
8.600000000000000000e+02
8.610000000000000000e+02
8.620000000000000000e+02
8.640000000000000000e+02
8.650000000000000000e+02
8.670000000000000000e+02
8.700000000000000000e+02
8.710000000000000000e+02
8.740000000000000000e+02
8.770000000000000000e+02
8.780000000000000000e+02
8.810000000000000000e+02
8.830000000000000000e+02
8.840000000000000000e+02
8.850000000000000000e+02
8.860000000000000000e+02
8.870000000000000000e+02
8.880000000000000000e+02
8.890000000000000000e+02
8.920000000000000000e+02
8.940000000000000000e+02
8.950000000000000000e+02
8.960000000000000000e+02
8.970000000000000000e+02
8.980000000000000000e+02
9.000000000000000000e+02
9.010000000000000000e+02
9.050000000000000000e+02
9.070000000000000000e+02
9.090000000000000000e+02
9.130000000000000000e+02
9.170000000000000000e+02
9.190000000000000000e+02
9.210000000000000000e+02
9.220000000000000000e+02
9.230000000000000000e+02
9.250000000000000000e+02
9.260000000000000000e+02
9.270000000000000000e+02
9.310000000000000000e+02
9.320000000000000000e+02
9.330000000000000000e+02
9.340000000000000000e+02
9.370000000000000000e+02
9.380000000000000000e+02
9.390000000000000000e+02
9.400000000000000000e+02
9.410000000000000000e+02
9.420000000000000000e+02
9.450000000000000000e+02
9.460000000000000000e+02
9.510000000000000000e+02
9.530000000000000000e+02
9.550000000000000000e+02
9.560000000000000000e+02
9.610000000000000000e+02
9.620000000000000000e+02
9.640000000000000000e+02
9.660000000000000000e+02
9.670000000000000000e+02
9.690000000000000000e+02
9.700000000000000000e+02
9.710000000000000000e+02
9.730000000000000000e+02
9.740000000000000000e+02
9.750000000000000000e+02
9.760000000000000000e+02
9.780000000000000000e+02
9.790000000000000000e+02
9.800000000000000000e+02
9.830000000000000000e+02
9.850000000000000000e+02
9.870000000000000000e+02
9.880000000000000000e+02
9.890000000000000000e+02
9.900000000000000000e+02
9.940000000000000000e+02
9.960000000000000000e+02
9.990000000000000000e+02
