# 67 _-10
1.000000000000000000e+00
1.600000000000000000e+01
3.600000000000000000e+01
4.100000000000000000e+01
4.500000000000000000e+01
4.900000000000000000e+01
5.100000000000000000e+01
5.400000000000000000e+01
5.700000000000000000e+01
5.800000000000000000e+01
6.000000000000000000e+01
6.100000000000000000e+01
6.400000000000000000e+01
6.700000000000000000e+01
7.000000000000000000e+01
7.100000000000000000e+01
8.700000000000000000e+01
9.400000000000000000e+01
9.600000000000000000e+01
1.120000000000000000e+02
1.180000000000000000e+02
1.190000000000000000e+02
1.200000000000000000e+02
1.340000000000000000e+02
1.370000000000000000e+02
1.410000000000000000e+02
1.470000000000000000e+02
1.550000000000000000e+02
1.600000000000000000e+02
1.630000000000000000e+02
1.640000000000000000e+02
1.680000000000000000e+02
1.690000000000000000e+02
1.720000000000000000e+02
1.760000000000000000e+02
1.770000000000000000e+02
1.790000000000000000e+02
2.040000000000000000e+02
2.180000000000000000e+02
2.190000000000000000e+02
2.240000000000000000e+02
2.250000000000000000e+02
2.460000000000000000e+02
2.540000000000000000e+02
2.600000000000000000e+02
2.660000000000000000e+02
2.720000000000000000e+02
2.750000000000000000e+02
2.980000000000000000e+02
3.040000000000000000e+02
3.050000000000000000e+02
3.080000000000000000e+02
3.090000000000000000e+02
3.170000000000000000e+02
3.260000000000000000e+02
3.330000000000000000e+02
3.360000000000000000e+02
3.440000000000000000e+02
3.460000000000000000e+02
3.470000000000000000e+02
3.530000000000000000e+02
3.540000000000000000e+02
3.590000000000000000e+02
3.790000000000000000e+02
3.850000000000000000e+02
3.900000000000000000e+02
3.920000000000000000e+02
3.950000000000000000e+02
3.970000000000000000e+02
4.010000000000000000e+02
4.060000000000000000e+02
4.100000000000000000e+02
4.120000000000000000e+02
4.140000000000000000e+02
4.210000000000000000e+02
4.250000000000000000e+02
4.290000000000000000e+02
4.310000000000000000e+02
4.360000000000000000e+02
4.400000000000000000e+02
4.440000000000000000e+02
4.510000000000000000e+02
5.240000000000000000e+02
5.300000000000000000e+02
5.430000000000000000e+02
5.520000000000000000e+02
5.530000000000000000e+02
5.560000000000000000e+02
5.720000000000000000e+02
5.730000000000000000e+02
5.780000000000000000e+02
5.790000000000000000e+02
5.950000000000000000e+02
5.990000000000000000e+02
6.050000000000000000e+02
6.080000000000000000e+02
6.120000000000000000e+02
6.140000000000000000e+02
6.160000000000000000e+02
6.190000000000000000e+02
6.360000000000000000e+02
6.420000000000000000e+02
6.430000000000000000e+02
6.440000000000000000e+02
6.610000000000000000e+02
6.630000000000000000e+02
6.680000000000000000e+02
6.690000000000000000e+02
6.740000000000000000e+02
6.750000000000000000e+02
6.760000000000000000e+02
6.850000000000000000e+02
6.890000000000000000e+02
6.910000000000000000e+02
7.110000000000000000e+02
7.130000000000000000e+02
7.270000000000000000e+02
7.340000000000000000e+02
7.380000000000000000e+02
7.550000000000000000e+02
7.570000000000000000e+02
7.600000000000000000e+02
7.820000000000000000e+02
7.850000000000000000e+02
7.980000000000000000e+02
8.030000000000000000e+02
8.110000000000000000e+02
8.120000000000000000e+02
8.130000000000000000e+02
8.140000000000000000e+02
8.270000000000000000e+02
8.380000000000000000e+02
8.660000000000000000e+02
8.680000000000000000e+02
8.750000000000000000e+02
8.790000000000000000e+02
8.900000000000000000e+02
8.910000000000000000e+02
8.930000000000000000e+02
9.020000000000000000e+02
9.060000000000000000e+02
9.080000000000000000e+02
9.150000000000000000e+02
9.160000000000000000e+02
9.180000000000000000e+02
9.350000000000000000e+02
9.360000000000000000e+02
9.430000000000000000e+02
9.480000000000000000e+02
9.500000000000000000e+02
9.520000000000000000e+02
9.600000000000000000e+02
9.630000000000000000e+02
9.680000000000000000e+02
9.820000000000000000e+02
9.840000000000000000e+02
9.950000000000000000e+02
9.980000000000000000e+02
