# 19 _-1-1-1-10
1.900000000000000000e+01
2.200000000000000000e+01
2.300000000000000000e+01
5.200000000000000000e+01
5.500000000000000000e+01
5.800000000000000000e+01
6.300000000000000000e+01
7.500000000000000000e+01
7.600000000000000000e+01
9.800000000000000000e+01
1.070000000000000000e+02
1.160000000000000000e+02
1.170000000000000000e+02
1.310000000000000000e+02
1.380000000000000000e+02
1.500000000000000000e+02
1.710000000000000000e+02
1.840000000000000000e+02
1.970000000000000000e+02
2.090000000000000000e+02
2.200000000000000000e+02
2.240000000000000000e+02
2.250000000000000000e+02
2.470000000000000000e+02
2.480000000000000000e+02
2.490000000000000000e+02
2.580000000000000000e+02
2.630000000000000000e+02
2.690000000000000000e+02
2.730000000000000000e+02
2.990000000000000000e+02
3.180000000000000000e+02
3.240000000000000000e+02
3.550000000000000000e+02
3.580000000000000000e+02
3.760000000000000000e+02
4.020000000000000000e+02
4.070000000000000000e+02
4.170000000000000000e+02
4.260000000000000000e+02
4.320000000000000000e+02
4.350000000000000000e+02
4.400000000000000000e+02
4.410000000000000000e+02
4.480000000000000000e+02
4.560000000000000000e+02
4.610000000000000000e+02
4.630000000000000000e+02
4.750000000000000000e+02
4.900000000000000000e+02
4.950000000000000000e+02
5.080000000000000000e+02
5.100000000000000000e+02
5.200000000000000000e+02
5.250000000000000000e+02
5.390000000000000000e+02
5.470000000000000000e+02
5.490000000000000000e+02
5.600000000000000000e+02
5.710000000000000000e+02
5.720000000000000000e+02
5.810000000000000000e+02
5.860000000000000000e+02
5.890000000000000000e+02
5.990000000000000000e+02
6.410000000000000000e+02
6.450000000000000000e+02
6.640000000000000000e+02
6.660000000000000000e+02
6.740000000000000000e+02
6.860000000000000000e+02
6.900000000000000000e+02
7.070000000000000000e+02
7.190000000000000000e+02
7.210000000000000000e+02
7.260000000000000000e+02
7.610000000000000000e+02
7.820000000000000000e+02
7.840000000000000000e+02
7.940000000000000000e+02
7.950000000000000000e+02
8.010000000000000000e+02
8.030000000000000000e+02
8.050000000000000000e+02
8.230000000000000000e+02
8.300000000000000000e+02
8.430000000000000000e+02
8.440000000000000000e+02
8.450000000000000000e+02
8.550000000000000000e+02
8.610000000000000000e+02
8.750000000000000000e+02
8.900000000000000000e+02
9.330000000000000000e+02
9.360000000000000000e+02
9.380000000000000000e+02
9.430000000000000000e+02
9.500000000000000000e+02
9.610000000000000000e+02
9.690000000000000000e+02
9.790000000000000000e+02
9.820000000000000000e+02
9.850000000000000000e+02
9.890000000000000000e+02
