# 159 12 569
2
4
11
17
18
19
31
36
47
55
60
62
79
81
86
87
92
96
99
101
104
108
116
124
129
135
136
141
146
152
156
157
160
179
180
188
192
193
195
212
217
219
221
224
235
237
245
246
253
261
267
268
276
280
286
287
291
292
295
305
306
310
330
331
344
347
353
357
359
365
377
380
383
386
396
397
399
401
403
406
409
410
423
424
427
434
441
465
480
496
509
518
520
524
533
536
542
547
556
561
565
569
577
594
598
600
602
615
618
645
647
663
672
674
677
683
690
693
695
699
712
718
729
739
750
755
756
762
767
769
770
782
786
794
797
798
804
809
828
848
852
879
884
897
901
907
924
929
939
940
952
958
960
967
970
977
979
986
992
