# 147 13 689
6
9
23
24
32
41
43
45
57
65
66
72
74
82
97
107
109
117
145
159
162
163
170
176
181
182
199
200
209
210
214
230
231
232
240
254
257
263
264
270
272
275
303
308
317
318
321
324
325
332
335
338
345
360
361
371
373
375
388
390
426
429
431
443
446
447
451
458
459
466
469
470
472
476
482
485
490
492
493
495
505
506
507
523
543
545
552
570
591
601
614
622
636
637
639
643
651
657
662
665
669
684
689
691
692
724
725
736
740
753
759
760
763
773
781
789
805
806
818
829
841
845
846
861
863
866
868
875
886
888
893
899
902
908
922
926
927
933
936
948
951
957
978
985
989
991
999
