# 274 12 569
2
4
11
17
18
19
30
31
34
35
36
47
50
54
55
58
59
60
62
71
79
81
86
87
92
96
98
99
101
103
104
105
108
112
114
116
124
125
129
131
133
135
136
140
141
142
146
151
152
156
157
160
165
166
167
171
178
179
180
187
188
192
193
195
197
198
203
211
212
215
217
218
219
221
224
225
227
235
237
245
246
253
261
267
268
273
276
279
280
285
286
287
291
292
293
294
295
298
301
305
306
309
310
312
316
330
331
336
337
339
343
344
346
347
352
353
357
359
363
365
377
380
383
386
391
396
397
399
401
403
406
409
410
423
424
427
433
434
441
442
445
448
455
464
465
475
480
489
496
499
504
509
513
518
520
524
527
528
529
533
535
536
542
547
548
556
559
560
561
565
569
577
594
598
599
600
602
610
613
615
617
618
621
626
630
633
645
647
650
663
664
672
674
677
679
680
683
686
690
693
695
699
705
712
715
716
718
727
729
739
750
755
756
761
762
765
766
767
769
770
776
777
779
782
786
790
791
794
796
797
798
800
804
809
814
823
828
847
848
850
852
855
870
872
879
880
884
891
894
897
901
903
907
917
924
928
929
930
938
939
940
942
947
950
952
958
960
967
970
977
979
982
986
992
