# 237 13 689
6
9
22
23
24
28
32
41
43
45
46
48
52
53
57
61
65
66
72
74
75
82
93
97
106
107
109
117
122
132
145
150
153
154
159
162
163
169
170
176
181
182
184
199
200
209
210
214
220
222
226
230
231
232
236
238
240
247
254
257
258
263
264
270
272
274
275
296
302
303
308
317
318
319
321
324
325
329
332
335
338
341
345
360
361
364
371
373
375
387
388
390
414
421
426
429
431
432
436
440
443
446
447
449
451
453
456
458
459
463
466
469
470
472
476
478
482
485
486
490
492
493
495
502
505
506
507
515
523
543
545
549
552
566
570
573
575
579
580
581
591
601
607
614
616
622
623
628
631
636
637
638
639
643
651
657
661
662
665
668
669
671
681
684
689
691
692
704
707
711
724
725
730
736
740
748
753
759
760
763
772
773
781
788
789
799
803
805
806
813
815
818
822
829
840
841
842
845
846
861
862
863
866
868
875
876
886
888
893
899
902
908
922
923
926
927
932
933
935
936
948
949
951
957
963
973
978
980
984
985
987
989
991
994
996
998
999
