# 188 11 860
0
8
10
12
13
20
21
39
44
49
70
80
84
89
94
110
118
119
120
123
126
127
128
138
143
144
148
155
158
173
174
177
183
186
191
196
201
205
207
208
213
216
244
248
249
250
252
255
265
278
283
284
297
299
314
323
328
348
351
354
355
366
368
369
374
376
379
382
385
389
393
398
400
402
404
407
415
422
428
437
438
444
454
467
473
474
481
487
488
491
503
510
512
514
517
526
531
537
539
546
553
576
578
583
587
596
605
606
611
624
625
629
640
644
648
654
656
659
673
675
676
685
694
696
700
701
706
710
714
720
721
726
728
733
735
737
738
742
744
746
747
751
764
774
780
792
795
801
802
817
819
824
825
831
833
835
836
837
838
854
858
859
860
865
873
877
878
887
895
904
905
909
911
913
916
918
925
943
945
954
955
959
961
968
975
981
988
993
