# 145 14 233
5
7
15
25
26
29
37
40
56
63
64
67
68
73
76
77
85
88
91
95
113
130
137
139
149
161
168
189
190
202
223
228
233
239
256
260
262
277
288
300
304
311
322
326
333
334
358
367
378
381
384
395
405
408
411
412
418
425
430
452
460
462
468
477
484
501
511
516
521
525
532
534
538
541
550
551
554
555
563
564
568
572
574
584
586
588
590
593
597
608
612
619
627
634
641
646
653
655
658
670
697
698
702
703
713
717
722
723
732
734
741
757
771
778
785
787
793
807
810
811
816
826
827
830
832
834
839
856
864
867
874
881
883
910
915
931
934
937
941
944
946
964
966
976
983
