# 134 13 196
3
12
19
35
46
60
68
69
77
78
82
83
84
90
101
110
123
135
147
148
152
157
158
164
167
187
196
201
228
251
260
261
271
275
285
298
299
304
307
311
314
335
347
386
400
401
404
409
413
415
423
440
443
454
456
462
465
488
495
497
501
503
507
515
529
531
556
565
593
600
601
605
608
616
621
629
634
636
637
642
644
646
653
668
678
683
688
695
702
703
709
710
711
721
725
738
743
746
758
763
766
780
793
794
797
801
806
812
816
826
830
837
845
851
854
864
869
884
888
898
915
920
923
924
925
928
933
937
947
948
967
977
981
998
