# 127 12 506
2
6
7
23
24
26
27
44
48
51
52
57
72
85
91
99
109
114
117
118
121
122
132
133
137
140
162
177
181
183
186
197
200
205
212
219
222
226
227
239
240
246
266
267
278
282
287
293
295
297
309
313
315
323
337
339
345
348
355
357
364
380
394
395
435
450
457
467
475
477
484
502
506
517
522
523
525
537
544
547
555
566
588
620
635
648
650
662
663
666
680
691
700
705
706
726
729
751
767
772
774
775
778
786
796
803
820
827
835
844
849
858
862
867
902
909
918
932
938
945
954
958
966
987
988
990
997
