# 270 12 699
1
2
6
7
17
23
24
26
27
32
36
41
44
48
50
51
52
57
61
70
71
72
85
89
91
93
99
105
109
113
114
117
118
121
122
127
131
132
133
136
137
140
144
145
149
153
156
162
169
174
175
177
178
179
181
183
186
194
197
198
199
200
205
212
213
216
219
221
222
226
227
234
237
239
240
243
246
256
259
262
266
267
270
276
277
278
282
284
286
287
293
295
297
303
309
313
315
323
327
337
339
344
345
348
353
355
356
357
358
364
373
378
380
383
388
394
395
396
406
425
428
435
436
444
446
450
452
457
460
467
471
474
475
476
477
479
484
496
498
502
506
513
517
521
522
523
525
537
538
542
543
544
547
549
553
555
566
579
583
585
586
588
598
603
604
607
609
612
613
615
620
622
625
635
648
650
651
656
658
661
662
663
664
666
671
677
679
680
691
692
699
700
705
706
714
720
724
726
729
736
741
749
751
752
753
754
755
761
767
772
774
775
778
779
786
789
791
796
803
808
818
820
824
825
827
833
835
841
844
849
852
855
858
862
867
868
876
883
885
891
894
897
902
904
906
909
912
916
918
932
935
938
941
943
945
952
953
954
958
962
965
966
974
982
987
988
989
990
991
997
