# 240 13 336
3
11
12
19
22
35
40
45
46
60
67
68
69
77
78
82
83
84
90
95
97
101
102
110
123
125
126
128
135
138
147
148
152
154
155
157
158
164
166
167
182
187
189
190
196
201
204
215
218
228
242
245
249
251
255
260
261
271
272
274
275
280
281
285
289
292
294
298
299
304
305
307
311
312
314
317
318
321
335
336
338
341
347
359
367
369
370
374
375
379
386
387
400
401
404
405
409
411
413
415
423
424
432
434
437
438
440
441
443
454
456
462
463
465
470
482
485
486
488
495
497
499
501
503
507
511
515
518
519
529
531
533
552
556
557
558
562
565
574
578
587
591
593
600
601
602
605
608
610
614
616
621
629
634
636
637
640
641
642
644
646
653
660
668
678
683
685
688
689
695
702
703
707
709
710
711
712
715
721
725
738
743
746
748
758
763
766
769
780
788
790
792
793
794
797
800
801
806
809
812
816
826
830
834
837
840
843
845
848
851
854
859
864
869
884
887
888
889
898
901
903
914
915
920
923
924
925
928
933
937
940
946
947
948
956
967
977
981
984
998
