# 174 11 930
9
10
13
14
15
25
30
31
34
47
53
59
64
65
66
73
75
76
87
88
92
94
96
98
106
108
116
120
130
134
141
143
151
159
160
161
171
184
192
203
206
210
211
217
223
233
238
244
247
250
257
264
265
269
301
319
320
329
346
349
350
360
361
366
384
389
390
391
393
397
399
408
416
419
420
422
427
433
442
447
453
455
466
478
487
493
494
500
505
512
527
528
534
540
541
551
559
563
567
570
573
575
576
580
584
589
592
594
596
597
599
606
627
638
645
647
652
654
655
665
673
674
682
687
690
697
701
704
718
722
723
728
730
731
732
744
745
776
795
813
814
832
842
846
857
860
872
875
882
886
896
899
908
910
917
922
927
930
931
939
942
950
957
964
970
971
972
973
975
976
980
986
992
995
