# 160 14 693
5
20
21
29
38
42
43
49
58
62
63
80
81
100
103
107
112
119
129
142
168
170
173
185
188
191
195
207
208
220
224
230
231
235
236
252
254
263
268
279
288
291
300
306
316
325
328
331
333
334
340
342
352
354
371
372
381
382
398
402
403
407
414
421
426
445
449
461
469
473
483
491
492
509
520
526
530
535
536
546
548
550
564
568
569
572
577
595
611
623
626
639
643
669
672
675
676
681
686
693
694
708
716
717
719
727
734
735
739
740
742
747
750
757
762
764
768
771
773
777
781
784
787
798
799
802
807
817
819
821
823
828
831
838
861
865
873
874
877
880
881
892
893
895
905
911
913
919
934
944
949
951
955
961
968
969
979
983
985
999
