# 205 12 852
2
21
26
27
30
35
56
59
61
65
66
69
71
79
80
84
85
89
93
105
111
113
115
119
122
132
134
137
139
142
143
150
152
156
157
163
166
169
171
180
187
191
193
196
201
207
208
211
212
227
249
253
258
259
264
274
276
280
282
286
291
294
295
304
305
312
316
318
320
326
329
330
337
345
346
351
361
362
369
373
375
379
384
386
387
391
392
398
400
419
420
422
423
428
432
438
446
450
451
453
458
469
472
473
474
486
497
499
513
520
525
532
543
553
557
559
563
564
567
569
572
577
579
584
586
587
591
592
593
604
605
611
613
618
621
633
638
642
644
645
653
655
659
675
676
680
681
684
687
694
695
700
706
710
713
720
722
724
725
730
749
754
755
761
762
763
771
783
792
793
794
798
800
805
810
811
829
830
850
852
853
860
864
865
867
872
882
884
890
901
902
908
914
915
918
922
924
936
951
952
964
975
982
994
999
