# 182 13 277
5
6
11
16
19
24
38
47
49
51
52
57
68
70
72
74
75
90
91
94
97
98
101
108
110
120
131
138
144
147
154
159
161
186
199
200
204
224
232
239
245
246
248
251
254
265
267
270
277
279
281
283
287
288
289
298
308
319
321
323
325
327
328
331
340
344
347
355
363
368
381
383
399
424
429
433
437
449
452
459
470
471
475
483
485
491
505
511
516
517
518
519
528
534
536
541
555
556
560
562
568
571
574
595
600
606
608
615
617
623
652
658
661
663
666
671
673
677
678
685
692
696
698
699
707
726
727
731
739
744
752
756
757
758
760
772
778
781
784
785
801
812
814
815
816
818
819
826
833
836
847
848
858
863
868
869
870
878
886
889
892
904
907
909
920
921
923
929
930
931
933
940
960
962
967
978
980
983
987
990
995
997
