# 126 12 681
2
26
27
56
59
61
65
66
69
71
80
84
89
93
105
111
113
115
134
137
139
142
143
150
156
163
166
169
171
180
187
196
207
208
211
227
249
253
276
282
286
291
295
305
312
316
320
326
329
330
345
346
361
369
379
387
391
392
400
422
432
438
450
451
453
469
472
473
486
497
513
520
525
532
559
563
564
579
586
592
593
604
605
613
621
638
642
644
645
653
655
676
680
681
687
695
706
713
720
722
749
754
755
761
771
792
793
798
800
805
810
829
850
860
865
867
882
890
901
915
922
924
936
964
975
994
