# 268 12 738
1
2
4
21
26
27
29
30
35
42
44
56
59
61
63
65
66
69
71
79
80
84
85
89
93
99
104
105
106
111
113
115
119
122
128
132
134
136
137
139
142
143
149
150
151
152
156
157
160
163
166
169
171
172
180
187
191
193
196
201
207
208
211
212
221
227
231
236
249
253
255
258
259
260
264
268
274
276
278
280
282
286
291
293
294
295
304
305
312
316
318
320
326
329
330
337
345
346
351
361
362
369
373
375
378
379
384
386
387
391
392
395
398
400
405
407
412
414
419
420
422
423
428
432
438
446
450
451
453
458
469
472
473
474
476
486
489
494
495
497
499
507
510
513
520
525
531
532
543
548
553
557
559
563
564
567
569
572
577
579
582
583
584
586
587
589
591
592
593
601
604
605
611
613
618
621
630
633
637
638
642
644
645
653
655
659
667
675
676
680
681
684
687
694
695
700
706
710
713
714
720
722
723
724
725
730
736
738
745
749
751
754
755
761
762
763
769
771
783
790
792
793
794
796
798
800
805
810
811
817
825
829
830
850
852
853
860
864
865
867
872
875
882
884
887
890
899
901
902
903
906
908
914
915
918
922
924
925
936
951
952
964
975
976
982
991
994
999
