# 229 13 455
5
6
8
11
15
16
19
24
38
47
49
51
52
57
68
70
72
74
75
90
91
94
97
98
101
107
108
110
120
123
131
138
144
147
154
159
161
165
168
173
186
195
199
200
203
204
205
220
224
232
239
244
245
246
248
251
254
265
267
270
277
279
281
283
284
287
288
289
298
308
314
319
321
323
325
327
328
331
332
340
344
347
355
363
368
381
383
393
399
404
424
429
433
437
444
449
452
455
459
468
470
471
475
483
485
491
502
505
511
514
516
517
518
519
524
528
534
536
541
555
556
560
562
566
568
571
574
585
595
600
606
608
615
617
623
625
631
646
650
651
652
658
661
663
666
671
673
677
678
685
692
696
698
699
707
712
726
727
731
737
739
740
743
744
752
756
757
758
760
766
772
778
781
784
785
797
801
803
806
812
814
815
816
818
819
820
826
832
833
836
847
848
857
858
863
868
869
870
878
886
889
891
892
904
907
909
920
921
923
928
929
930
931
933
940
944
947
960
962
966
967
978
980
983
985
987
990
995
997
