# 179 11 880
9
12
17
18
20
22
36
41
46
48
50
58
60
67
73
88
92
100
103
127
133
135
141
146
162
164
174
181
184
190
194
202
213
215
216
219
225
228
230
234
237
240
242
250
252
257
261
262
263
266
273
275
285
290
292
296
300
301
302
335
342
350
354
357
358
360
367
370
371
385
388
389
408
409
410
418
421
435
439
440
447
448
456
461
465
477
478
480
482
492
504
506
509
512
521
527
529
530
535
537
539
542
544
546
550
551
558
575
578
581
597
598
599
602
607
616
620
624
635
636
639
641
654
660
665
669
674
682
683
693
697
702
704
708
711
716
717
732
734
750
767
773
777
780
791
795
799
809
823
824
828
831
835
837
840
841
843
849
873
876
880
881
893
895
897
898
900
905
910
916
919
934
937
954
968
977
979
986
992
