# 161 14 856
0
3
7
13
14
23
25
28
31
33
34
39
43
45
64
78
87
96
102
114
116
118
124
129
130
140
148
153
158
167
170
176
177
183
210
217
233
238
269
272
297
303
306
311
313
317
333
334
338
341
343
348
349
352
353
356
359
366
377
390
403
406
413
417
425
426
431
434
436
441
443
445
454
457
464
467
481
484
487
490
496
501
503
515
523
545
549
552
554
561
565
576
594
596
603
610
619
622
627
628
629
632
640
643
647
648
656
664
670
672
703
705
709
718
719
728
729
776
779
788
804
808
821
822
827
834
839
842
844
851
855
856
861
866
874
879
888
894
911
917
926
927
932
939
941
942
946
948
949
955
956
957
958
961
965
971
972
984
988
993
998
