# 394 _-1-1-1
3.000000000000000000e+00
1.100000000000000000e+01
1.900000000000000000e+01
3.200000000000000000e+01
3.900000000000000000e+01
4.000000000000000000e+01
4.100000000000000000e+01
4.200000000000000000e+01
4.400000000000000000e+01
4.800000000000000000e+01
5.000000000000000000e+01
5.400000000000000000e+01
5.500000000000000000e+01
6.100000000000000000e+01
6.200000000000000000e+01
6.800000000000000000e+01
6.900000000000000000e+01
7.500000000000000000e+01
7.600000000000000000e+01
8.600000000000000000e+01
1.000000000000000000e+02
1.020000000000000000e+02
1.060000000000000000e+02
1.150000000000000000e+02
1.170000000000000000e+02
1.180000000000000000e+02
1.190000000000000000e+02
1.200000000000000000e+02
1.260000000000000000e+02
1.400000000000000000e+02
1.550000000000000000e+02
1.640000000000000000e+02
1.650000000000000000e+02
1.770000000000000000e+02
1.810000000000000000e+02
1.870000000000000000e+02
1.920000000000000000e+02
1.930000000000000000e+02
1.980000000000000000e+02
2.000000000000000000e+02
2.010000000000000000e+02
2.110000000000000000e+02
2.160000000000000000e+02
2.170000000000000000e+02
2.210000000000000000e+02
2.260000000000000000e+02
2.280000000000000000e+02
2.320000000000000000e+02
2.330000000000000000e+02
2.350000000000000000e+02
2.370000000000000000e+02
2.500000000000000000e+02
2.550000000000000000e+02
2.600000000000000000e+02
2.680000000000000000e+02
2.820000000000000000e+02
2.840000000000000000e+02
2.870000000000000000e+02
2.890000000000000000e+02
2.950000000000000000e+02
3.000000000000000000e+02
3.010000000000000000e+02
3.050000000000000000e+02
3.080000000000000000e+02
3.120000000000000000e+02
3.310000000000000000e+02
3.320000000000000000e+02
3.340000000000000000e+02
3.360000000000000000e+02
3.440000000000000000e+02
3.520000000000000000e+02
3.540000000000000000e+02
3.620000000000000000e+02
3.710000000000000000e+02
3.750000000000000000e+02
3.800000000000000000e+02
3.820000000000000000e+02
3.940000000000000000e+02
3.980000000000000000e+02
4.100000000000000000e+02
4.360000000000000000e+02
4.370000000000000000e+02
4.500000000000000000e+02
4.540000000000000000e+02
4.600000000000000000e+02
4.620000000000000000e+02
4.700000000000000000e+02
4.710000000000000000e+02
4.740000000000000000e+02
4.750000000000000000e+02
4.860000000000000000e+02
4.960000000000000000e+02
5.040000000000000000e+02
5.080000000000000000e+02
5.090000000000000000e+02
5.140000000000000000e+02
5.170000000000000000e+02
5.290000000000000000e+02
5.320000000000000000e+02
5.360000000000000000e+02
5.370000000000000000e+02
5.380000000000000000e+02
5.400000000000000000e+02
5.460000000000000000e+02
5.470000000000000000e+02
5.510000000000000000e+02
5.530000000000000000e+02
5.620000000000000000e+02
5.660000000000000000e+02
5.670000000000000000e+02
5.700000000000000000e+02
5.730000000000000000e+02
5.770000000000000000e+02
5.850000000000000000e+02
5.910000000000000000e+02
6.090000000000000000e+02
6.150000000000000000e+02
6.180000000000000000e+02
6.210000000000000000e+02
6.220000000000000000e+02
6.340000000000000000e+02
6.440000000000000000e+02
6.550000000000000000e+02
6.580000000000000000e+02
6.600000000000000000e+02
6.690000000000000000e+02
6.720000000000000000e+02
6.760000000000000000e+02
6.800000000000000000e+02
6.890000000000000000e+02
6.930000000000000000e+02
7.010000000000000000e+02
7.030000000000000000e+02
7.040000000000000000e+02
7.050000000000000000e+02
7.060000000000000000e+02
7.180000000000000000e+02
7.200000000000000000e+02
7.410000000000000000e+02
7.420000000000000000e+02
7.520000000000000000e+02
7.590000000000000000e+02
7.720000000000000000e+02
7.730000000000000000e+02
7.800000000000000000e+02
7.910000000000000000e+02
7.920000000000000000e+02
8.040000000000000000e+02
8.100000000000000000e+02
8.180000000000000000e+02
8.250000000000000000e+02
8.320000000000000000e+02
8.340000000000000000e+02
8.400000000000000000e+02
8.410000000000000000e+02
8.440000000000000000e+02
8.450000000000000000e+02
8.470000000000000000e+02
8.490000000000000000e+02
8.600000000000000000e+02
8.670000000000000000e+02
8.730000000000000000e+02
8.930000000000000000e+02
8.950000000000000000e+02
8.970000000000000000e+02
9.070000000000000000e+02
9.170000000000000000e+02
9.220000000000000000e+02
9.240000000000000000e+02
9.300000000000000000e+02
9.410000000000000000e+02
9.440000000000000000e+02
9.450000000000000000e+02
9.460000000000000000e+02
9.480000000000000000e+02
9.590000000000000000e+02
9.600000000000000000e+02
9.670000000000000000e+02
9.740000000000000000e+02
9.820000000000000000e+02
9.850000000000000000e+02
9.920000000000000000e+02
9.940000000000000000e+02
