# 79 _0
1.000000000000000000e+00
2.000000000000000000e+00
5.000000000000000000e+00
7.000000000000000000e+00
9.000000000000000000e+00
1.200000000000000000e+01
1.700000000000000000e+01
1.800000000000000000e+01
2.000000000000000000e+01
2.100000000000000000e+01
2.200000000000000000e+01
2.400000000000000000e+01
2.600000000000000000e+01
2.900000000000000000e+01
3.300000000000000000e+01
3.400000000000000000e+01
3.600000000000000000e+01
3.700000000000000000e+01
4.500000000000000000e+01
4.700000000000000000e+01
5.100000000000000000e+01
5.600000000000000000e+01
6.400000000000000000e+01
6.500000000000000000e+01
6.600000000000000000e+01
7.100000000000000000e+01
7.400000000000000000e+01
7.900000000000000000e+01
8.200000000000000000e+01
8.500000000000000000e+01
8.700000000000000000e+01
8.900000000000000000e+01
9.000000000000000000e+01
9.400000000000000000e+01
9.500000000000000000e+01
9.600000000000000000e+01
1.010000000000000000e+02
1.050000000000000000e+02
1.100000000000000000e+02
1.130000000000000000e+02
1.140000000000000000e+02
1.210000000000000000e+02
1.230000000000000000e+02
1.240000000000000000e+02
1.250000000000000000e+02
1.290000000000000000e+02
1.300000000000000000e+02
1.310000000000000000e+02
1.320000000000000000e+02
1.370000000000000000e+02
1.410000000000000000e+02
1.420000000000000000e+02
1.440000000000000000e+02
1.450000000000000000e+02
1.460000000000000000e+02
1.490000000000000000e+02
1.500000000000000000e+02
1.530000000000000000e+02
1.560000000000000000e+02
1.580000000000000000e+02
1.590000000000000000e+02
1.610000000000000000e+02
1.620000000000000000e+02
1.670000000000000000e+02
1.690000000000000000e+02
1.720000000000000000e+02
1.740000000000000000e+02
1.790000000000000000e+02
1.800000000000000000e+02
1.900000000000000000e+02
1.960000000000000000e+02
1.970000000000000000e+02
2.020000000000000000e+02
2.040000000000000000e+02
2.060000000000000000e+02
2.080000000000000000e+02
2.100000000000000000e+02
2.120000000000000000e+02
2.130000000000000000e+02
2.200000000000000000e+02
2.230000000000000000e+02
2.240000000000000000e+02
2.340000000000000000e+02
2.400000000000000000e+02
2.420000000000000000e+02
2.430000000000000000e+02
2.440000000000000000e+02
2.460000000000000000e+02
2.480000000000000000e+02
2.510000000000000000e+02
2.540000000000000000e+02
2.560000000000000000e+02
2.580000000000000000e+02
2.610000000000000000e+02
2.630000000000000000e+02
2.640000000000000000e+02
2.670000000000000000e+02
2.690000000000000000e+02
2.700000000000000000e+02
2.710000000000000000e+02
2.730000000000000000e+02
2.750000000000000000e+02
2.770000000000000000e+02
2.810000000000000000e+02
2.850000000000000000e+02
2.930000000000000000e+02
2.990000000000000000e+02
3.020000000000000000e+02
3.040000000000000000e+02
3.090000000000000000e+02
3.100000000000000000e+02
3.140000000000000000e+02
3.160000000000000000e+02
3.190000000000000000e+02
3.200000000000000000e+02
3.210000000000000000e+02
3.220000000000000000e+02
3.240000000000000000e+02
3.250000000000000000e+02
3.270000000000000000e+02
3.280000000000000000e+02
3.290000000000000000e+02
3.330000000000000000e+02
3.390000000000000000e+02
3.400000000000000000e+02
3.410000000000000000e+02
3.420000000000000000e+02
3.430000000000000000e+02
3.450000000000000000e+02
3.460000000000000000e+02
3.510000000000000000e+02
3.530000000000000000e+02
3.550000000000000000e+02
3.570000000000000000e+02
3.580000000000000000e+02
3.590000000000000000e+02
3.600000000000000000e+02
3.610000000000000000e+02
3.670000000000000000e+02
3.730000000000000000e+02
3.760000000000000000e+02
3.770000000000000000e+02
3.790000000000000000e+02
3.860000000000000000e+02
3.880000000000000000e+02
3.900000000000000000e+02
3.910000000000000000e+02
4.000000000000000000e+02
4.020000000000000000e+02
4.030000000000000000e+02
4.050000000000000000e+02
4.080000000000000000e+02
4.090000000000000000e+02
4.110000000000000000e+02
4.120000000000000000e+02
4.180000000000000000e+02
4.220000000000000000e+02
4.250000000000000000e+02
4.290000000000000000e+02
4.300000000000000000e+02
4.310000000000000000e+02
4.340000000000000000e+02
4.350000000000000000e+02
4.380000000000000000e+02
4.410000000000000000e+02
4.430000000000000000e+02
4.470000000000000000e+02
4.480000000000000000e+02
4.510000000000000000e+02
4.580000000000000000e+02
4.590000000000000000e+02
4.660000000000000000e+02
4.670000000000000000e+02
4.690000000000000000e+02
4.720000000000000000e+02
4.760000000000000000e+02
4.780000000000000000e+02
4.810000000000000000e+02
4.830000000000000000e+02
4.840000000000000000e+02
4.850000000000000000e+02
4.870000000000000000e+02
4.880000000000000000e+02
4.910000000000000000e+02
4.940000000000000000e+02
4.950000000000000000e+02
4.990000000000000000e+02
5.030000000000000000e+02
5.150000000000000000e+02
5.160000000000000000e+02
5.180000000000000000e+02
5.200000000000000000e+02
5.210000000000000000e+02
5.220000000000000000e+02
5.230000000000000000e+02
5.240000000000000000e+02
5.260000000000000000e+02
5.280000000000000000e+02
5.300000000000000000e+02
5.330000000000000000e+02
5.340000000000000000e+02
5.420000000000000000e+02
5.440000000000000000e+02
5.480000000000000000e+02
5.500000000000000000e+02
5.540000000000000000e+02
5.550000000000000000e+02
5.560000000000000000e+02
5.580000000000000000e+02
5.600000000000000000e+02
5.610000000000000000e+02
5.640000000000000000e+02
5.650000000000000000e+02
5.690000000000000000e+02
5.750000000000000000e+02
5.780000000000000000e+02
5.860000000000000000e+02
5.870000000000000000e+02
5.880000000000000000e+02
5.930000000000000000e+02
5.940000000000000000e+02
5.970000000000000000e+02
6.010000000000000000e+02
6.100000000000000000e+02
6.110000000000000000e+02
6.120000000000000000e+02
6.130000000000000000e+02
6.140000000000000000e+02
6.190000000000000000e+02
6.200000000000000000e+02
6.230000000000000000e+02
6.250000000000000000e+02
6.260000000000000000e+02
6.290000000000000000e+02
6.350000000000000000e+02
6.370000000000000000e+02
6.380000000000000000e+02
6.400000000000000000e+02
6.410000000000000000e+02
6.450000000000000000e+02
6.460000000000000000e+02
6.480000000000000000e+02
6.500000000000000000e+02
6.520000000000000000e+02
6.540000000000000000e+02
6.560000000000000000e+02
6.590000000000000000e+02
6.610000000000000000e+02
6.620000000000000000e+02
6.640000000000000000e+02
6.650000000000000000e+02
6.660000000000000000e+02
6.680000000000000000e+02
6.700000000000000000e+02
6.730000000000000000e+02
6.780000000000000000e+02
6.790000000000000000e+02
6.810000000000000000e+02
6.820000000000000000e+02
6.840000000000000000e+02
6.850000000000000000e+02
6.860000000000000000e+02
6.920000000000000000e+02
6.940000000000000000e+02
6.950000000000000000e+02
6.970000000000000000e+02
6.990000000000000000e+02
7.070000000000000000e+02
7.080000000000000000e+02
7.120000000000000000e+02
7.150000000000000000e+02
7.170000000000000000e+02
7.190000000000000000e+02
7.210000000000000000e+02
7.220000000000000000e+02
7.230000000000000000e+02
7.240000000000000000e+02
7.290000000000000000e+02
7.310000000000000000e+02
7.320000000000000000e+02
7.330000000000000000e+02
7.350000000000000000e+02
7.360000000000000000e+02
7.370000000000000000e+02
7.430000000000000000e+02
7.460000000000000000e+02
7.470000000000000000e+02
7.480000000000000000e+02
7.490000000000000000e+02
7.570000000000000000e+02
7.580000000000000000e+02
7.600000000000000000e+02
7.660000000000000000e+02
7.670000000000000000e+02
7.680000000000000000e+02
7.690000000000000000e+02
7.740000000000000000e+02
7.750000000000000000e+02
7.820000000000000000e+02
7.840000000000000000e+02
7.860000000000000000e+02
7.890000000000000000e+02
7.900000000000000000e+02
7.930000000000000000e+02
7.950000000000000000e+02
7.990000000000000000e+02
8.000000000000000000e+02
8.030000000000000000e+02
8.110000000000000000e+02
8.140000000000000000e+02
8.300000000000000000e+02
8.480000000000000000e+02
8.530000000000000000e+02
8.540000000000000000e+02
8.610000000000000000e+02
8.620000000000000000e+02
8.660000000000000000e+02
8.700000000000000000e+02
8.710000000000000000e+02
8.820000000000000000e+02
8.830000000000000000e+02
8.860000000000000000e+02
8.880000000000000000e+02
8.890000000000000000e+02
8.900000000000000000e+02
8.940000000000000000e+02
8.980000000000000000e+02
9.000000000000000000e+02
9.010000000000000000e+02
9.050000000000000000e+02
9.060000000000000000e+02
9.100000000000000000e+02
9.120000000000000000e+02
9.130000000000000000e+02
9.140000000000000000e+02
9.150000000000000000e+02
9.160000000000000000e+02
9.180000000000000000e+02
9.200000000000000000e+02
9.280000000000000000e+02
9.290000000000000000e+02
9.360000000000000000e+02
9.370000000000000000e+02
9.470000000000000000e+02
9.520000000000000000e+02
9.540000000000000000e+02
9.560000000000000000e+02
9.570000000000000000e+02
9.580000000000000000e+02
9.630000000000000000e+02
9.650000000000000000e+02
9.710000000000000000e+02
9.720000000000000000e+02
9.730000000000000000e+02
9.770000000000000000e+02
9.790000000000000000e+02
9.800000000000000000e+02
9.830000000000000000e+02
9.840000000000000000e+02
9.870000000000000000e+02
9.880000000000000000e+02
9.900000000000000000e+02
9.930000000000000000e+02
9.990000000000000000e+02
