# 171 12 410
2
20
28
33
39
40
45
51
54
61
63
65
78
82
84
88
94
98
108
111
121
122
123
150
157
167
179
184
185
194
195
208
215
234
236
237
239
244
257
259
264
270
275
282
285
287
290
294
297
316
320
323
325
332
361
364
369
379
390
395
402
406
407
410
414
415
424
437
443
446
454
458
460
462
463
465
473
475
477
478
481
484
502
506
517
519
524
528
544
565
570
579
596
598
599
600
604
622
623
632
635
636
637
638
640
645
646
648
657
660
664
679
686
689
693
694
696
704
713
718
719
721
728
730
743
744
749
757
761
771
773
789
794
811
819
820
822
828
829
838
841
843
850
867
870
871
874
878
882
883
885
887
890
906
917
918
919
922
924
938
939
942
947
964
971
977
978
982
983
990
993
