# 156 13 58
4
5
15
22
25
27
52
58
59
62
71
72
76
79
81
87
118
125
130
131
139
140
144
161
183
187
199
204
207
218
219
235
240
252
253
260
263
265
279
281
288
291
293
298
305
306
313
324
341
348
352
356
360
370
381
383
384
385
386
400
405
408
411
419
422
438
440
449
452
459
486
487
497
499
503
520
525
527
548
557
563
566
571
572
575
578
586
592
594
602
613
619
626
631
643
653
654
668
683
688
690
695
697
702
705
707
708
710
712
720
725
746
748
756
758
759
766
776
778
779
786
792
805
807
809
813
817
818
846
848
851
891
894
895
896
898
899
900
903
923
925
926
927
928
936
949
950
955
963
975
976
981
984
988
989
997
