# 273 12 242
0
1
2
3
10
14
20
23
28
29
33
34
37
39
40
43
45
51
54
61
63
65
68
73
78
80
82
84
85
88
94
96
98
100
105
106
108
111
119
121
122
123
124
135
150
157
167
172
178
179
182
184
185
194
195
201
208
215
221
229
233
234
236
237
239
242
243
244
257
259
262
264
267
268
270
275
282
285
287
289
290
294
297
314
316
317
320
323
325
332
336
339
358
361
364
369
377
379
380
390
395
397
401
402
406
407
410
413
414
415
420
423
424
425
429
437
443
446
454
458
460
462
463
464
465
473
475
477
478
481
484
490
502
506
510
517
518
519
521
522
524
528
544
553
564
565
567
568
570
573
579
585
596
598
599
600
604
610
615
616
622
623
627
632
635
636
637
638
640
645
646
648
651
657
660
664
665
678
679
681
685
686
689
692
693
694
696
704
711
713
716
718
719
721
722
727
728
730
732
733
734
737
742
743
744
749
751
757
761
771
773
775
785
789
794
798
811
816
819
820
822
824
828
829
838
841
843
845
849
850
867
870
871
874
875
876
878
882
883
885
887
888
889
890
892
905
906
908
917
918
919
922
924
932
934
938
939
940
942
947
956
964
965
971
972
977
978
982
983
987
990
993
998
