# 246 13 869
4
5
13
15
16
19
21
22
25
27
30
35
41
46
47
50
52
56
57
58
59
62
71
72
76
79
81
87
103
112
118
125
130
131
139
140
144
161
175
183
187
189
192
199
204
207
217
218
219
225
228
231
235
240
245
252
253
260
261
263
265
269
279
281
286
288
291
293
296
298
305
306
312
313
322
324
326
334
341
342
348
350
351
352
355
356
359
360
363
370
371
375
376
381
382
383
384
385
386
391
394
400
405
408
411
419
422
426
428
436
438
440
441
449
452
455
459
472
486
487
488
489
497
499
503
520
525
527
548
555
557
563
566
569
571
572
575
577
578
586
589
592
594
601
602
613
619
626
628
631
643
647
653
654
663
668
672
677
682
683
688
690
695
697
702
705
707
708
710
712
715
720
725
741
745
746
748
756
758
759
762
764
766
768
776
778
779
786
792
805
806
807
809
813
817
818
823
825
832
836
844
846
848
851
861
869
872
891
894
895
896
898
899
900
901
903
907
910
923
925
926
927
928
929
936
941
948
949
950
953
954
955
957
961
962
963
975
976
979
980
981
984
988
989
995
997
