# 169 11 930
6
7
9
31
44
49
55
64
70
74
83
91
92
102
110
115
116
120
126
133
138
141
152
153
154
156
158
171
173
174
176
177
181
188
197
198
202
203
210
212
222
223
230
250
251
258
278
284
292
295
300
307
309
315
318
319
333
335
343
347
354
357
366
372
374
378
388
393
396
399
412
417
418
427
431
444
447
448
450
453
466
468
474
476
480
491
493
494
496
501
511
514
516
529
530
535
536
537
542
546
552
554
561
562
574
576
595
608
609
612
617
629
641
650
656
661
662
673
676
680
684
687
698
699
700
706
714
726
729
739
747
755
770
777
781
783
795
796
799
800
801
814
821
833
834
839
840
857
859
860
863
864
873
877
879
880
881
893
904
909
912
914
921
930
945
951
969
992
994
