# 152 14 226
11
17
18
32
38
48
53
67
69
75
86
89
90
93
95
99
117
134
136
137
143
145
147
149
155
159
162
163
193
196
205
206
211
213
214
216
226
238
246
256
271
274
301
302
303
327
328
329
338
353
362
373
392
404
409
416
421
430
432
433
439
445
451
456
457
467
469
492
495
500
504
505
507
508
512
513
523
526
532
533
538
540
541
543
550
556
558
581
582
583
584
587
588
597
611
614
620
621
630
639
649
652
666
669
691
709
717
731
735
736
740
750
752
754
760
769
772
780
787
788
790
797
810
815
830
831
835
837
842
854
858
862
865
866
868
884
886
911
913
915
916
920
935
943
944
946
958
959
968
973
974
986
