# 166 _-1-1-1-1
1.100000000000000000e+01
2.400000000000000000e+01
2.500000000000000000e+01
3.100000000000000000e+01
4.800000000000000000e+01
6.800000000000000000e+01
7.600000000000000000e+01
8.400000000000000000e+01
9.500000000000000000e+01
9.900000000000000000e+01
1.080000000000000000e+02
1.230000000000000000e+02
1.260000000000000000e+02
1.400000000000000000e+02
1.430000000000000000e+02
1.460000000000000000e+02
1.480000000000000000e+02
1.500000000000000000e+02
1.660000000000000000e+02
1.840000000000000000e+02
1.920000000000000000e+02
1.930000000000000000e+02
1.980000000000000000e+02
2.050000000000000000e+02
2.070000000000000000e+02
2.150000000000000000e+02
2.260000000000000000e+02
2.300000000000000000e+02
2.350000000000000000e+02
2.390000000000000000e+02
2.480000000000000000e+02
2.490000000000000000e+02
2.580000000000000000e+02
2.600000000000000000e+02
2.630000000000000000e+02
2.690000000000000000e+02
2.720000000000000000e+02
2.750000000000000000e+02
2.870000000000000000e+02
2.890000000000000000e+02
3.030000000000000000e+02
3.050000000000000000e+02
3.080000000000000000e+02
3.120000000000000000e+02
3.150000000000000000e+02
3.160000000000000000e+02
3.180000000000000000e+02
3.250000000000000000e+02
3.290000000000000000e+02
3.380000000000000000e+02
3.410000000000000000e+02
3.520000000000000000e+02
3.580000000000000000e+02
3.740000000000000000e+02
3.800000000000000000e+02
3.860000000000000000e+02
3.910000000000000000e+02
3.980000000000000000e+02
4.020000000000000000e+02
4.160000000000000000e+02
4.260000000000000000e+02
4.280000000000000000e+02
4.310000000000000000e+02
4.370000000000000000e+02
4.430000000000000000e+02
4.480000000000000000e+02
4.660000000000000000e+02
4.710000000000000000e+02
4.770000000000000000e+02
4.840000000000000000e+02
4.850000000000000000e+02
4.880000000000000000e+02
5.020000000000000000e+02
5.140000000000000000e+02
5.180000000000000000e+02
5.250000000000000000e+02
5.330000000000000000e+02
5.740000000000000000e+02
5.850000000000000000e+02
6.030000000000000000e+02
6.040000000000000000e+02
6.110000000000000000e+02
6.170000000000000000e+02
6.250000000000000000e+02
6.440000000000000000e+02
6.540000000000000000e+02
6.620000000000000000e+02
6.680000000000000000e+02
6.720000000000000000e+02
6.780000000000000000e+02
6.810000000000000000e+02
6.830000000000000000e+02
6.850000000000000000e+02
6.980000000000000000e+02
7.010000000000000000e+02
7.040000000000000000e+02
7.100000000000000000e+02
7.130000000000000000e+02
7.150000000000000000e+02
7.210000000000000000e+02
7.220000000000000000e+02
7.330000000000000000e+02
7.610000000000000000e+02
7.640000000000000000e+02
7.780000000000000000e+02
7.960000000000000000e+02
7.980000000000000000e+02
8.050000000000000000e+02
8.100000000000000000e+02
8.110000000000000000e+02
8.230000000000000000e+02
8.270000000000000000e+02
8.410000000000000000e+02
8.560000000000000000e+02
8.630000000000000000e+02
8.740000000000000000e+02
8.830000000000000000e+02
8.890000000000000000e+02
8.970000000000000000e+02
8.990000000000000000e+02
9.110000000000000000e+02
9.150000000000000000e+02
9.160000000000000000e+02
9.290000000000000000e+02
9.320000000000000000e+02
9.360000000000000000e+02
9.380000000000000000e+02
9.490000000000000000e+02
9.500000000000000000e+02
9.580000000000000000e+02
9.680000000000000000e+02
9.700000000000000000e+02
9.710000000000000000e+02
9.810000000000000000e+02
9.860000000000000000e+02
9.990000000000000000e+02
