# 982 _-1-10
2.000000000000000000e+00
3.000000000000000000e+00
9.000000000000000000e+00
3.000000000000000000e+01
3.700000000000000000e+01
3.800000000000000000e+01
4.100000000000000000e+01
4.300000000000000000e+01
4.600000000000000000e+01
4.700000000000000000e+01
5.000000000000000000e+01
5.400000000000000000e+01
5.500000000000000000e+01
6.600000000000000000e+01
7.300000000000000000e+01
7.700000000000000000e+01
7.800000000000000000e+01
7.900000000000000000e+01
8.600000000000000000e+01
8.800000000000000000e+01
8.900000000000000000e+01
9.400000000000000000e+01
9.600000000000000000e+01
9.700000000000000000e+01
9.800000000000000000e+01
1.060000000000000000e+02
1.120000000000000000e+02
1.190000000000000000e+02
1.210000000000000000e+02
1.290000000000000000e+02
1.490000000000000000e+02
1.540000000000000000e+02
1.570000000000000000e+02
1.580000000000000000e+02
1.640000000000000000e+02
1.740000000000000000e+02
1.750000000000000000e+02
1.790000000000000000e+02
1.890000000000000000e+02
1.900000000000000000e+02
1.910000000000000000e+02
2.010000000000000000e+02
2.090000000000000000e+02
2.100000000000000000e+02
2.170000000000000000e+02
2.200000000000000000e+02
2.280000000000000000e+02
2.340000000000000000e+02
2.370000000000000000e+02
2.380000000000000000e+02
2.460000000000000000e+02
2.510000000000000000e+02
2.520000000000000000e+02
2.550000000000000000e+02
2.610000000000000000e+02
2.740000000000000000e+02
2.810000000000000000e+02
3.020000000000000000e+02
3.210000000000000000e+02
3.280000000000000000e+02
3.300000000000000000e+02
3.310000000000000000e+02
3.340000000000000000e+02
3.430000000000000000e+02
3.490000000000000000e+02
3.530000000000000000e+02
3.570000000000000000e+02
3.610000000000000000e+02
3.660000000000000000e+02
3.710000000000000000e+02
3.720000000000000000e+02
3.750000000000000000e+02
3.760000000000000000e+02
3.790000000000000000e+02
3.810000000000000000e+02
3.840000000000000000e+02
3.870000000000000000e+02
3.940000000000000000e+02
4.040000000000000000e+02
4.060000000000000000e+02
4.080000000000000000e+02
4.120000000000000000e+02
4.150000000000000000e+02
4.250000000000000000e+02
4.290000000000000000e+02
4.330000000000000000e+02
4.340000000000000000e+02
4.440000000000000000e+02
4.470000000000000000e+02
4.510000000000000000e+02
4.610000000000000000e+02
4.620000000000000000e+02
4.720000000000000000e+02
4.730000000000000000e+02
4.820000000000000000e+02
4.830000000000000000e+02
4.900000000000000000e+02
5.030000000000000000e+02
5.040000000000000000e+02
5.050000000000000000e+02
5.110000000000000000e+02
5.130000000000000000e+02
5.220000000000000000e+02
5.280000000000000000e+02
5.310000000000000000e+02
5.340000000000000000e+02
5.370000000000000000e+02
5.430000000000000000e+02
5.440000000000000000e+02
5.450000000000000000e+02
5.470000000000000000e+02
5.560000000000000000e+02
5.670000000000000000e+02
5.770000000000000000e+02
5.800000000000000000e+02
5.870000000000000000e+02
5.920000000000000000e+02
5.970000000000000000e+02
5.990000000000000000e+02
6.060000000000000000e+02
6.070000000000000000e+02
6.090000000000000000e+02
6.150000000000000000e+02
6.180000000000000000e+02
6.210000000000000000e+02
6.220000000000000000e+02
6.310000000000000000e+02
6.410000000000000000e+02
6.430000000000000000e+02
6.560000000000000000e+02
6.580000000000000000e+02
6.730000000000000000e+02
6.790000000000000000e+02
6.910000000000000000e+02
7.050000000000000000e+02
7.070000000000000000e+02
7.110000000000000000e+02
7.160000000000000000e+02
7.240000000000000000e+02
7.280000000000000000e+02
7.320000000000000000e+02
7.370000000000000000e+02
7.440000000000000000e+02
7.450000000000000000e+02
7.460000000000000000e+02
7.550000000000000000e+02
7.590000000000000000e+02
7.710000000000000000e+02
7.880000000000000000e+02
7.930000000000000000e+02
8.010000000000000000e+02
8.080000000000000000e+02
8.120000000000000000e+02
8.250000000000000000e+02
8.360000000000000000e+02
8.420000000000000000e+02
8.580000000000000000e+02
8.600000000000000000e+02
8.690000000000000000e+02
8.760000000000000000e+02
8.800000000000000000e+02
8.900000000000000000e+02
9.030000000000000000e+02
9.040000000000000000e+02
9.170000000000000000e+02
9.190000000000000000e+02
9.200000000000000000e+02
9.220000000000000000e+02
9.300000000000000000e+02
9.400000000000000000e+02
9.410000000000000000e+02
9.530000000000000000e+02
9.640000000000000000e+02
9.800000000000000000e+02
9.820000000000000000e+02
9.840000000000000000e+02
9.890000000000000000e+02
9.940000000000000000e+02
9.960000000000000000e+02
9.970000000000000000e+02
