# 190 12 407
15
17
20
21
27
28
38
41
47
60
69
75
77
81
84
86
90
93
94
96
101
116
118
123
125
149
166
169
170
182
183
205
206
211
214
217
225
235
239
240
249
256
259
266
273
274
287
294
298
300
304
311
312
319
323
326
327
332
341
343
354
361
366
368
370
371
394
395
397
405
407
416
428
429
440
441
443
448
455
464
466
467
470
472
477
481
482
488
490
495
497
501
503
504
516
517
518
528
530
531
564
565
571
580
592
594
607
608
613
614
624
626
628
629
630
637
640
648
650
653
656
662
664
668
669
671
676
679
683
689
695
703
705
707
729
731
733
738
745
747
748
750
752
765
768
773
776
777
778
788
799
806
814
819
820
827
830
835
837
841
844
845
849
857
865
870
879
882
885
902
903
905
918
919
920
921
926
939
949
950
952
954
959
963
967
976
979
980
989
999
