# 143 13 66
2
6
7
9
11
13
30
45
57
58
61
66
67
70
100
114
124
136
141
142
146
153
157
159
161
176
177
189
191
201
202
207
215
227
230
231
234
245
250
254
255
261
280
283
285
297
302
305
313
330
338
339
344
356
359
379
381
382
387
396
406
409
411
417
425
431
433
436
444
445
447
468
474
483
509
512
513
515
521
527
529
537
538
541
543
550
559
566
575
584
585
586
589
598
615
620
642
643
645
651
680
701
717
728
739
741
744
749
753
762
769
770
783
803
811
815
829
831
832
850
864
872
873
876
877
878
892
894
895
906
930
931
937
943
951
965
974
978
984
988
991
995
998
