# 284 12 369
15
17
20
21
27
28
34
38
40
41
47
54
60
68
69
75
77
81
84
86
89
90
93
94
96
101
102
108
109
113
116
117
118
123
125
128
149
150
156
163
165
166
169
170
172
179
182
183
199
205
206
208
209
211
214
217
225
235
239
240
242
249
251
256
259
266
269
273
274
275
276
282
284
286
287
294
296
298
300
304
311
312
315
319
323
326
327
331
332
335
341
343
352
354
361
366
367
368
369
370
371
388
394
395
397
398
403
404
405
407
412
416
421
423
427
428
429
435
440
441
443
448
453
454
455
460
462
464
466
467
470
472
476
477
479
481
482
488
490
495
497
501
503
504
516
517
518
520
524
526
528
530
531
544
564
565
567
569
571
579
580
592
594
600
607
608
613
614
621
624
626
628
629
630
634
637
639
640
648
650
653
656
657
658
661
662
663
664
668
669
671
676
679
683
689
693
695
703
705
706
707
712
726
729
731
732
733
738
745
747
748
750
752
756
761
765
768
773
774
776
777
778
788
797
799
806
813
814
819
820
821
822
827
830
835
837
840
841
844
845
849
856
857
859
860
865
870
879
882
885
888
891
902
903
905
912
916
917
918
919
920
921
926
932
939
941
949
950
952
954
957
959
963
966
967
976
979
980
981
982
989
992
996
999
