# 245 13 514
2
6
7
9
10
11
13
18
30
36
37
42
45
53
57
58
61
64
66
67
70
76
88
95
100
107
111
112
114
120
124
127
132
133
135
136
141
142
144
146
148
153
157
159
161
162
174
176
177
188
189
191
194
201
202
204
207
215
221
224
227
230
231
234
245
247
250
252
254
255
260
261
265
271
280
283
285
288
293
297
302
303
305
308
313
324
330
336
338
339
344
348
349
356
359
362
365
372
376
377
379
381
382
387
389
393
396
401
406
409
411
415
417
420
422
424
425
426
431
433
436
444
445
447
450
456
457
463
468
471
473
474
483
484
494
509
512
513
514
515
521
522
527
529
537
538
541
543
550
559
566
575
583
584
585
586
589
596
598
603
610
615
620
635
642
643
645
651
654
665
673
680
682
688
701
717
721
722
724
728
730
735
739
741
744
749
753
758
760
762
766
769
770
779
783
784
802
803
804
809
810
811
815
816
829
831
832
839
842
850
853
864
872
873
875
876
877
878
881
889
892
894
895
897
901
906
925
930
931
937
943
945
951
962
965
970
974
978
984
988
991
994
995
997
998
