# 166 11 496
0
5
12
22
23
24
26
29
33
35
44
56
59
62
74
79
83
97
105
106
115
121
122
130
131
137
139
154
155
158
164
167
185
186
193
196
197
198
203
210
219
220
223
228
244
246
248
253
258
264
277
281
290
291
301
306
314
317
318
322
328
329
333
334
340
346
351
355
357
358
373
374
383
385
399
418
438
442
451
461
486
496
498
499
510
523
535
536
540
551
553
557
572
573
581
582
591
593
595
601
604
611
616
618
627
633
641
647
652
659
667
674
681
687
702
709
713
714
718
720
740
743
746
751
757
763
772
775
780
781
785
789
790
791
796
812
824
833
836
838
843
847
851
855
863
866
867
883
886
898
899
908
913
922
923
924
927
929
934
944
948
953
955
968
969
971
