# 158 14 238
1
4
8
14
16
19
32
43
46
50
51
52
55
63
71
78
85
87
91
92
98
103
110
126
138
151
168
173
175
178
181
184
190
192
200
213
218
222
237
238
241
243
257
262
263
267
268
278
289
307
310
320
325
347
375
384
390
392
402
410
413
414
419
430
434
437
439
449
452
465
469
478
485
489
491
493
500
505
506
507
525
539
545
547
548
549
552
554
555
576
587
597
599
602
605
606
609
612
617
625
631
638
646
655
670
675
684
691
692
696
697
699
704
708
710
716
727
736
737
754
755
764
786
787
795
798
800
801
807
808
817
828
834
848
852
854
861
862
868
871
874
880
887
890
893
900
904
910
935
956
961
972
973
977
983
985
986
987
