# 183 13 19
4
8
9
10
13
14
19
21
23
34
37
40
44
49
72
76
78
81
83
85
88
89
93
99
102
104
109
112
113
117
122
123
124
127
131
135
137
141
154
155
163
172
175
177
180
185
187
196
197
199
200
202
203
216
223
224
226
236
240
257
258
260
262
268
270
273
285
291
295
296
300
311
323
344
345
349
354
375
376
377
380
383
385
389
407
410
412
431
445
448
451
462
463
481
490
506
520
527
537
547
554
556
575
576
591
595
597
602
604
606
607
613
618
623
630
632
643
650
660
663
667
675
678
683
688
689
695
696
699
700
708
711
716
717
727
736
740
742
747
750
767
783
785
791
798
805
806
811
824
829
842
848
849
863
878
883
889
892
895
901
902
904
907
908
916
919
928
930
932
934
935
940
946
956
962
967
968
970
971
975
978
983
995
