# 181 12 584
3
15
24
25
31
35
39
43
45
53
54
59
87
92
98
100
101
106
115
120
133
138
142
146
165
181
189
194
207
214
221
229
230
232
235
245
251
254
277
278
284
304
305
309
316
322
333
335
342
346
359
366
372
382
384
387
388
392
396
401
404
405
408
417
428
433
438
439
442
446
452
454
461
464
470
472
473
479
499
500
508
511
513
521
523
526
545
551
553
555
557
561
562
563
570
572
578
584
592
596
599
611
614
615
616
617
629
631
637
638
644
645
646
649
654
658
665
669
674
676
681
685
697
701
714
718
721
751
752
755
756
758
759
761
762
763
771
772
775
784
787
790
800
817
819
822
823
833
843
845
852
862
867
870
881
884
893
900
905
912
914
917
926
929
933
937
941
948
950
952
955
957
963
972
974
976
979
981
992
994
998
