# 273 12 176
3
15
24
25
27
31
35
39
43
45
46
51
53
54
56
59
61
63
87
92
96
98
100
101
106
107
115
120
128
133
138
139
142
143
146
151
152
165
168
173
176
181
188
189
194
204
207
214
221
229
230
232
235
242
243
245
251
253
254
261
266
271
276
277
278
279
284
286
294
299
304
305
309
312
314
316
322
324
327
329
330
331
333
335
342
346
359
361
362
366
370
372
382
384
387
388
392
396
399
401
404
405
408
417
428
432
433
436
438
439
441
442
446
452
454
461
464
467
468
470
471
472
473
478
479
486
499
500
501
508
510
511
512
513
521
523
526
529
530
534
541
542
545
548
551
553
555
557
558
561
562
563
570
571
572
578
584
592
596
599
611
614
615
616
617
619
629
631
635
637
638
641
644
645
646
647
649
654
655
658
665
668
669
674
676
681
685
694
697
701
702
707
709
710
714
715
718
721
724
726
729
730
749
751
752
755
756
758
759
761
762
763
771
772
775
784
787
790
792
800
817
818
819
822
823
827
831
833
843
845
852
853
856
862
865
867
870
879
881
882
884
887
893
900
905
912
913
914
917
926
929
931
933
937
938
941
945
948
950
951
952
955
957
963
972
974
976
979
981
989
992
994
998
