# 259 13 48
4
5
8
9
10
12
13
14
19
20
21
23
29
34
37
40
44
48
49
60
64
66
72
76
78
81
83
85
88
89
93
99
102
104
108
109
112
113
117
118
122
123
124
127
131
135
137
141
154
155
161
163
170
172
175
177
180
185
187
196
197
199
200
202
203
209
210
211
216
217
223
224
226
231
236
237
240
241
257
258
260
262
263
268
269
270
273
285
291
295
296
300
302
311
315
323
326
334
339
344
345
349
354
360
375
376
377
380
383
385
389
391
402
407
410
411
412
414
427
431
445
448
450
451
462
463
481
490
496
506
509
520
522
527
537
546
547
549
550
554
556
560
567
575
576
577
583
587
589
591
595
597
600
602
604
605
606
607
612
613
618
623
628
630
632
643
650
660
663
667
671
675
678
680
682
683
688
689
695
696
699
700
705
708
711
716
717
719
720
727
736
739
740
742
747
750
753
765
767
768
773
776
777
783
785
791
793
794
795
796
798
803
805
806
811
816
821
824
829
842
848
849
863
873
878
883
889
892
895
901
902
903
904
906
907
908
916
919
928
930
932
934
935
940
946
947
956
962
967
968
970
971
975
978
982
983
987
990
995
