# 170 11 338
1
6
7
11
16
22
28
41
42
47
58
65
71
79
84
91
97
103
125
126
129
132
134
136
149
150
158
160
162
167
169
171
174
179
184
201
205
219
220
228
246
249
252
256
267
275
280
283
290
306
313
325
328
338
340
347
355
357
358
369
374
397
418
422
424
434
435
449
453
456
457
459
460
465
477
483
489
491
492
495
498
502
515
518
525
528
531
536
538
539
544
559
564
565
569
574
582
585
586
588
590
593
598
608
609
621
633
634
648
652
662
666
670
672
684
686
691
692
698
703
704
712
713
723
725
732
735
738
743
746
748
766
769
779
782
789
804
810
815
825
826
832
835
839
844
854
857
858
861
864
868
869
880
885
888
894
896
898
909
911
943
944
954
959
960
961
964
966
985
996
