# 146 14 298
18
26
33
55
57
68
69
73
74
77
95
105
110
119
130
140
144
145
148
156
157
159
164
166
178
183
190
195
198
208
212
218
225
227
234
244
247
248
255
259
264
281
282
298
301
303
320
321
336
337
348
363
365
367
368
371
373
378
381
393
395
400
403
406
409
415
419
421
425
429
430
447
469
475
476
482
484
485
494
497
505
514
519
532
540
552
566
581
594
601
603
610
620
622
624
625
626
627
640
642
653
656
659
661
677
687
690
706
728
734
744
745
754
757
770
774
780
797
807
809
814
820
830
837
840
846
847
850
855
860
871
872
877
891
897
918
920
923
924
942
953
973
977
984
988
991
