# 233 13 207
0
8
13
22
27
28
29
30
31
41
44
46
47
52
54
55
56
58
61
63
66
67
68
75
77
83
85
93
94
95
100
103
109
117
122
126
127
133
135
144
147
151
159
160
162
163
169
174
181
182
184
193
196
198
199
200
205
207
209
214
216
223
226
229
240
247
249
253
254
256
257
258
262
263
269
271
288
289
292
293
296
306
330
331
333
339
340
346
352
357
369
375
380
383
386
389
391
399
400
409
410
415
416
424
425
426
427
428
436
438
441
449
452
454
455
456
457
461
468
475
491
492
495
498
507
509
511
526
528
540
544
551
552
555
562
564
567
569
570
572
580
581
585
586
589
592
594
596
599
603
604
612
613
614
616
618
627
634
641
642
659
662
663
666
668
674
677
680
681
693
701
704
707
710
711
712
716
717
719
720
732
734
738
745
747
748
757
759
765
770
779
783
784
792
793
806
815
816
819
820
821
826
832
833
845
846
863
866
870
872
874
881
882
884
889
892
896
899
904
907
911
915
926
933
935
936
938
952
962
975
978
982
990
