# 198 12 880
5
9
10
12
15
17
23
33
37
38
43
65
74
76
84
88
98
107
112
115
120
130
131
132
137
139
142
152
153
154
157
164
166
172
175
177
178
192
208
211
219
224
233
237
239
244
250
259
264
270
273
283
284
287
291
297
298
305
316
318
324
337
345
347
348
353
356
365
377
378
381
396
402
403
405
407
411
412
414
420
429
431
432
435
445
446
447
463
466
467
470
471
472
474
479
484
487
488
490
499
500
504
510
513
520
521
525
529
530
536
548
549
557
559
561
568
573
587
591
595
630
636
637
638
645
647
650
656
673
676
678
686
687
691
703
713
715
721
724
725
726
735
737
743
750
753
760
762
764
766
771
774
775
782
796
799
803
804
808
809
810
823
829
836
839
840
842
844
850
851
858
861
865
867
877
880
890
893
894
905
906
910
920
923
940
947
951
956
965
968
972
973
974
979
984
985
993
998
