# 152 13 627
0
8
13
22
27
29
31
41
46
52
54
55
56
58
61
63
66
68
75
83
85
94
95
103
109
117
122
126
127
133
135
144
159
162
169
174
184
196
199
205
209
216
226
240
247
249
253
254
256
258
263
269
271
289
292
293
296
330
333
340
346
352
375
391
399
409
410
425
426
428
441
449
452
454
455
456
457
461
475
492
495
498
507
509
526
528
544
551
562
564
567
570
572
581
586
589
594
599
603
604
613
614
616
618
627
634
641
642
659
663
666
674
677
680
681
701
707
710
711
719
720
745
757
759
770
784
806
816
820
821
826
832
845
846
863
874
881
882
884
892
899
904
907
926
933
936
938
952
962
975
982
990
