# 134 12 880
9
12
15
17
23
33
38
74
76
98
107
112
115
120
131
132
137
139
142
154
166
172
175
177
178
211
224
233
237
239
244
250
264
273
283
287
297
298
305
318
324
345
348
356
365
377
378
381
402
403
405
407
411
414
429
431
432
435
447
463
467
474
479
484
487
490
500
510
513
520
525
530
549
557
559
568
573
587
591
630
636
638
645
647
650
656
678
686
691
703
715
721
724
725
726
735
743
750
753
762
764
766
782
803
804
808
809
810
823
829
836
840
842
844
850
861
867
877
880
890
893
894
905
940
951
956
968
972
973
974
979
984
985
998
