# 134 11 49
4
14
18
19
24
34
40
45
49
59
72
86
91
102
105
110
114
116
124
143
146
148
176
179
189
194
197
203
204
210
212
220
222
231
238
242
245
251
261
268
276
277
278
281
294
310
311
313
320
322
328
329
332
354
359
366
370
376
406
418
421
433
451
464
481
512
518
538
546
547
556
560
566
577
605
606
607
608
610
611
615
621
624
626
628
633
639
643
660
661
664
670
684
685
692
698
699
730
731
733
736
754
761
786
789
795
801
802
807
834
837
847
855
862
864
868
875
885
897
901
908
909
914
917
918
921
922
925
939
950
953
969
983
989
