# 288 13 207
0
1
6
8
13
22
25
27
28
29
30
31
35
41
44
46
47
52
54
55
56
58
61
62
63
66
67
68
75
77
83
85
90
93
94
95
97
100
103
108
109
117
118
122
123
126
127
133
135
144
147
151
159
160
162
163
169
174
181
182
184
193
196
198
199
200
205
207
209
214
216
217
218
223
226
227
229
230
240
247
249
253
254
256
257
258
262
263
269
271
288
289
290
292
293
296
303
306
315
330
331
333
334
339
340
346
352
357
364
369
375
380
383
386
389
391
395
399
400
408
409
410
413
415
416
424
425
426
427
428
436
438
441
442
449
450
452
454
455
456
457
459
461
465
468
469
475
491
492
493
495
498
507
509
511
515
526
528
540
542
544
551
552
555
562
563
564
567
569
570
572
580
581
584
585
586
589
592
594
596
599
603
604
612
613
614
616
618
627
634
641
642
648
654
659
662
663
666
668
674
677
680
681
688
693
696
701
704
707
710
711
712
716
717
719
720
732
734
738
740
744
745
747
748
749
751
757
758
759
765
769
770
779
781
783
784
791
792
793
806
815
816
817
819
820
821
826
828
832
833
838
845
846
848
853
863
866
870
872
874
881
882
884
889
891
892
896
899
904
907
911
915
926
932
933
935
936
938
942
952
959
962
971
975
978
982
987
990
