# 247 12 902
5
9
10
11
12
15
16
17
23
33
37
38
43
48
65
74
76
81
84
88
89
98
107
111
112
115
120
130
131
132
136
137
139
140
142
152
153
154
157
164
166
167
172
175
177
178
192
206
208
211
213
219
224
233
237
239
241
244
246
250
255
259
260
264
270
273
275
282
283
284
286
287
291
297
298
305
316
318
324
336
337
343
345
347
348
353
356
365
377
378
381
384
390
396
402
403
405
407
411
412
414
420
429
431
432
435
443
445
446
447
460
463
466
467
470
471
472
473
474
476
479
484
487
488
490
494
499
500
504
510
513
520
521
525
529
530
536
543
548
549
557
559
561
568
573
587
591
595
601
619
629
630
636
637
638
645
647
650
656
672
673
676
678
679
686
687
691
703
705
713
715
721
723
724
725
726
728
735
737
742
743
750
753
760
762
764
766
771
774
775
782
787
796
798
799
803
804
808
809
810
812
813
822
823
829
836
839
840
842
844
850
851
858
861
865
867
877
880
886
890
893
894
902
905
906
910
920
923
928
931
940
946
947
951
956
965
967
968
970
972
973
974
979
984
985
993
998
