# 172 11 788
3
4
14
18
19
24
34
40
42
45
49
59
64
72
86
91
102
105
110
114
116
124
143
146
148
176
179
187
189
194
195
197
201
203
204
210
212
220
222
228
231
234
238
242
245
251
261
266
267
268
276
277
278
281
294
309
310
311
313
314
320
322
328
329
332
335
354
359
366
370
374
376
382
392
393
406
418
421
423
433
451
464
481
512
518
524
537
538
545
546
547
554
556
560
566
577
579
588
602
605
606
607
608
610
611
615
621
624
626
628
633
639
643
658
660
661
664
670
684
685
692
698
699
730
731
733
736
754
761
763
767
780
786
788
789
795
801
802
807
811
834
837
847
855
857
862
864
868
875
885
897
901
908
909
914
917
918
921
922
925
927
939
948
950
953
954
960
969
976
983
989
991
