# 141 14 722
7
20
32
50
53
57
60
70
71
78
80
82
87
92
121
129
134
141
149
150
156
165
171
180
188
191
202
225
232
243
252
265
280
299
300
308
319
325
341
350
355
358
360
361
368
371
373
385
387
398
404
417
422
434
437
440
444
448
458
462
477
478
480
482
483
485
486
489
502
505
506
508
516
522
523
527
532
533
539
550
558
571
575
576
593
598
600
609
620
623
631
635
640
652
653
667
669
682
683
689
695
700
706
709
718
722
727
729
739
768
772
773
778
785
790
797
800
805
818
830
835
841
843
854
860
873
876
888
929
937
943
945
955
957
963
977
981
988
994
997
999
