# 721 _-1-1-1
0.000000000000000000e+00
1.000000000000000000e+00
4.000000000000000000e+00
7.000000000000000000e+00
8.000000000000000000e+00
9.000000000000000000e+00
1.500000000000000000e+01
1.900000000000000000e+01
2.200000000000000000e+01
2.700000000000000000e+01
2.800000000000000000e+01
3.400000000000000000e+01
4.100000000000000000e+01
4.800000000000000000e+01
6.000000000000000000e+01
6.100000000000000000e+01
6.300000000000000000e+01
6.600000000000000000e+01
7.600000000000000000e+01
7.800000000000000000e+01
8.000000000000000000e+01
8.200000000000000000e+01
8.300000000000000000e+01
8.500000000000000000e+01
8.800000000000000000e+01
8.900000000000000000e+01
9.000000000000000000e+01
9.700000000000000000e+01
1.010000000000000000e+02
1.030000000000000000e+02
1.040000000000000000e+02
1.110000000000000000e+02
1.130000000000000000e+02
1.150000000000000000e+02
1.170000000000000000e+02
1.190000000000000000e+02
1.210000000000000000e+02
1.230000000000000000e+02
1.260000000000000000e+02
1.280000000000000000e+02
1.370000000000000000e+02
1.390000000000000000e+02
1.420000000000000000e+02
1.430000000000000000e+02
1.440000000000000000e+02
1.450000000000000000e+02
1.590000000000000000e+02
1.620000000000000000e+02
1.630000000000000000e+02
1.640000000000000000e+02
1.670000000000000000e+02
1.730000000000000000e+02
1.740000000000000000e+02
1.780000000000000000e+02
1.870000000000000000e+02
1.930000000000000000e+02
1.950000000000000000e+02
1.970000000000000000e+02
1.990000000000000000e+02
2.040000000000000000e+02
2.060000000000000000e+02
2.100000000000000000e+02
2.110000000000000000e+02
2.190000000000000000e+02
2.220000000000000000e+02
2.260000000000000000e+02
2.270000000000000000e+02
2.280000000000000000e+02
2.320000000000000000e+02
2.350000000000000000e+02
2.380000000000000000e+02
2.440000000000000000e+02
2.470000000000000000e+02
2.500000000000000000e+02
2.510000000000000000e+02
2.560000000000000000e+02
2.570000000000000000e+02
2.720000000000000000e+02
2.730000000000000000e+02
2.750000000000000000e+02
2.760000000000000000e+02
2.770000000000000000e+02
2.800000000000000000e+02
2.930000000000000000e+02
2.960000000000000000e+02
3.000000000000000000e+02
3.010000000000000000e+02
3.050000000000000000e+02
3.080000000000000000e+02
3.090000000000000000e+02
3.110000000000000000e+02
3.150000000000000000e+02
3.190000000000000000e+02
3.210000000000000000e+02
3.250000000000000000e+02
3.290000000000000000e+02
3.300000000000000000e+02
3.310000000000000000e+02
3.330000000000000000e+02
3.360000000000000000e+02
3.380000000000000000e+02
3.400000000000000000e+02
3.420000000000000000e+02
3.430000000000000000e+02
3.450000000000000000e+02
3.510000000000000000e+02
3.550000000000000000e+02
3.560000000000000000e+02
3.580000000000000000e+02
3.610000000000000000e+02
3.620000000000000000e+02
3.660000000000000000e+02
3.700000000000000000e+02
3.750000000000000000e+02
3.760000000000000000e+02
3.800000000000000000e+02
3.820000000000000000e+02
3.830000000000000000e+02
3.930000000000000000e+02
3.970000000000000000e+02
3.980000000000000000e+02
3.990000000000000000e+02
4.110000000000000000e+02
4.160000000000000000e+02
4.170000000000000000e+02
4.200000000000000000e+02
4.220000000000000000e+02
4.230000000000000000e+02
4.250000000000000000e+02
4.260000000000000000e+02
4.330000000000000000e+02
4.390000000000000000e+02
4.450000000000000000e+02
4.510000000000000000e+02
4.530000000000000000e+02
4.550000000000000000e+02
4.560000000000000000e+02
4.570000000000000000e+02
4.590000000000000000e+02
4.610000000000000000e+02
4.650000000000000000e+02
4.680000000000000000e+02
4.720000000000000000e+02
4.820000000000000000e+02
4.860000000000000000e+02
4.870000000000000000e+02
4.890000000000000000e+02
4.970000000000000000e+02
4.980000000000000000e+02
4.990000000000000000e+02
5.000000000000000000e+02
5.020000000000000000e+02
5.050000000000000000e+02
5.080000000000000000e+02
5.090000000000000000e+02
5.160000000000000000e+02
5.170000000000000000e+02
5.200000000000000000e+02
5.220000000000000000e+02
5.230000000000000000e+02
5.240000000000000000e+02
5.260000000000000000e+02
5.270000000000000000e+02
5.290000000000000000e+02
5.370000000000000000e+02
5.390000000000000000e+02
5.420000000000000000e+02
5.550000000000000000e+02
5.600000000000000000e+02
5.630000000000000000e+02
5.700000000000000000e+02
5.710000000000000000e+02
5.730000000000000000e+02
5.750000000000000000e+02
5.760000000000000000e+02
5.790000000000000000e+02
5.880000000000000000e+02
5.890000000000000000e+02
5.920000000000000000e+02
5.930000000000000000e+02
5.960000000000000000e+02
5.970000000000000000e+02
6.000000000000000000e+02
6.020000000000000000e+02
6.040000000000000000e+02
6.080000000000000000e+02
6.090000000000000000e+02
6.110000000000000000e+02
6.170000000000000000e+02
6.220000000000000000e+02
6.270000000000000000e+02
6.290000000000000000e+02
6.330000000000000000e+02
6.360000000000000000e+02
6.370000000000000000e+02
6.400000000000000000e+02
6.420000000000000000e+02
6.430000000000000000e+02
6.440000000000000000e+02
6.480000000000000000e+02
6.530000000000000000e+02
6.540000000000000000e+02
6.600000000000000000e+02
6.690000000000000000e+02
6.720000000000000000e+02
6.740000000000000000e+02
6.750000000000000000e+02
6.780000000000000000e+02
6.790000000000000000e+02
6.820000000000000000e+02
6.860000000000000000e+02
6.930000000000000000e+02
6.940000000000000000e+02
6.990000000000000000e+02
7.000000000000000000e+02
7.010000000000000000e+02
7.030000000000000000e+02
7.060000000000000000e+02
7.170000000000000000e+02
7.180000000000000000e+02
7.190000000000000000e+02
7.200000000000000000e+02
7.210000000000000000e+02
7.250000000000000000e+02
7.280000000000000000e+02
7.370000000000000000e+02
7.390000000000000000e+02
7.430000000000000000e+02
7.460000000000000000e+02
7.480000000000000000e+02
7.530000000000000000e+02
7.540000000000000000e+02
7.550000000000000000e+02
7.590000000000000000e+02
7.640000000000000000e+02
7.660000000000000000e+02
7.670000000000000000e+02
7.690000000000000000e+02
7.710000000000000000e+02
7.730000000000000000e+02
7.740000000000000000e+02
7.770000000000000000e+02
7.800000000000000000e+02
7.850000000000000000e+02
7.870000000000000000e+02
7.890000000000000000e+02
7.970000000000000000e+02
8.090000000000000000e+02
8.140000000000000000e+02
8.160000000000000000e+02
8.230000000000000000e+02
8.240000000000000000e+02
8.260000000000000000e+02
8.270000000000000000e+02
8.280000000000000000e+02
8.350000000000000000e+02
8.390000000000000000e+02
8.420000000000000000e+02
8.440000000000000000e+02
8.450000000000000000e+02
8.490000000000000000e+02
8.530000000000000000e+02
8.560000000000000000e+02
8.580000000000000000e+02
8.620000000000000000e+02
8.640000000000000000e+02
8.750000000000000000e+02
8.760000000000000000e+02
8.890000000000000000e+02
8.930000000000000000e+02
8.960000000000000000e+02
9.000000000000000000e+02
9.020000000000000000e+02
9.030000000000000000e+02
9.040000000000000000e+02
9.060000000000000000e+02
9.170000000000000000e+02
9.180000000000000000e+02
9.260000000000000000e+02
9.290000000000000000e+02
9.300000000000000000e+02
9.340000000000000000e+02
9.360000000000000000e+02
9.370000000000000000e+02
9.390000000000000000e+02
9.420000000000000000e+02
9.430000000000000000e+02
9.440000000000000000e+02
9.480000000000000000e+02
9.500000000000000000e+02
9.600000000000000000e+02
9.620000000000000000e+02
9.640000000000000000e+02
9.660000000000000000e+02
9.680000000000000000e+02
9.760000000000000000e+02
9.770000000000000000e+02
9.800000000000000000e+02
9.820000000000000000e+02
9.840000000000000000e+02
9.930000000000000000e+02
9.960000000000000000e+02
9.990000000000000000e+02
