# 211 12 223
6
7
10
13
17
18
28
30
34
42
44
48
51
71
73
76
82
83
85
86
88
93
111
113
115
116
125
126
131
133
136
143
146
152
153
163
164
169
172
176
179
191
192
194
198
200
201
203
214
223
226
228
232
234
235
237
241
244
245
247
248
259
269
277
281
282
287
288
289
299
305
308
309
317
318
325
330
338
350
352
356
384
385
388
392
395
400
409
412
414
423
426
437
444
446
449
451
459
460
461
463
464
480
489
498
500
503
506
507
515
517
533
538
540
547
549
550
555
556
561
565
573
578
580
581
582
591
594
597
602
606
607
611
615
620
623
628
632
642
646
650
661
665
671
677
682
686
700
712
717
728
730
732
737
739
748
751
762
766
772
779
784
786
790
794
796
799
809
817
821
823
824
832
836
841
845
849
858
860
865
869
878
880
896
897
900
904
911
916
917
918
926
928
930
933
939
941
945
946
949
951
958
959
962
967
974
978
981
988
990
999
