# 167 13 648
29
41
43
46
49
53
55
61
65
72
80
89
97
107
122
135
141
162
165
184
189
190
196
210
224
225
236
251
253
260
265
272
274
275
279
284
293
294
296
298
300
306
313
314
316
323
329
335
337
340
343
345
347
351
353
355
360
361
364
374
375
386
390
391
393
405
419
431
432
433
435
438
440
450
456
457
466
482
484
491
496
513
514
518
520
521
523
529
535
546
554
564
567
571
572
574
587
593
612
617
622
625
626
630
639
640
648
655
659
662
670
676
683
684
702
704
711
720
721
729
734
735
743
749
752
759
767
770
783
802
804
820
827
831
835
842
848
854
868
874
875
877
885
886
888
892
893
894
899
907
908
912
919
929
942
953
955
964
966
969
975
976
980
984
994
995
997
