# 266 12 67
6
7
10
13
17
18
28
30
34
42
44
48
51
67
71
73
76
82
83
84
85
86
88
93
98
108
111
113
115
116
125
126
131
132
133
136
143
146
151
152
153
163
164
166
167
169
172
176
179
188
191
192
194
195
198
199
200
201
203
205
208
214
223
226
228
232
234
235
237
241
244
245
247
248
259
263
269
270
277
281
282
287
288
289
295
299
303
305
307
308
309
317
318
320
325
330
336
338
350
352
356
359
365
368
384
385
388
392
395
398
400
409
412
414
423
426
428
437
444
446
448
449
451
459
460
461
463
464
468
477
480
489
497
498
500
501
503
506
507
512
515
517
533
538
540
547
549
550
555
556
561
565
573
578
580
581
582
585
591
594
597
602
606
607
611
615
620
623
628
632
642
646
647
650
652
661
665
666
671
677
679
682
686
691
695
700
703
712
713
717
728
730
732
737
739
748
750
751
758
760
762
766
772
774
779
784
786
789
790
792
793
794
796
799
809
810
817
821
823
824
832
836
841
845
849
853
858
860
865
869
878
880
896
897
900
904
911
913
914
916
917
918
926
928
930
933
934
939
941
945
946
949
951
958
959
962
967
973
974
978
981
988
990
993
996
999
