# 237 13 595
9
11
15
29
38
41
43
46
49
53
54
55
61
65
66
72
80
89
97
102
104
106
107
112
122
130
134
135
137
139
141
161
162
165
170
184
189
190
196
197
207
210
218
222
224
225
236
240
251
253
260
265
272
274
275
279
284
293
294
296
298
300
302
306
312
313
314
316
319
323
329
332
335
337
340
343
345
347
348
351
353
355
360
361
364
374
375
379
386
390
391
393
397
402
404
405
410
419
431
432
433
435
438
440
443
450
456
457
462
466
482
484
488
491
493
496
505
513
514
518
520
521
523
529
530
535
546
554
564
567
571
572
574
587
593
595
598
612
616
617
618
622
625
626
630
636
639
640
641
643
648
653
655
659
662
664
669
670
676
683
684
693
702
704
707
711
720
721
729
734
735
743
749
752
756
759
767
768
770
783
802
804
813
818
820
822
827
831
835
839
840
842
843
848
851
854
868
873
874
875
877
885
886
888
892
893
894
899
901
902
907
908
912
919
921
925
929
935
942
943
953
955
957
961
964
966
968
969
970
975
976
977
980
984
994
995
997
