# 166 11 528
16
22
23
24
25
37
39
45
52
56
59
62
63
78
91
94
99
103
110
117
119
124
128
149
150
154
160
168
181
182
183
186
206
209
211
213
216
229
233
242
252
262
267
276
278
285
286
297
315
324
327
334
357
363
366
370
372
377
381
382
394
396
401
403
407
415
445
447
453
454
458
474
476
481
490
499
502
504
519
522
527
528
531
537
539
541
542
544
548
551
552
553
557
560
563
584
589
590
599
605
609
613
614
629
634
644
645
649
656
660
668
672
688
689
694
705
706
709
715
725
733
736
740
742
745
746
757
763
769
780
791
797
798
800
806
807
812
814
819
830
833
844
847
852
857
859
863
883
887
889
895
903
909
910
923
927
931
936
937
938
944
971
979
982
991
998
