# 160 14 221
1
3
4
5
19
21
26
27
31
35
57
68
79
92
95
96
100
105
118
121
123
129
138
142
144
145
155
156
158
159
171
175
185
202
204
219
221
227
243
246
249
254
255
256
257
261
264
268
280
283
290
292
301
310
311
321
322
326
328
331
339
341
367
373
378
380
383
399
406
413
416
417
418
421
427
430
439
452
467
473
475
478
479
483
485
487
492
510
511
516
524
536
569
570
576
577
583
586
592
596
600
601
610
619
621
624
627
633
638
657
658
674
675
678
687
690
692
698
701
714
719
727
741
744
753
754
761
764
771
776
778
782
785
787
788
795
828
834
838
856
861
862
864
866
872
876
879
882
905
915
932
940
948
950
954
963
983
986
987
989
