# 213 12 456
10
14
20
22
24
26
27
28
29
30
32
34
50
60
62
73
80
81
85
87
90
91
94
98
99
105
106
108
109
113
124
131
135
136
138
149
150
167
195
198
203
206
209
212
215
226
227
230
233
235
237
244
249
251
252
253
255
259
260
263
280
285
293
294
303
304
309
310
314
322
325
330
332
334
336
339
341
342
345
347
352
365
367
383
389
399
400
411
418
420
425
429
431
438
439
440
444
445
456
462
465
472
477
478
483
486
487
493
495
500
502
503
505
517
527
528
529
533
540
542
543
549
560
562
566
570
572
574
578
587
590
596
603
616
619
626
636
642
645
649
651
652
660
662
671
678
690
691
694
697
701
707
723
724
725
726
733
750
752
757
758
762
763
767
768
774
778
783
786
791
796
801
802
805
807
813
822
827
830
836
843
848
854
860
865
867
869
870
874
876
881
882
883
884
888
890
912
921
922
927
933
940
943
947
965
966
971
974
975
976
983
987
989
