# 183 13 267
1
2
5
6
8
9
35
36
40
43
47
52
68
74
76
77
79
82
92
95
107
118
128
129
137
143
148
151
154
155
161
164
165
169
173
181
186
197
204
207
211
220
228
234
238
245
246
258
262
267
268
269
277
282
287
288
292
300
301
305
313
316
333
340
348
353
361
362
363
366
368
369
379
380
386
391
393
414
417
426
442
449
453
464
466
468
473
482
488
490
494
501
506
508
509
515
520
522
524
531
545
557
571
573
576
579
580
582
585
589
592
593
595
599
602
606
614
621
623
624
630
631
644
653
659
664
672
675
680
681
682
686
709
710
712
713
718
728
732
734
742
746
755
772
776
779
790
793
800
808
811
815
818
820
839
872
873
875
887
889
893
895
896
898
905
915
916
919
924
935
938
939
957
958
962
969
972
973
979
980
981
986
996
