# 272 12 0
0
4
10
14
20
22
24
26
27
28
29
30
32
34
50
53
58
59
60
62
67
73
80
81
85
87
90
91
94
98
99
105
106
108
109
113
123
124
131
135
136
138
149
150
156
158
162
167
168
189
195
198
203
206
209
212
214
215
226
227
230
233
235
237
239
244
249
251
252
253
255
259
260
263
279
280
285
290
293
294
298
303
304
309
310
314
318
322
325
330
332
334
335
336
339
341
342
345
346
347
352
359
365
367
370
374
383
389
398
399
400
402
407
411
412
418
420
425
429
431
438
439
440
444
445
446
456
461
462
465
472
477
478
483
485
486
487
493
495
496
500
502
503
505
512
516
517
525
527
528
529
533
540
541
542
543
549
560
562
566
570
572
574
578
586
587
590
596
600
603
616
619
626
636
642
645
646
649
651
652
660
662
671
673
678
683
690
691
694
697
701
703
707
723
724
725
726
729
733
735
750
752
754
757
758
762
763
767
768
774
778
783
786
789
791
796
801
802
805
807
813
822
824
827
828
830
836
843
848
854
857
860
865
867
869
870
874
876
878
880
881
882
883
884
885
888
890
904
912
920
921
922
927
933
936
940
943
946
947
948
965
966
971
974
975
976
977
983
987
989
990
994
