# 231 13 982
1
2
5
6
8
9
21
23
35
36
40
43
46
47
48
52
68
74
76
77
79
82
83
92
95
102
104
107
118
127
128
129
130
137
143
144
148
151
154
155
161
164
165
166
169
173
179
181
184
186
196
197
204
207
211
220
221
228
234
238
243
245
246
258
262
267
268
269
277
282
286
287
288
292
297
300
301
305
313
316
326
333
340
348
353
355
358
361
362
363
366
368
369
378
379
380
386
391
393
410
414
417
424
426
442
449
453
464
466
468
471
473
480
482
488
490
494
501
506
508
509
515
520
522
524
531
534
545
557
561
563
564
571
573
576
579
580
582
583
585
589
592
593
595
599
601
602
606
614
621
623
624
628
630
631
637
644
653
659
664
670
672
675
679
680
681
682
686
705
709
710
712
713
717
718
728
732
734
742
746
755
770
772
776
779
790
793
800
806
808
809
811
815
818
820
839
849
872
873
875
887
889
893
894
895
896
898
901
905
915
916
919
924
931
935
938
939
957
958
959
962
969
972
973
979
980
981
982
986
992
996
