# 174 14 199
17
18
31
37
44
49
55
61
63
64
69
71
72
84
86
93
100
114
117
119
121
133
134
140
141
142
145
153
170
171
172
177
180
182
190
193
194
199
201
210
224
225
236
240
241
247
254
256
264
272
274
275
278
281
284
295
302
307
312
319
328
344
351
356
373
390
392
395
397
406
408
415
421
428
430
432
434
443
451
454
459
460
463
467
469
474
497
499
504
521
526
532
546
556
567
568
575
577
584
588
594
611
613
615
620
627
638
640
647
655
657
658
661
666
688
689
696
699
706
721
727
730
731
736
744
751
756
761
764
765
771
773
784
797
799
803
812
816
823
829
838
845
851
852
856
858
863
866
877
879
886
902
910
923
925
934
937
942
944
945
949
951
952
953
954
960
964
967
970
978
984
993
995
998
