# 165 11 324
11
13
16
19
25
33
38
39
41
45
51
65
66
70
75
89
96
97
101
103
111
112
116
120
125
126
132
159
163
176
183
188
192
213
217
218
219
231
242
248
250
261
265
291
296
311
317
323
324
327
329
331
343
349
350
354
360
364
372
376
382
385
387
401
403
404
405
409
413
416
419
422
427
433
437
447
450
457
470
479
492
498
507
510
511
514
518
523
537
538
539
547
548
550
553
554
555
559
565
591
597
604
607
608
612
617
629
633
639
641
643
654
656
663
665
667
668
674
676
684
695
704
708
714
715
716
719
738
739
740
745
748
760
766
775
798
810
817
821
826
831
833
841
853
859
862
864
868
897
899
903
911
917
918
929
930
932
941
950
961
963
968
985
988
999
