# 149 12 697
10
14
22
27
29
30
50
60
62
73
81
87
90
91
94
98
99
105
106
108
109
113
131
138
149
150
167
195
198
209
212
226
227
230
233
235
237
244
249
252
253
255
260
263
280
285
294
304
309
310
314
322
325
330
332
336
339
341
345
365
383
389
400
418
420
425
429
431
438
444
472
477
478
483
486
487
493
495
500
502
503
505
517
527
528
529
560
562
566
572
574
578
590
596
603
616
619
626
651
660
662
671
691
694
697
701
723
724
725
726
733
750
757
758
762
767
768
778
783
786
801
805
807
822
827
830
836
843
848
860
867
869
870
876
882
884
890
921
922
927
943
947
965
966
971
974
975
983
987
