# 209 12 486
2
3
6
7
16
22
23
24
29
35
42
48
53
59
64
67
69
86
88
95
101
102
110
116
122
124
128
138
140
146
152
159
164
166
167
172
175
180
185
193
197
204
212
213
214
217
220
222
223
227
230
231
235
241
244
245
255
258
260
261
262
270
275
284
286
290
292
294
295
303
309
336
338
340
344
346
350
352
356
360
364
366
372
376
377
380
387
396
397
400
410
415
417
436
441
444
450
456
466
467
470
471
475
486
487
488
493
494
495
498
499
504
517
527
531
537
539
545
546
551
555
576
584
587
589
603
615
620
624
635
637
648
656
661
665
666
668
671
674
677
679
682
689
692
696
698
705
725
728
736
738
739
742
747
748
756
760
765
768
769
774
779
780
785
787
788
792
795
799
800
801
806
816
818
819
820
821
835
838
846
847
856
862
868
873
874
876
884
894
897
898
899
901
906
908
914
917
928
929
938
945
950
952
957
970
976
981
984
994
