# 201 13 181
10
13
14
15
20
28
30
33
34
36
41
43
49
55
58
61
62
66
73
79
81
84
87
94
106
108
123
127
129
133
147
156
157
158
170
174
176
181
182
183
186
188
190
191
194
198
205
219
225
226
237
240
246
249
250
252
253
254
257
264
265
278
279
287
297
300
304
305
314
324
327
349
351
353
367
369
371
373
375
382
398
404
411
413
416
419
420
425
427
440
443
449
454
455
458
459
464
481
484
485
496
497
503
506
511
520
534
540
543
547
549
553
556
562
564
566
567
569
575
578
581
582
583
595
596
601
606
607
608
609
617
621
622
630
640
644
647
650
651
657
658
663
667
680
683
685
702
703
704
713
723
727
730
735
749
752
757
770
771
776
790
793
813
815
817
822
823
828
837
842
844
845
851
861
871
878
882
883
885
889
892
907
911
923
926
930
937
942
947
960
961
963
968
969
979
980
982
990
991
996
999
