# 270 12 486
2
3
6
7
16
17
22
23
24
25
29
35
40
42
46
48
53
59
64
65
67
69
74
86
88
95
96
101
102
107
110
116
118
122
124
125
128
138
139
140
146
149
152
153
159
162
164
166
167
172
175
180
185
193
197
199
200
202
203
204
212
213
214
215
217
218
220
222
223
224
227
228
230
231
235
239
241
244
245
255
258
260
261
262
270
275
284
286
288
289
290
292
294
295
303
309
331
333
336
338
340
344
346
350
352
356
360
362
364
366
372
376
377
380
387
388
396
397
400
406
409
410
415
417
422
436
441
444
450
456
461
465
466
467
470
471
475
486
487
488
489
493
494
495
498
499
502
504
517
526
527
530
531
537
539
541
545
546
551
552
555
563
576
584
587
589
592
603
615
620
623
624
635
637
642
645
648
654
656
661
665
666
668
671
674
677
679
682
684
689
690
692
696
698
705
710
722
725
728
736
738
739
742
747
748
753
756
760
765
768
769
774
778
779
780
785
787
788
791
792
795
798
799
800
801
802
806
816
818
819
820
821
830
835
838
846
847
852
856
862
868
873
874
876
880
884
888
894
897
898
899
901
906
908
914
917
928
929
938
944
945
950
952
957
970
976
981
984
989
994
