# 262 13 68
5
10
13
14
15
20
28
30
33
34
36
41
43
45
49
52
55
56
58
61
62
63
66
68
73
79
81
84
87
90
94
106
108
123
126
127
129
133
134
147
151
156
157
158
169
170
171
174
176
178
181
182
183
186
188
190
191
194
196
198
205
207
219
225
226
237
240
246
249
250
252
253
254
257
264
265
278
279
287
296
297
300
304
305
314
324
327
347
349
351
353
358
367
369
371
373
375
382
385
390
398
404
411
413
414
416
419
420
425
427
430
440
443
445
447
449
451
454
455
458
459
462
464
469
473
481
484
485
496
497
503
506
508
511
520
522
524
534
540
543
547
549
550
553
556
559
562
564
566
567
569
572
575
578
581
582
583
586
590
595
596
601
606
607
608
609
617
621
622
627
630
640
644
647
650
651
657
658
659
663
667
680
683
685
687
693
700
701
702
703
704
713
723
726
727
730
735
749
750
751
752
757
770
771
773
776
790
793
813
815
817
822
823
828
837
841
842
844
845
851
855
861
863
864
867
870
871
878
882
883
885
889
892
896
907
911
915
923
926
930
933
936
937
942
947
959
960
961
963
964
966
968
969
973
978
979
980
982
990
991
996
999
