# 175 11 386
0
8
18
21
32
37
39
47
50
51
54
57
75
78
82
83
85
105
109
111
115
117
120
135
136
141
148
150
154
161
177
187
189
192
206
208
209
210
216
229
236
242
243
251
256
263
268
272
281
282
283
285
298
301
302
310
315
321
325
334
335
337
342
363
370
378
381
386
394
401
405
408
418
423
431
438
442
460
463
468
474
477
478
483
490
505
507
513
514
519
529
535
544
561
574
579
580
588
591
604
611
613
614
625
636
639
643
646
652
653
660
662
664
669
675
676
678
681
686
691
695
706
707
711
712
715
717
718
719
721
729
732
734
737
745
759
761
764
767
784
805
808
810
812
826
829
831
836
839
854
859
860
869
872
877
879
881
886
887
890
893
912
919
922
927
932
946
954
955
956
965
971
974
975
997
