# 146 14 518
1
4
12
19
26
44
60
70
77
91
92
98
112
113
114
119
130
144
155
163
173
179
201
234
238
247
248
266
267
269
273
277
293
306
311
312
318
320
322
323
328
329
341
343
345
348
355
357
361
365
379
383
384
391
392
393
395
402
403
407
437
448
457
476
479
491
501
509
510
515
516
518
521
528
533
536
538
557
558
560
568
570
593
594
597
598
599
600
605
612
616
618
619
628
629
634
641
649
672
673
699
709
714
716
724
731
740
744
746
755
758
762
763
775
777
781
782
783
794
803
804
814
825
843
848
849
865
875
891
900
902
909
910
913
921
925
931
939
943
948
949
951
958
972
985
995
