# 133 13 556
10
13
30
33
34
36
41
43
49
55
58
61
73
79
81
84
94
106
108
123
129
133
147
170
176
182
183
191
194
205
219
225
240
249
250
252
253
254
264
265
278
279
287
300
305
314
324
327
349
351
353
367
371
375
382
398
413
420
425
440
449
455
458
464
481
485
496
497
503
506
511
520
534
549
553
556
562
564
566
567
575
578
581
582
583
595
596
601
607
608
609
622
630
644
647
650
658
685
704
713
723
727
730
735
749
752
770
771
790
793
822
837
842
844
861
871
878
882
883
885
892
907
911
923
937
942
947
960
961
963
969
979
982
