# 198 12 358
1
3
6
18
21
22
24
25
31
43
49
50
55
71
73
75
88
89
98
100
106
107
109
114
117
123
126
134
139
151
160
166
172
179
188
198
199
201
206
208
218
222
227
228
229
233
236
241
246
247
248
250
257
262
266
271
288
291
299
305
308
316
319
325
334
342
343
358
364
367
370
379
386
389
393
394
397
399
400
404
408
409
438
444
446
448
453
459
465
472
473
476
477
486
487
492
497
504
510
516
526
547
550
551
552
553
556
557
562
566
568
573
579
582
583
584
597
598
604
606
607
612
622
626
627
633
634
656
659
666
668
669
671
678
680
681
685
689
691
710
715
722
723
725
730
738
740
754
755
758
761
763
764
768
769
772
781
782
783
787
789
793
798
805
808
809
815
818
819
821
826
827
833
834
840
848
856
858
861
864
871
874
876
879
886
899
901
912
918
925
930
938
945
950
951
985
986
990
