# 193 13 30
0
2
4
5
9
10
15
16
30
33
42
48
52
54
57
60
65
66
70
76
78
79
80
81
97
99
101
102
105
111
112
121
122
127
128
130
131
132
137
144
153
156
163
169
171
176
181
182
189
193
194
211
214
221
237
238
244
249
251
267
275
278
286
290
300
306
309
310
312
315
317
322
323
328
340
346
351
353
357
361
362
366
383
387
392
405
406
410
420
421
423
467
471
474
475
478
484
495
496
499
501
505
507
509
517
518
525
537
538
539
540
542
558
560
565
567
580
590
596
613
617
621
623
625
629
635
644
646
647
651
660
662
667
686
688
692
698
700
701
704
713
714
718
721
724
739
745
746
747
756
757
770
778
784
790
791
797
811
817
824
828
829
835
838
854
859
860
862
863
877
878
883
894
904
909
915
935
941
944
952
954
956
958
959
966
968
974
978
981
983
989
991
996
