# 156 12 787
1
6
18
21
22
24
31
49
50
55
71
73
75
88
89
98
100
106
107
109
114
117
123
139
151
160
166
172
179
188
198
199
201
218
222
227
228
229
233
236
241
246
247
250
257
271
288
291
299
305
308
319
325
334
343
358
370
379
386
389
393
394
397
399
400
404
408
409
438
444
446
448
453
459
465
473
477
487
492
504
516
526
550
551
552
556
557
562
566
568
573
579
582
583
584
597
598
606
607
612
626
634
659
666
668
671
678
680
681
685
691
710
715
722
723
725
730
738
740
754
758
761
764
769
772
781
782
787
789
793
798
805
809
815
818
821
827
833
834
840
848
856
858
864
871
874
879
899
912
918
925
930
938
945
950
951
