# 150 13 181
0
4
5
9
10
16
33
42
48
52
65
66
70
76
78
79
80
81
97
99
101
102
105
111
112
121
122
127
128
130
131
132
144
169
171
176
181
182
189
193
194
214
221
237
238
244
249
267
275
278
286
290
300
306
309
310
312
315
317
323
346
362
366
383
387
392
406
410
420
421
423
467
471
474
475
478
484
495
496
499
501
505
507
509
517
518
538
539
540
542
558
560
565
567
590
596
613
617
623
625
629
635
644
646
647
660
662
686
688
692
698
700
701
704
713
714
718
721
724
739
747
756
757
770
778
784
790
797
811
824
829
835
854
859
860
862
863
877
883
909
915
941
944
952
958
966
968
981
983
996
