# 276 12 143
1
3
6
18
21
22
24
25
27
31
36
43
49
50
55
56
62
71
73
75
84
88
89
96
98
100
106
107
109
110
114
116
117
118
123
126
134
135
139
141
143
151
160
166
172
179
183
184
186
188
198
199
201
206
208
218
222
224
227
228
229
233
236
241
246
247
248
250
255
257
258
262
266
271
273
274
279
281
288
291
292
293
299
305
307
308
314
316
319
325
330
334
341
342
343
345
349
350
358
359
364
367
370
379
382
386
389
393
394
396
397
398
399
400
404
408
409
413
418
433
438
439
444
446
448
450
453
454
455
459
465
472
473
476
477
486
487
492
497
498
504
510
516
526
531
534
536
547
550
551
552
553
556
557
562
566
568
573
579
582
583
584
592
593
597
598
604
606
607
608
611
612
615
622
626
627
633
634
641
643
649
656
659
666
668
669
671
678
680
681
685
689
691
693
710
715
722
723
725
730
731
735
737
738
740
749
754
755
758
761
763
764
766
768
769
772
781
782
783
787
788
789
793
798
805
808
809
815
818
819
821
823
826
827
833
834
840
842
846
848
856
858
861
864
865
871
872
874
876
879
880
886
890
895
899
901
902
903
911
912
918
920
925
929
930
938
945
950
951
962
967
970
985
986
990
997
