# 247 13 40
0
2
4
5
9
10
15
16
30
33
40
42
46
48
52
54
57
60
65
66
70
74
76
78
79
80
81
82
86
93
97
99
101
102
105
111
112
119
121
122
127
128
130
131
132
137
144
153
154
155
156
158
163
169
171
176
180
181
182
185
189
193
194
205
211
214
221
235
237
238
244
245
249
251
252
267
275
278
286
290
296
300
301
306
309
310
312
315
317
322
323
328
337
340
346
347
348
351
353
357
361
362
366
368
376
383
387
390
392
405
406
407
410
411
420
421
423
427
442
467
471
474
475
478
484
490
495
496
499
501
505
507
509
512
517
518
519
525
537
538
539
540
542
544
558
560
565
567
571
580
590
596
613
617
619
621
623
625
629
630
631
635
644
646
647
651
660
661
662
667
676
677
683
686
688
692
698
700
701
703
704
712
713
714
718
720
721
724
733
739
745
746
747
756
757
762
770
778
784
786
790
791
797
811
812
813
817
824
828
829
835
838
841
849
854
859
860
862
863
877
878
883
894
904
909
910
915
924
935
941
943
944
952
954
956
958
959
966
968
972
974
978
981
983
989
991
996
