# 179 11 837
7
8
11
13
29
35
44
51
58
61
63
67
72
83
92
103
129
136
149
150
152
168
174
178
190
192
209
212
213
219
220
240
256
261
263
265
270
276
277
283
287
294
295
298
302
303
304
311
313
320
321
333
336
339
354
356
363
374
378
381
391
395
412
414
419
424
425
430
431
435
440
443
447
451
452
463
464
466
468
469
470
482
485
488
500
511
513
520
524
527
528
530
533
541
545
559
561
563
564
574
602
603
618
624
628
632
636
638
639
645
648
650
655
658
665
670
672
675
679
695
696
699
707
719
726
729
732
736
748
753
759
760
765
775
777
780
785
794
795
803
804
806
816
820
830
832
836
837
839
843
847
853
870
873
885
896
900
907
908
914
916
921
922
927
928
931
932
936
948
955
957
961
977
980
982
988
992
998
999
