# 155 14 521
12
19
20
26
34
38
39
45
47
59
64
69
77
85
91
113
124
145
147
148
157
161
162
165
167
170
191
195
196
202
203
207
230
231
232
239
242
254
268
269
282
285
297
318
326
331
338
352
360
365
369
371
375
385
401
402
403
416
417
426
428
429
432
434
436
457
480
483
489
493
494
502
515
521
523
532
535
543
546
548
549
554
555
569
570
575
576
577
581
587
589
601
605
620
637
652
657
663
664
674
682
684
694
708
711
717
727
728
742
743
752
767
773
776
779
796
799
801
802
807
814
831
844
845
852
855
857
867
875
882
884
887
892
893
897
898
906
913
919
933
934
940
942
946
947
949
953
960
964
965
973
975
979
987
993
