# 427 _-1-1-1-1
3.000000000000000000e+00
4.000000000000000000e+00
9.000000000000000000e+00
2.600000000000000000e+01
5.500000000000000000e+01
6.400000000000000000e+01
6.500000000000000000e+01
6.700000000000000000e+01
7.100000000000000000e+01
7.200000000000000000e+01
7.400000000000000000e+01
7.800000000000000000e+01
7.900000000000000000e+01
9.000000000000000000e+01
9.800000000000000000e+01
1.070000000000000000e+02
1.090000000000000000e+02
1.130000000000000000e+02
1.170000000000000000e+02
1.230000000000000000e+02
1.300000000000000000e+02
1.310000000000000000e+02
1.340000000000000000e+02
1.380000000000000000e+02
1.400000000000000000e+02
1.430000000000000000e+02
1.450000000000000000e+02
1.470000000000000000e+02
1.480000000000000000e+02
1.530000000000000000e+02
1.570000000000000000e+02
1.590000000000000000e+02
1.610000000000000000e+02
1.660000000000000000e+02
1.670000000000000000e+02
1.720000000000000000e+02
1.740000000000000000e+02
1.780000000000000000e+02
1.820000000000000000e+02
1.880000000000000000e+02
1.910000000000000000e+02
1.920000000000000000e+02
1.930000000000000000e+02
1.940000000000000000e+02
1.970000000000000000e+02
2.030000000000000000e+02
2.040000000000000000e+02
2.100000000000000000e+02
2.110000000000000000e+02
2.150000000000000000e+02
2.230000000000000000e+02
2.250000000000000000e+02
2.320000000000000000e+02
2.350000000000000000e+02
2.380000000000000000e+02
2.470000000000000000e+02
2.560000000000000000e+02
2.590000000000000000e+02
2.650000000000000000e+02
2.660000000000000000e+02
2.730000000000000000e+02
2.820000000000000000e+02
2.860000000000000000e+02
2.870000000000000000e+02
2.890000000000000000e+02
2.980000000000000000e+02
3.060000000000000000e+02
3.110000000000000000e+02
3.120000000000000000e+02
3.130000000000000000e+02
3.170000000000000000e+02
3.190000000000000000e+02
3.240000000000000000e+02
3.250000000000000000e+02
3.260000000000000000e+02
3.370000000000000000e+02
3.390000000000000000e+02
3.430000000000000000e+02
3.460000000000000000e+02
3.470000000000000000e+02
3.500000000000000000e+02
3.550000000000000000e+02
3.650000000000000000e+02
3.660000000000000000e+02
3.680000000000000000e+02
3.710000000000000000e+02
3.720000000000000000e+02
3.750000000000000000e+02
3.770000000000000000e+02
3.820000000000000000e+02
3.870000000000000000e+02
3.920000000000000000e+02
3.990000000000000000e+02
4.150000000000000000e+02
4.200000000000000000e+02
4.250000000000000000e+02
4.270000000000000000e+02
4.290000000000000000e+02
4.330000000000000000e+02
4.340000000000000000e+02
4.460000000000000000e+02
4.510000000000000000e+02
4.520000000000000000e+02
4.540000000000000000e+02
4.560000000000000000e+02
4.620000000000000000e+02
4.630000000000000000e+02
4.660000000000000000e+02
4.850000000000000000e+02
4.870000000000000000e+02
4.900000000000000000e+02
4.980000000000000000e+02
4.990000000000000000e+02
5.030000000000000000e+02
5.050000000000000000e+02
5.070000000000000000e+02
5.180000000000000000e+02
5.200000000000000000e+02
5.380000000000000000e+02
5.470000000000000000e+02
5.500000000000000000e+02
5.590000000000000000e+02
5.600000000000000000e+02
5.610000000000000000e+02
5.630000000000000000e+02
5.660000000000000000e+02
5.680000000000000000e+02
5.700000000000000000e+02
5.780000000000000000e+02
5.880000000000000000e+02
5.940000000000000000e+02
5.960000000000000000e+02
6.030000000000000000e+02
6.180000000000000000e+02
6.210000000000000000e+02
6.290000000000000000e+02
6.310000000000000000e+02
6.390000000000000000e+02
6.420000000000000000e+02
6.490000000000000000e+02
6.550000000000000000e+02
6.620000000000000000e+02
6.630000000000000000e+02
6.650000000000000000e+02
6.680000000000000000e+02
6.730000000000000000e+02
6.760000000000000000e+02
6.790000000000000000e+02
6.800000000000000000e+02
6.810000000000000000e+02
6.840000000000000000e+02
6.850000000000000000e+02
6.890000000000000000e+02
6.910000000000000000e+02
6.930000000000000000e+02
6.950000000000000000e+02
6.970000000000000000e+02
7.000000000000000000e+02
7.050000000000000000e+02
7.070000000000000000e+02
7.130000000000000000e+02
7.330000000000000000e+02
7.350000000000000000e+02
7.400000000000000000e+02
7.420000000000000000e+02
7.450000000000000000e+02
7.470000000000000000e+02
7.480000000000000000e+02
7.510000000000000000e+02
7.580000000000000000e+02
7.800000000000000000e+02
7.830000000000000000e+02
7.840000000000000000e+02
7.850000000000000000e+02
7.910000000000000000e+02
7.960000000000000000e+02
8.250000000000000000e+02
8.290000000000000000e+02
8.380000000000000000e+02
8.450000000000000000e+02
8.470000000000000000e+02
8.550000000000000000e+02
8.620000000000000000e+02
8.650000000000000000e+02
8.670000000000000000e+02
8.690000000000000000e+02
8.740000000000000000e+02
8.750000000000000000e+02
8.770000000000000000e+02
8.790000000000000000e+02
8.800000000000000000e+02
8.820000000000000000e+02
8.850000000000000000e+02
8.880000000000000000e+02
8.890000000000000000e+02
8.900000000000000000e+02
8.920000000000000000e+02
8.950000000000000000e+02
8.990000000000000000e+02
9.000000000000000000e+02
9.020000000000000000e+02
9.300000000000000000e+02
9.370000000000000000e+02
9.440000000000000000e+02
9.460000000000000000e+02
9.470000000000000000e+02
9.500000000000000000e+02
9.530000000000000000e+02
9.650000000000000000e+02
9.670000000000000000e+02
9.860000000000000000e+02
9.910000000000000000e+02
9.940000000000000000e+02
9.980000000000000000e+02
9.990000000000000000e+02
