# 301 _-1-10
7.000000000000000000e+00
1.000000000000000000e+01
1.400000000000000000e+01
3.400000000000000000e+01
3.800000000000000000e+01
4.000000000000000000e+01
4.100000000000000000e+01
4.300000000000000000e+01
4.800000000000000000e+01
5.100000000000000000e+01
5.600000000000000000e+01
6.000000000000000000e+01
6.200000000000000000e+01
9.200000000000000000e+01
9.500000000000000000e+01
1.030000000000000000e+02
1.050000000000000000e+02
1.240000000000000000e+02
1.250000000000000000e+02
1.420000000000000000e+02
1.510000000000000000e+02
1.630000000000000000e+02
1.650000000000000000e+02
1.810000000000000000e+02
1.890000000000000000e+02
1.980000000000000000e+02
1.990000000000000000e+02
2.020000000000000000e+02
2.050000000000000000e+02
2.070000000000000000e+02
2.090000000000000000e+02
2.120000000000000000e+02
2.260000000000000000e+02
2.310000000000000000e+02
2.360000000000000000e+02
2.430000000000000000e+02
2.440000000000000000e+02
2.460000000000000000e+02
2.530000000000000000e+02
2.610000000000000000e+02
2.760000000000000000e+02
2.830000000000000000e+02
2.990000000000000000e+02
3.010000000000000000e+02
3.020000000000000000e+02
3.040000000000000000e+02
3.100000000000000000e+02
3.300000000000000000e+02
3.440000000000000000e+02
3.530000000000000000e+02
3.610000000000000000e+02
3.630000000000000000e+02
3.690000000000000000e+02
3.730000000000000000e+02
3.740000000000000000e+02
3.780000000000000000e+02
3.790000000000000000e+02
3.810000000000000000e+02
3.830000000000000000e+02
3.880000000000000000e+02
4.010000000000000000e+02
4.030000000000000000e+02
4.070000000000000000e+02
4.080000000000000000e+02
4.160000000000000000e+02
4.260000000000000000e+02
4.420000000000000000e+02
4.440000000000000000e+02
4.450000000000000000e+02
4.470000000000000000e+02
4.550000000000000000e+02
4.590000000000000000e+02
4.610000000000000000e+02
4.670000000000000000e+02
4.710000000000000000e+02
4.720000000000000000e+02
4.780000000000000000e+02
4.800000000000000000e+02
4.860000000000000000e+02
4.910000000000000000e+02
5.010000000000000000e+02
5.040000000000000000e+02
5.060000000000000000e+02
5.090000000000000000e+02
5.140000000000000000e+02
5.250000000000000000e+02
5.260000000000000000e+02
5.340000000000000000e+02
5.440000000000000000e+02
5.460000000000000000e+02
5.530000000000000000e+02
5.650000000000000000e+02
5.710000000000000000e+02
5.720000000000000000e+02
5.760000000000000000e+02
5.850000000000000000e+02
5.970000000000000000e+02
5.990000000000000000e+02
6.000000000000000000e+02
6.040000000000000000e+02
6.080000000000000000e+02
6.140000000000000000e+02
6.200000000000000000e+02
6.380000000000000000e+02
6.470000000000000000e+02
6.500000000000000000e+02
6.660000000000000000e+02
6.780000000000000000e+02
6.830000000000000000e+02
6.960000000000000000e+02
6.980000000000000000e+02
7.090000000000000000e+02
7.180000000000000000e+02
7.230000000000000000e+02
7.250000000000000000e+02
7.270000000000000000e+02
7.320000000000000000e+02
7.340000000000000000e+02
7.500000000000000000e+02
7.540000000000000000e+02
7.560000000000000000e+02
7.630000000000000000e+02
7.650000000000000000e+02
7.660000000000000000e+02
7.670000000000000000e+02
7.700000000000000000e+02
7.860000000000000000e+02
8.030000000000000000e+02
8.040000000000000000e+02
8.050000000000000000e+02
8.090000000000000000e+02
8.120000000000000000e+02
8.160000000000000000e+02
8.210000000000000000e+02
8.230000000000000000e+02
8.280000000000000000e+02
8.370000000000000000e+02
8.410000000000000000e+02
8.420000000000000000e+02
8.460000000000000000e+02
8.480000000000000000e+02
8.500000000000000000e+02
8.510000000000000000e+02
8.570000000000000000e+02
8.710000000000000000e+02
8.720000000000000000e+02
8.780000000000000000e+02
8.810000000000000000e+02
9.140000000000000000e+02
9.150000000000000000e+02
9.230000000000000000e+02
9.240000000000000000e+02
9.320000000000000000e+02
9.330000000000000000e+02
9.360000000000000000e+02
9.380000000000000000e+02
9.420000000000000000e+02
9.490000000000000000e+02
9.520000000000000000e+02
9.540000000000000000e+02
9.590000000000000000e+02
9.600000000000000000e+02
9.660000000000000000e+02
9.700000000000000000e+02
9.740000000000000000e+02
9.770000000000000000e+02
9.790000000000000000e+02
9.820000000000000000e+02
9.850000000000000000e+02
9.920000000000000000e+02
9.930000000000000000e+02
