# 196 12 59
1
2
10
13
22
25
26
31
39
41
52
54
58
59
61
63
69
71
80
83
93
95
96
112
114
119
120
121
124
126
136
137
143
144
151
154
160
162
165
169
170
174
185
191
192
193
195
207
208
211
212
213
214
221
226
227
233
234
237
242
244
248
252
256
258
262
264
265
271
284
289
303
321
326
327
342
344
354
356
363
374
380
388
396
400
406
408
411
419
427
439
442
450
459
463
468
469
470
475
476
485
490
497
501
516
525
526
534
558
564
571
573
580
583
591
592
593
595
597
598
602
603
607
621
622
629
630
637
648
655
656
663
666
667
673
680
690
694
696
700
702
705
714
719
736
737
740
741
742
751
752
753
757
760
761
762
764
775
779
784
788
797
799
800
801
810
812
813
816
817
820
826
832
853
864
865
878
882
886
889
893
896
907
910
917
922
935
938
946
951
952
953
968
981
982
999
