# 184 13 980
0
4
5
9
14
27
29
32
45
49
57
64
65
67
73
82
84
86
94
97
98
108
109
115
125
128
132
145
147
152
158
159
161
163
164
166
167
173
176
179
199
202
204
210
217
220
224
240
245
250
253
263
266
272
282
290
291
298
299
306
313
319
324
331
343
357
360
376
377
381
385
386
390
394
397
405
420
423
428
431
432
435
444
449
455
461
472
477
484
487
492
494
496
507
514
520
528
530
533
535
537
538
542
552
553
555
556
560
561
569
575
577
579
582
590
612
614
626
631
640
642
643
659
671
674
678
684
693
698
708
716
727
731
745
756
758
763
765
778
789
793
803
804
809
828
829
841
845
846
851
854
856
863
867
868
870
890
892
895
898
900
902
913
924
930
941
947
955
959
960
961
964
969
970
972
973
974
980
983
984
987
991
994
996
