# 289 12 59
1
2
10
12
13
18
21
22
25
26
30
31
39
41
42
44
52
54
58
59
61
63
69
71
75
79
80
83
88
91
93
95
96
101
112
114
117
119
120
121
124
126
136
137
143
144
151
154
156
157
160
162
165
168
169
170
174
185
188
191
192
193
195
205
207
208
211
212
213
214
218
221
226
227
233
234
236
237
242
244
248
252
254
256
257
258
259
262
264
265
271
279
283
284
287
289
292
301
303
317
321
326
327
332
342
344
354
356
363
369
370
374
379
380
383
388
393
396
399
400
404
406
407
408
411
419
427
429
439
442
447
450
456
459
463
464
468
469
470
473
475
476
480
485
490
491
495
497
501
504
512
516
522
525
526
527
534
558
564
571
572
573
574
580
581
583
585
587
589
591
592
593
595
597
598
602
603
607
611
621
622
629
630
637
648
650
655
656
663
664
666
667
669
673
680
681
689
690
694
696
699
700
702
705
706
714
719
724
736
737
740
741
742
744
746
751
752
753
757
760
761
762
764
774
775
776
779
781
784
786
788
797
799
800
801
807
810
812
813
816
817
820
822
823
826
831
832
833
849
853
855
862
864
865
869
873
877
878
882
886
889
893
896
899
907
908
910
912
916
917
920
922
929
931
935
936
938
944
946
951
952
953
968
975
981
982
988
992
999
