# 250 13 146
0
4
5
9
14
23
27
29
32
45
49
50
57
64
65
67
73
78
82
84
85
86
89
94
97
98
108
109
115
116
125
128
132
138
145
146
147
152
158
159
161
163
164
166
167
173
175
176
179
194
199
202
204
209
210
216
217
220
224
230
240
245
249
250
253
263
266
272
275
282
290
291
293
298
299
306
310
312
313
319
324
331
335
337
343
346
357
360
361
376
377
381
385
386
390
394
397
398
403
405
415
420
421
423
428
431
432
435
438
441
444
448
449
455
461
472
477
484
486
487
492
494
496
503
506
507
514
520
528
530
533
535
537
538
542
545
546
552
553
555
556
560
561
562
569
575
577
579
582
590
612
614
615
620
623
626
631
640
642
643
659
668
670
671
674
678
684
691
693
695
697
698
703
708
716
721
725
727
731
733
745
756
758
763
765
766
778
785
789
793
803
804
806
809
811
818
819
825
828
829
834
838
841
843
845
846
850
851
854
856
863
867
868
870
874
890
892
895
897
898
900
902
906
913
924
930
939
941
943
947
949
950
955
959
960
961
964
967
969
970
972
973
974
980
983
984
987
991
994
996
