# 157 11 777
3
6
17
20
24
35
36
40
43
46
60
103
104
105
106
111
113
118
122
130
133
150
172
180
182
184
190
197
223
228
229
260
286
295
315
320
329
333
334
347
359
364
365
366
367
371
373
375
387
392
414
416
418
422
433
434
436
443
452
453
460
462
465
466
474
482
488
505
508
509
513
519
524
532
539
540
541
547
551
554
559
566
567
570
578
584
586
588
594
600
601
605
606
608
609
610
613
616
618
633
638
647
651
654
657
658
665
672
685
704
709
711
712
723
726
735
738
739
748
750
755
767
768
769
772
777
780
782
783
791
794
798
815
824
835
842
858
861
883
884
885
901
903
904
909
915
919
921
927
932
945
956
979
985
990
995
997
