# 145 14 66
8
11
15
16
19
62
66
76
81
92
99
110
123
127
131
134
141
142
149
153
155
177
178
186
187
200
206
231
232
238
239
243
246
255
273
276
277
280
285
288
300
302
304
307
309
314
316
323
325
328
340
341
345
349
358
372
378
382
384
389
391
401
402
412
417
424
425
430
437
458
502
515
518
521
536
544
550
563
565
568
576
596
599
604
619
624
625
627
628
632
636
639
644
652
660
661
662
675
682
683
692
701
710
717
728
730
732
743
747
749
759
773
796
802
805
808
814
821
836
839
840
844
847
857
859
860
871
872
875
879
887
888
911
914
925
928
934
937
942
948
954
958
962
965
978
