# 133 12 59
1
10
13
22
25
31
39
52
54
59
61
63
69
71
80
93
95
96
112
114
119
120
121
124
136
137
151
154
160
162
165
191
193
195
207
211
221
237
242
244
248
258
262
264
271
303
321
327
342
354
356
363
374
380
396
400
406
408
411
419
427
450
459
463
485
490
516
526
558
564
573
580
583
591
592
595
597
603
607
621
622
630
637
655
656
663
666
680
694
696
700
702
705
714
719
736
737
740
742
751
757
761
762
764
779
784
788
797
800
801
810
813
816
817
820
826
864
878
882
886
889
893
896
907
910
938
946
951
953
968
981
982
999
