# 682 _-1-1-1
4.000000000000000000e+00
9.000000000000000000e+00
1.100000000000000000e+01
1.500000000000000000e+01
1.700000000000000000e+01
1.800000000000000000e+01
1.900000000000000000e+01
3.100000000000000000e+01
3.600000000000000000e+01
4.400000000000000000e+01
4.500000000000000000e+01
5.600000000000000000e+01
7.900000000000000000e+01
8.100000000000000000e+01
8.200000000000000000e+01
1.010000000000000000e+02
1.040000000000000000e+02
1.070000000000000000e+02
1.260000000000000000e+02
1.360000000000000000e+02
1.410000000000000000e+02
1.460000000000000000e+02
1.520000000000000000e+02
1.550000000000000000e+02
1.590000000000000000e+02
1.630000000000000000e+02
1.700000000000000000e+02
1.720000000000000000e+02
1.760000000000000000e+02
1.830000000000000000e+02
1.880000000000000000e+02
1.910000000000000000e+02
1.950000000000000000e+02
2.090000000000000000e+02
2.210000000000000000e+02
2.320000000000000000e+02
2.340000000000000000e+02
2.450000000000000000e+02
2.490000000000000000e+02
2.540000000000000000e+02
2.570000000000000000e+02
2.630000000000000000e+02
2.670000000000000000e+02
2.700000000000000000e+02
2.750000000000000000e+02
2.910000000000000000e+02
2.920000000000000000e+02
3.030000000000000000e+02
3.050000000000000000e+02
3.080000000000000000e+02
3.170000000000000000e+02
3.240000000000000000e+02
3.250000000000000000e+02
3.260000000000000000e+02
3.300000000000000000e+02
3.380000000000000000e+02
3.440000000000000000e+02
3.450000000000000000e+02
3.580000000000000000e+02
3.600000000000000000e+02
3.650000000000000000e+02
3.770000000000000000e+02
3.800000000000000000e+02
3.840000000000000000e+02
3.860000000000000000e+02
3.930000000000000000e+02
3.950000000000000000e+02
3.970000000000000000e+02
4.010000000000000000e+02
4.030000000000000000e+02
4.050000000000000000e+02
4.060000000000000000e+02
4.070000000000000000e+02
4.090000000000000000e+02
4.100000000000000000e+02
4.180000000000000000e+02
4.230000000000000000e+02
4.240000000000000000e+02
4.280000000000000000e+02
4.290000000000000000e+02
4.310000000000000000e+02
4.340000000000000000e+02
4.430000000000000000e+02
4.510000000000000000e+02
4.540000000000000000e+02
4.660000000000000000e+02
4.700000000000000000e+02
4.760000000000000000e+02
4.820000000000000000e+02
4.840000000000000000e+02
4.920000000000000000e+02
4.960000000000000000e+02
5.060000000000000000e+02
5.180000000000000000e+02
5.200000000000000000e+02
5.230000000000000000e+02
5.240000000000000000e+02
5.260000000000000000e+02
5.330000000000000000e+02
5.410000000000000000e+02
5.510000000000000000e+02
5.520000000000000000e+02
5.550000000000000000e+02
5.650000000000000000e+02
5.760000000000000000e+02
5.770000000000000000e+02
5.860000000000000000e+02
5.930000000000000000e+02
5.940000000000000000e+02
6.000000000000000000e+02
6.080000000000000000e+02
6.140000000000000000e+02
6.180000000000000000e+02
6.410000000000000000e+02
6.470000000000000000e+02
6.570000000000000000e+02
6.580000000000000000e+02
6.590000000000000000e+02
6.650000000000000000e+02
6.720000000000000000e+02
6.750000000000000000e+02
6.820000000000000000e+02
6.840000000000000000e+02
6.920000000000000000e+02
6.930000000000000000e+02
6.990000000000000000e+02
7.100000000000000000e+02
7.120000000000000000e+02
7.170000000000000000e+02
7.180000000000000000e+02
7.240000000000000000e+02
7.290000000000000000e+02
7.360000000000000000e+02
7.390000000000000000e+02
7.400000000000000000e+02
7.460000000000000000e+02
7.500000000000000000e+02
7.620000000000000000e+02
7.630000000000000000e+02
7.670000000000000000e+02
7.690000000000000000e+02
7.780000000000000000e+02
7.810000000000000000e+02
7.970000000000000000e+02
8.040000000000000000e+02
8.260000000000000000e+02
8.280000000000000000e+02
8.310000000000000000e+02
8.350000000000000000e+02
8.390000000000000000e+02
8.450000000000000000e+02
8.460000000000000000e+02
8.520000000000000000e+02
8.630000000000000000e+02
8.640000000000000000e+02
8.750000000000000000e+02
8.930000000000000000e+02
9.070000000000000000e+02
9.080000000000000000e+02
9.360000000000000000e+02
9.570000000000000000e+02
9.580000000000000000e+02
9.600000000000000000e+02
9.610000000000000000e+02
9.640000000000000000e+02
9.850000000000000000e+02
9.910000000000000000e+02
9.990000000000000000e+02
