# 157 13 27
1
11
27
31
37
40
43
46
47
57
81
86
87
88
92
94
99
101
108
109
123
126
127
128
135
143
159
160
161
165
176
181
191
202
211
212
214
215
218
221
224
232
234
244
254
259
265
274
279
285
288
289
295
310
321
326
333
341
350
352
353
357
378
383
384
393
399
409
412
423
428
431
443
447
448
456
457
469
493
504
513
516
520
545
550
559
570
572
581
593
595
597
602
604
608
610
617
623
630
634
648
651
662
666
680
682
683
687
689
695
702
703
723
724
735
747
755
768
769
775
777
778
792
796
797
802
806
810
821
833
834
837
849
850
851
861
867
869
875
883
888
889
891
894
898
903
904
906
910
916
933
944
970
982
985
987
991
