# 149 12 348
2
7
14
18
23
26
41
54
62
64
65
66
67
77
82
89
93
102
105
111
114
115
120
130
136
142
150
152
178
192
193
197
203
207
223
227
241
249
250
258
261
262
263
266
268
280
296
297
307
323
331
336
338
348
355
359
366
373
386
392
406
407
413
414
432
440
451
458
470
471
475
481
483
484
487
488
489
495
500
514
517
518
530
536
538
542
548
553
560
562
563
575
584
586
588
592
601
605
613
621
624
633
639
650
665
668
674
686
690
692
696
699
707
718
719
720
726
727
729
736
748
758
781
783
805
813
820
828
844
845
847
848
852
854
866
900
905
908
909
911
923
936
938
950
963
968
969
975
984
