# 274 12 705
2
7
12
13
14
18
20
23
26
34
38
39
41
52
53
54
61
62
64
65
66
67
75
77
82
89
93
96
102
103
105
107
111
114
115
118
119
120
130
136
142
144
147
148
150
152
164
166
169
177
178
184
186
187
188
190
192
193
197
199
203
207
209
220
223
227
228
236
237
241
247
249
250
258
261
262
263
266
267
268
272
280
292
293
296
297
304
307
323
324
329
331
336
338
348
349
355
358
359
366
369
373
379
386
392
395
402
406
407
408
413
414
418
432
440
441
446
451
458
460
462
466
470
471
473
475
476
480
481
483
484
487
488
489
492
495
500
514
517
518
522
528
529
530
534
535
536
538
542
543
544
547
548
553
558
560
562
563
565
567
575
584
586
587
588
591
592
600
601
605
607
611
613
615
618
621
624
628
633
637
639
649
650
652
655
656
657
658
665
668
670
674
675
677
686
690
691
692
696
697
698
699
705
707
708
711
718
719
720
726
727
728
729
730
736
739
742
748
752
758
765
767
776
781
783
801
805
813
814
818
820
823
828
829
830
836
844
845
847
848
852
854
863
866
878
882
886
890
892
900
905
907
908
909
911
923
936
938
939
940
950
951
952
961
963
965
968
969
975
977
984
988
989
990
