# 244 13 960
1
3
4
9
10
11
16
19
25
27
29
31
37
40
43
46
47
57
68
73
78
79
81
84
86
87
88
91
92
94
95
98
99
101
108
109
110
113
123
124
126
127
128
131
135
141
143
158
159
160
161
165
175
176
181
191
194
202
204
208
211
212
214
215
218
221
224
225
232
234
242
244
245
254
259
260
265
274
277
279
281
285
288
289
295
310
321
322
326
327
333
339
341
345
350
352
353
357
377
378
383
384
393
399
401
404
409
412
420
421
423
428
431
443
447
448
453
456
457
469
472
493
504
513
516
520
526
539
545
546
550
556
559
570
572
581
593
594
595
597
602
604
606
608
610
617
623
630
634
636
648
651
659
662
666
672
678
680
681
682
683
687
689
695
702
703
704
722
723
724
731
733
734
735
747
751
755
763
768
769
775
777
778
780
790
792
796
797
799
802
803
806
810
811
816
821
831
833
834
837
841
843
849
850
851
860
861
867
869
875
883
888
889
891
894
897
898
902
903
904
906
910
912
916
917
918
927
928
929
933
941
944
948
960
962
970
973
974
982
983
985
986
987
991
