# 159 11 313
0
6
8
15
17
21
22
30
63
71
74
83
85
112
121
122
129
133
146
151
154
155
163
167
172
174
179
180
182
198
205
210
213
216
219
229
235
238
240
264
269
271
276
278
287
291
294
299
301
308
311
312
313
314
316
325
330
332
337
340
342
351
360
361
365
375
389
390
400
405
410
411
419
427
434
439
464
465
474
482
494
496
502
505
527
540
541
552
554
564
566
569
574
576
578
596
598
620
622
626
629
632
638
641
643
644
647
660
669
685
710
716
717
721
725
737
738
741
743
744
757
764
770
772
782
784
789
793
800
804
808
809
812
825
832
835
839
840
842
846
857
858
862
870
873
877
879
884
895
913
914
922
930
945
946
954
967
972
976
