# 152 14 627
5
35
36
45
48
50
58
59
60
70
100
117
132
134
138
153
156
168
183
201
206
217
230
233
246
248
251
252
253
257
273
282
286
298
300
306
309
315
317
320
334
335
344
354
362
367
371
372
382
385
388
391
396
417
426
429
433
436
437
438
450
454
455
459
461
463
468
486
490
498
499
501
503
506
507
510
511
519
521
523
525
531
533
551
555
557
561
568
573
579
585
590
599
603
619
625
627
631
653
654
661
671
673
679
684
694
706
709
712
713
715
732
746
749
766
773
779
786
798
807
815
817
819
822
826
864
865
868
872
876
885
887
899
915
919
920
921
924
926
931
932
934
942
943
947
949
957
971
978
979
980
981
