# 712 _-1-1-1
1.000000000000000000e+01
1.300000000000000000e+01
1.500000000000000000e+01
1.800000000000000000e+01
2.300000000000000000e+01
2.500000000000000000e+01
3.400000000000000000e+01
3.900000000000000000e+01
4.000000000000000000e+01
4.900000000000000000e+01
5.900000000000000000e+01
7.600000000000000000e+01
7.800000000000000000e+01
8.500000000000000000e+01
1.000000000000000000e+02
1.090000000000000000e+02
1.120000000000000000e+02
1.150000000000000000e+02
1.170000000000000000e+02
1.270000000000000000e+02
1.340000000000000000e+02
1.350000000000000000e+02
1.370000000000000000e+02
1.380000000000000000e+02
1.410000000000000000e+02
1.420000000000000000e+02
1.540000000000000000e+02
1.630000000000000000e+02
1.640000000000000000e+02
1.770000000000000000e+02
1.810000000000000000e+02
1.870000000000000000e+02
1.960000000000000000e+02
2.020000000000000000e+02
2.030000000000000000e+02
2.120000000000000000e+02
2.240000000000000000e+02
2.250000000000000000e+02
2.360000000000000000e+02
2.400000000000000000e+02
2.510000000000000000e+02
2.680000000000000000e+02
2.730000000000000000e+02
2.840000000000000000e+02
3.000000000000000000e+02
3.030000000000000000e+02
3.110000000000000000e+02
3.760000000000000000e+02
3.880000000000000000e+02
3.890000000000000000e+02
3.920000000000000000e+02
4.250000000000000000e+02
4.380000000000000000e+02
4.420000000000000000e+02
4.450000000000000000e+02
4.460000000000000000e+02
4.630000000000000000e+02
4.720000000000000000e+02
4.740000000000000000e+02
4.900000000000000000e+02
5.060000000000000000e+02
5.210000000000000000e+02
5.260000000000000000e+02
5.280000000000000000e+02
5.370000000000000000e+02
5.530000000000000000e+02
5.540000000000000000e+02
5.550000000000000000e+02
5.920000000000000000e+02
5.990000000000000000e+02
6.060000000000000000e+02
6.070000000000000000e+02
6.150000000000000000e+02
6.160000000000000000e+02
6.230000000000000000e+02
6.370000000000000000e+02
6.380000000000000000e+02
6.440000000000000000e+02
6.580000000000000000e+02
6.630000000000000000e+02
6.670000000000000000e+02
6.700000000000000000e+02
6.830000000000000000e+02
6.890000000000000000e+02
6.970000000000000000e+02
7.120000000000000000e+02
7.160000000000000000e+02
7.210000000000000000e+02
7.280000000000000000e+02
7.360000000000000000e+02
7.580000000000000000e+02
7.590000000000000000e+02
7.790000000000000000e+02
7.830000000000000000e+02
7.840000000000000000e+02
7.910000000000000000e+02
7.970000000000000000e+02
8.040000000000000000e+02
8.190000000000000000e+02
8.300000000000000000e+02
8.420000000000000000e+02
8.520000000000000000e+02
8.770000000000000000e+02
8.780000000000000000e+02
9.050000000000000000e+02
9.120000000000000000e+02
9.160000000000000000e+02
9.190000000000000000e+02
9.280000000000000000e+02
9.290000000000000000e+02
9.300000000000000000e+02
9.350000000000000000e+02
9.400000000000000000e+02
9.410000000000000000e+02
9.670000000000000000e+02
9.910000000000000000e+02
