# 458 _-1-1
3.000000000000000000e+00
4.000000000000000000e+00
8.000000000000000000e+00
9.000000000000000000e+00
1.000000000000000000e+01
1.300000000000000000e+01
1.400000000000000000e+01
1.500000000000000000e+01
1.800000000000000000e+01
2.300000000000000000e+01
2.500000000000000000e+01
3.400000000000000000e+01
3.900000000000000000e+01
4.000000000000000000e+01
4.300000000000000000e+01
4.900000000000000000e+01
5.400000000000000000e+01
5.900000000000000000e+01
7.100000000000000000e+01
7.600000000000000000e+01
7.800000000000000000e+01
8.300000000000000000e+01
8.500000000000000000e+01
8.800000000000000000e+01
9.800000000000000000e+01
1.000000000000000000e+02
1.010000000000000000e+02
1.090000000000000000e+02
1.120000000000000000e+02
1.130000000000000000e+02
1.150000000000000000e+02
1.170000000000000000e+02
1.200000000000000000e+02
1.230000000000000000e+02
1.270000000000000000e+02
1.320000000000000000e+02
1.340000000000000000e+02
1.350000000000000000e+02
1.370000000000000000e+02
1.380000000000000000e+02
1.410000000000000000e+02
1.420000000000000000e+02
1.540000000000000000e+02
1.550000000000000000e+02
1.630000000000000000e+02
1.640000000000000000e+02
1.770000000000000000e+02
1.790000000000000000e+02
1.810000000000000000e+02
1.850000000000000000e+02
1.870000000000000000e+02
1.900000000000000000e+02
1.950000000000000000e+02
1.960000000000000000e+02
1.970000000000000000e+02
2.000000000000000000e+02
2.020000000000000000e+02
2.030000000000000000e+02
2.120000000000000000e+02
2.210000000000000000e+02
2.240000000000000000e+02
2.250000000000000000e+02
2.260000000000000000e+02
2.350000000000000000e+02
2.360000000000000000e+02
2.400000000000000000e+02
2.450000000000000000e+02
2.510000000000000000e+02
2.540000000000000000e+02
2.590000000000000000e+02
2.680000000000000000e+02
2.700000000000000000e+02
2.730000000000000000e+02
2.820000000000000000e+02
2.840000000000000000e+02
2.910000000000000000e+02
2.950000000000000000e+02
3.000000000000000000e+02
3.030000000000000000e+02
3.090000000000000000e+02
3.110000000000000000e+02
3.190000000000000000e+02
3.210000000000000000e+02
3.590000000000000000e+02
3.760000000000000000e+02
3.800000000000000000e+02
3.850000000000000000e+02
3.880000000000000000e+02
3.890000000000000000e+02
3.920000000000000000e+02
3.950000000000000000e+02
4.250000000000000000e+02
4.340000000000000000e+02
4.350000000000000000e+02
4.380000000000000000e+02
4.420000000000000000e+02
4.450000000000000000e+02
4.460000000000000000e+02
4.520000000000000000e+02
4.580000000000000000e+02
4.620000000000000000e+02
4.630000000000000000e+02
4.720000000000000000e+02
4.740000000000000000e+02
4.750000000000000000e+02
4.790000000000000000e+02
4.810000000000000000e+02
4.820000000000000000e+02
4.900000000000000000e+02
5.000000000000000000e+02
5.060000000000000000e+02
5.080000000000000000e+02
5.140000000000000000e+02
5.210000000000000000e+02
5.230000000000000000e+02
5.260000000000000000e+02
5.270000000000000000e+02
5.280000000000000000e+02
5.370000000000000000e+02
5.400000000000000000e+02
5.530000000000000000e+02
5.540000000000000000e+02
5.550000000000000000e+02
5.610000000000000000e+02
5.630000000000000000e+02
5.700000000000000000e+02
5.920000000000000000e+02
5.990000000000000000e+02
6.020000000000000000e+02
6.060000000000000000e+02
6.070000000000000000e+02
6.130000000000000000e+02
6.140000000000000000e+02
6.150000000000000000e+02
6.160000000000000000e+02
6.230000000000000000e+02
6.240000000000000000e+02
6.310000000000000000e+02
6.320000000000000000e+02
6.370000000000000000e+02
6.380000000000000000e+02
6.400000000000000000e+02
6.430000000000000000e+02
6.440000000000000000e+02
6.450000000000000000e+02
6.500000000000000000e+02
6.520000000000000000e+02
6.540000000000000000e+02
6.580000000000000000e+02
6.590000000000000000e+02
6.600000000000000000e+02
6.630000000000000000e+02
6.670000000000000000e+02
6.690000000000000000e+02
6.700000000000000000e+02
6.720000000000000000e+02
6.750000000000000000e+02
6.760000000000000000e+02
6.830000000000000000e+02
6.880000000000000000e+02
6.890000000000000000e+02
6.970000000000000000e+02
7.000000000000000000e+02
7.010000000000000000e+02
7.120000000000000000e+02
7.160000000000000000e+02
7.170000000000000000e+02
7.180000000000000000e+02
7.210000000000000000e+02
7.220000000000000000e+02
7.230000000000000000e+02
7.270000000000000000e+02
7.280000000000000000e+02
7.310000000000000000e+02
7.360000000000000000e+02
7.400000000000000000e+02
7.430000000000000000e+02
7.470000000000000000e+02
7.520000000000000000e+02
7.560000000000000000e+02
7.580000000000000000e+02
7.590000000000000000e+02
7.610000000000000000e+02
7.630000000000000000e+02
7.670000000000000000e+02
7.700000000000000000e+02
7.720000000000000000e+02
7.790000000000000000e+02
7.800000000000000000e+02
7.830000000000000000e+02
7.840000000000000000e+02
7.900000000000000000e+02
7.910000000000000000e+02
7.970000000000000000e+02
7.990000000000000000e+02
8.040000000000000000e+02
8.090000000000000000e+02
8.110000000000000000e+02
8.190000000000000000e+02
8.290000000000000000e+02
8.300000000000000000e+02
8.330000000000000000e+02
8.350000000000000000e+02
8.420000000000000000e+02
8.480000000000000000e+02
8.520000000000000000e+02
8.550000000000000000e+02
8.610000000000000000e+02
8.620000000000000000e+02
8.630000000000000000e+02
8.670000000000000000e+02
8.770000000000000000e+02
8.780000000000000000e+02
8.830000000000000000e+02
8.980000000000000000e+02
8.990000000000000000e+02
9.000000000000000000e+02
9.050000000000000000e+02
9.110000000000000000e+02
9.120000000000000000e+02
9.160000000000000000e+02
9.190000000000000000e+02
9.200000000000000000e+02
9.250000000000000000e+02
9.280000000000000000e+02
9.290000000000000000e+02
9.300000000000000000e+02
9.340000000000000000e+02
9.350000000000000000e+02
9.400000000000000000e+02
9.410000000000000000e+02
9.460000000000000000e+02
9.520000000000000000e+02
9.560000000000000000e+02
9.670000000000000000e+02
9.710000000000000000e+02
9.740000000000000000e+02
9.790000000000000000e+02
9.850000000000000000e+02
9.910000000000000000e+02
9.950000000000000000e+02
