# 32 _-1-1-10
1.000000000000000000e+00
2.000000000000000000e+01
2.100000000000000000e+01
3.100000000000000000e+01
3.200000000000000000e+01
3.400000000000000000e+01
4.900000000000000000e+01
6.300000000000000000e+01
7.900000000000000000e+01
9.100000000000000000e+01
9.300000000000000000e+01
1.070000000000000000e+02
1.100000000000000000e+02
1.150000000000000000e+02
1.280000000000000000e+02
1.500000000000000000e+02
1.520000000000000000e+02
1.640000000000000000e+02
1.750000000000000000e+02
1.790000000000000000e+02
2.000000000000000000e+02
2.010000000000000000e+02
2.020000000000000000e+02
2.200000000000000000e+02
2.300000000000000000e+02
2.310000000000000000e+02
2.470000000000000000e+02
2.480000000000000000e+02
2.510000000000000000e+02
2.640000000000000000e+02
2.660000000000000000e+02
2.680000000000000000e+02
2.710000000000000000e+02
2.740000000000000000e+02
2.800000000000000000e+02
2.820000000000000000e+02
2.860000000000000000e+02
2.930000000000000000e+02
2.990000000000000000e+02
3.150000000000000000e+02
3.290000000000000000e+02
3.740000000000000000e+02
3.850000000000000000e+02
3.920000000000000000e+02
4.000000000000000000e+02
4.050000000000000000e+02
4.210000000000000000e+02
4.270000000000000000e+02
4.350000000000000000e+02
4.470000000000000000e+02
4.490000000000000000e+02
4.520000000000000000e+02
4.560000000000000000e+02
4.590000000000000000e+02
4.640000000000000000e+02
4.670000000000000000e+02
4.700000000000000000e+02
4.790000000000000000e+02
4.820000000000000000e+02
4.960000000000000000e+02
5.060000000000000000e+02
5.100000000000000000e+02
5.460000000000000000e+02
5.510000000000000000e+02
5.720000000000000000e+02
5.740000000000000000e+02
5.820000000000000000e+02
5.910000000000000000e+02
5.930000000000000000e+02
5.970000000000000000e+02
6.000000000000000000e+02
6.220000000000000000e+02
6.240000000000000000e+02
6.510000000000000000e+02
6.580000000000000000e+02
6.750000000000000000e+02
6.820000000000000000e+02
6.830000000000000000e+02
6.870000000000000000e+02
6.940000000000000000e+02
7.010000000000000000e+02
7.110000000000000000e+02
7.180000000000000000e+02
7.370000000000000000e+02
7.420000000000000000e+02
7.440000000000000000e+02
7.450000000000000000e+02
7.590000000000000000e+02
7.870000000000000000e+02
7.970000000000000000e+02
8.330000000000000000e+02
8.420000000000000000e+02
8.890000000000000000e+02
9.380000000000000000e+02
9.460000000000000000e+02
9.510000000000000000e+02
9.620000000000000000e+02
9.640000000000000000e+02
9.860000000000000000e+02
9.920000000000000000e+02
9.980000000000000000e+02
