# 420 _-1-1-1-1
7.000000000000000000e+00
1.300000000000000000e+01
2.200000000000000000e+01
2.700000000000000000e+01
2.800000000000000000e+01
4.300000000000000000e+01
4.500000000000000000e+01
4.800000000000000000e+01
5.900000000000000000e+01
6.100000000000000000e+01
6.900000000000000000e+01
7.200000000000000000e+01
8.000000000000000000e+01
8.200000000000000000e+01
8.800000000000000000e+01
8.900000000000000000e+01
1.000000000000000000e+02
1.220000000000000000e+02
1.250000000000000000e+02
1.350000000000000000e+02
1.380000000000000000e+02
1.410000000000000000e+02
1.430000000000000000e+02
1.450000000000000000e+02
1.540000000000000000e+02
1.560000000000000000e+02
1.590000000000000000e+02
1.620000000000000000e+02
1.630000000000000000e+02
1.650000000000000000e+02
1.730000000000000000e+02
1.760000000000000000e+02
1.890000000000000000e+02
1.900000000000000000e+02
1.980000000000000000e+02
2.030000000000000000e+02
2.110000000000000000e+02
2.140000000000000000e+02
2.170000000000000000e+02
2.230000000000000000e+02
2.240000000000000000e+02
2.250000000000000000e+02
2.280000000000000000e+02
2.290000000000000000e+02
2.320000000000000000e+02
2.340000000000000000e+02
2.350000000000000000e+02
2.430000000000000000e+02
2.440000000000000000e+02
2.450000000000000000e+02
2.550000000000000000e+02
2.570000000000000000e+02
2.590000000000000000e+02
2.600000000000000000e+02
2.610000000000000000e+02
2.620000000000000000e+02
2.690000000000000000e+02
2.720000000000000000e+02
2.750000000000000000e+02
2.790000000000000000e+02
2.840000000000000000e+02
2.870000000000000000e+02
2.890000000000000000e+02
2.920000000000000000e+02
2.960000000000000000e+02
3.000000000000000000e+02
3.050000000000000000e+02
3.060000000000000000e+02
3.140000000000000000e+02
3.160000000000000000e+02
3.180000000000000000e+02
3.220000000000000000e+02
3.260000000000000000e+02
3.340000000000000000e+02
3.370000000000000000e+02
3.380000000000000000e+02
3.400000000000000000e+02
3.410000000000000000e+02
3.430000000000000000e+02
3.450000000000000000e+02
3.510000000000000000e+02
3.520000000000000000e+02
3.550000000000000000e+02
3.730000000000000000e+02
3.810000000000000000e+02
3.820000000000000000e+02
3.860000000000000000e+02
3.880000000000000000e+02
3.910000000000000000e+02
3.940000000000000000e+02
4.160000000000000000e+02
4.200000000000000000e+02
4.260000000000000000e+02
4.320000000000000000e+02
4.340000000000000000e+02
4.390000000000000000e+02
4.400000000000000000e+02
4.500000000000000000e+02
4.540000000000000000e+02
4.600000000000000000e+02
4.730000000000000000e+02
4.740000000000000000e+02
4.810000000000000000e+02
4.980000000000000000e+02
5.030000000000000000e+02
5.070000000000000000e+02
5.090000000000000000e+02
5.130000000000000000e+02
5.140000000000000000e+02
5.150000000000000000e+02
5.170000000000000000e+02
5.180000000000000000e+02
5.200000000000000000e+02
5.210000000000000000e+02
5.350000000000000000e+02
5.370000000000000000e+02
5.400000000000000000e+02
5.420000000000000000e+02
5.440000000000000000e+02
5.470000000000000000e+02
5.530000000000000000e+02
5.540000000000000000e+02
5.550000000000000000e+02
5.570000000000000000e+02
5.610000000000000000e+02
5.650000000000000000e+02
5.670000000000000000e+02
5.700000000000000000e+02
5.770000000000000000e+02
5.810000000000000000e+02
5.860000000000000000e+02
5.870000000000000000e+02
5.900000000000000000e+02
5.920000000000000000e+02
6.020000000000000000e+02
6.030000000000000000e+02
6.050000000000000000e+02
6.060000000000000000e+02
6.090000000000000000e+02
6.120000000000000000e+02
6.200000000000000000e+02
6.250000000000000000e+02
6.300000000000000000e+02
6.320000000000000000e+02
6.390000000000000000e+02
6.400000000000000000e+02
6.500000000000000000e+02
6.550000000000000000e+02
6.610000000000000000e+02
6.620000000000000000e+02
6.700000000000000000e+02
6.760000000000000000e+02
6.770000000000000000e+02
6.780000000000000000e+02
6.860000000000000000e+02
6.920000000000000000e+02
7.020000000000000000e+02
7.040000000000000000e+02
7.090000000000000000e+02
7.120000000000000000e+02
7.170000000000000000e+02
7.210000000000000000e+02
7.260000000000000000e+02
7.290000000000000000e+02
7.320000000000000000e+02
7.340000000000000000e+02
7.350000000000000000e+02
7.380000000000000000e+02
7.430000000000000000e+02
7.470000000000000000e+02
7.520000000000000000e+02
7.550000000000000000e+02
7.820000000000000000e+02
7.860000000000000000e+02
7.880000000000000000e+02
8.000000000000000000e+02
8.040000000000000000e+02
8.110000000000000000e+02
8.170000000000000000e+02
8.210000000000000000e+02
8.270000000000000000e+02
8.300000000000000000e+02
8.310000000000000000e+02
8.340000000000000000e+02
8.350000000000000000e+02
8.360000000000000000e+02
8.380000000000000000e+02
8.440000000000000000e+02
8.490000000000000000e+02
8.560000000000000000e+02
8.570000000000000000e+02
8.600000000000000000e+02
8.610000000000000000e+02
8.650000000000000000e+02
8.660000000000000000e+02
8.750000000000000000e+02
8.760000000000000000e+02
8.770000000000000000e+02
8.790000000000000000e+02
8.850000000000000000e+02
8.860000000000000000e+02
8.880000000000000000e+02
8.920000000000000000e+02
8.930000000000000000e+02
8.940000000000000000e+02
8.950000000000000000e+02
8.980000000000000000e+02
9.050000000000000000e+02
9.070000000000000000e+02
9.110000000000000000e+02
9.120000000000000000e+02
9.160000000000000000e+02
9.180000000000000000e+02
9.260000000000000000e+02
9.290000000000000000e+02
9.310000000000000000e+02
9.370000000000000000e+02
9.390000000000000000e+02
9.420000000000000000e+02
9.470000000000000000e+02
9.550000000000000000e+02
9.630000000000000000e+02
9.660000000000000000e+02
9.670000000000000000e+02
9.690000000000000000e+02
9.780000000000000000e+02
9.800000000000000000e+02
9.880000000000000000e+02
9.990000000000000000e+02
