# 75 _-1-10
0.000000000000000000e+00
3.700000000000000000e+01
4.600000000000000000e+01
5.000000000000000000e+01
5.100000000000000000e+01
5.500000000000000000e+01
6.200000000000000000e+01
7.500000000000000000e+01
7.600000000000000000e+01
7.700000000000000000e+01
8.700000000000000000e+01
9.600000000000000000e+01
1.140000000000000000e+02
1.270000000000000000e+02
1.310000000000000000e+02
1.440000000000000000e+02
1.460000000000000000e+02
1.490000000000000000e+02
1.580000000000000000e+02
1.600000000000000000e+02
1.690000000000000000e+02
1.710000000000000000e+02
1.740000000000000000e+02
1.810000000000000000e+02
1.910000000000000000e+02
1.960000000000000000e+02
2.100000000000000000e+02
2.130000000000000000e+02
2.270000000000000000e+02
2.360000000000000000e+02
2.520000000000000000e+02
2.560000000000000000e+02
2.880000000000000000e+02
3.270000000000000000e+02
3.280000000000000000e+02
3.300000000000000000e+02
3.460000000000000000e+02
3.470000000000000000e+02
3.500000000000000000e+02
3.570000000000000000e+02
3.600000000000000000e+02
3.670000000000000000e+02
3.710000000000000000e+02
3.900000000000000000e+02
3.930000000000000000e+02
4.130000000000000000e+02
4.170000000000000000e+02
4.330000000000000000e+02
4.410000000000000000e+02
4.860000000000000000e+02
4.870000000000000000e+02
4.910000000000000000e+02
4.940000000000000000e+02
5.230000000000000000e+02
5.240000000000000000e+02
5.330000000000000000e+02
5.380000000000000000e+02
5.490000000000000000e+02
5.500000000000000000e+02
5.520000000000000000e+02
5.560000000000000000e+02
5.800000000000000000e+02
5.830000000000000000e+02
5.840000000000000000e+02
6.260000000000000000e+02
6.420000000000000000e+02
6.450000000000000000e+02
6.480000000000000000e+02
6.600000000000000000e+02
6.980000000000000000e+02
7.060000000000000000e+02
7.230000000000000000e+02
7.280000000000000000e+02
7.360000000000000000e+02
7.510000000000000000e+02
7.540000000000000000e+02
7.620000000000000000e+02
7.700000000000000000e+02
8.070000000000000000e+02
8.120000000000000000e+02
8.150000000000000000e+02
8.190000000000000000e+02
8.260000000000000000e+02
8.320000000000000000e+02
8.480000000000000000e+02
8.520000000000000000e+02
8.590000000000000000e+02
8.620000000000000000e+02
8.680000000000000000e+02
8.720000000000000000e+02
8.800000000000000000e+02
8.960000000000000000e+02
8.970000000000000000e+02
8.990000000000000000e+02
9.030000000000000000e+02
9.150000000000000000e+02
9.300000000000000000e+02
9.360000000000000000e+02
9.530000000000000000e+02
9.560000000000000000e+02
9.810000000000000000e+02
9.840000000000000000e+02
9.870000000000000000e+02
9.910000000000000000e+02
