# 474 _-1-1-1-1-1
1.300000000000000000e+01
2.200000000000000000e+01
2.700000000000000000e+01
2.800000000000000000e+01
4.300000000000000000e+01
4.500000000000000000e+01
4.800000000000000000e+01
6.100000000000000000e+01
6.900000000000000000e+01
8.000000000000000000e+01
8.200000000000000000e+01
8.800000000000000000e+01
8.900000000000000000e+01
1.000000000000000000e+02
1.250000000000000000e+02
1.350000000000000000e+02
1.380000000000000000e+02
1.410000000000000000e+02
1.430000000000000000e+02
1.590000000000000000e+02
1.630000000000000000e+02
1.650000000000000000e+02
1.730000000000000000e+02
1.760000000000000000e+02
1.900000000000000000e+02
2.030000000000000000e+02
2.110000000000000000e+02
2.140000000000000000e+02
2.170000000000000000e+02
2.280000000000000000e+02
2.320000000000000000e+02
2.340000000000000000e+02
2.570000000000000000e+02
2.600000000000000000e+02
2.610000000000000000e+02
2.690000000000000000e+02
2.720000000000000000e+02
2.750000000000000000e+02
2.790000000000000000e+02
2.840000000000000000e+02
2.890000000000000000e+02
3.050000000000000000e+02
3.060000000000000000e+02
3.160000000000000000e+02
3.180000000000000000e+02
3.260000000000000000e+02
3.370000000000000000e+02
3.380000000000000000e+02
3.410000000000000000e+02
3.430000000000000000e+02
3.510000000000000000e+02
3.520000000000000000e+02
3.550000000000000000e+02
3.730000000000000000e+02
3.810000000000000000e+02
3.820000000000000000e+02
3.860000000000000000e+02
3.880000000000000000e+02
3.910000000000000000e+02
4.160000000000000000e+02
4.320000000000000000e+02
4.390000000000000000e+02
4.400000000000000000e+02
4.540000000000000000e+02
4.730000000000000000e+02
4.740000000000000000e+02
4.980000000000000000e+02
5.150000000000000000e+02
5.170000000000000000e+02
5.200000000000000000e+02
5.210000000000000000e+02
5.400000000000000000e+02
5.420000000000000000e+02
5.470000000000000000e+02
5.540000000000000000e+02
5.550000000000000000e+02
5.570000000000000000e+02
5.610000000000000000e+02
5.650000000000000000e+02
5.670000000000000000e+02
5.770000000000000000e+02
5.810000000000000000e+02
5.870000000000000000e+02
5.900000000000000000e+02
6.060000000000000000e+02
6.090000000000000000e+02
6.120000000000000000e+02
6.200000000000000000e+02
6.320000000000000000e+02
6.390000000000000000e+02
6.400000000000000000e+02
6.500000000000000000e+02
6.550000000000000000e+02
6.770000000000000000e+02
6.860000000000000000e+02
7.020000000000000000e+02
7.040000000000000000e+02
7.090000000000000000e+02
7.170000000000000000e+02
7.210000000000000000e+02
7.260000000000000000e+02
7.320000000000000000e+02
7.350000000000000000e+02
7.520000000000000000e+02
7.550000000000000000e+02
7.820000000000000000e+02
7.860000000000000000e+02
7.880000000000000000e+02
8.000000000000000000e+02
8.040000000000000000e+02
8.170000000000000000e+02
8.270000000000000000e+02
8.310000000000000000e+02
8.340000000000000000e+02
8.350000000000000000e+02
8.360000000000000000e+02
8.380000000000000000e+02
8.490000000000000000e+02
8.570000000000000000e+02
8.600000000000000000e+02
8.610000000000000000e+02
8.660000000000000000e+02
8.770000000000000000e+02
8.790000000000000000e+02
8.850000000000000000e+02
8.860000000000000000e+02
8.920000000000000000e+02
8.980000000000000000e+02
9.120000000000000000e+02
9.260000000000000000e+02
9.290000000000000000e+02
9.370000000000000000e+02
9.470000000000000000e+02
9.630000000000000000e+02
9.660000000000000000e+02
9.670000000000000000e+02
9.690000000000000000e+02
9.780000000000000000e+02
9.880000000000000000e+02
9.990000000000000000e+02
