# 215 12 954
0
3
4
11
12
28
33
38
40
44
46
48
54
56
69
72
77
89
92
94
97
106
108
126
127
130
143
146
150
151
152
153
156
157
162
164
165
167
169
170
178
180
182
184
186
191
201
202
204
205
208
210
217
220
226
234
235
236
240
243
245
251
254
263
270
286
287
289
290
293
297
299
303
305
306
308
309
313
314
315
317
318
321
329
332
335
343
345
348
349
352
356
357
360
361
366
368
370
375
379
380
383
404
415
416
429
434
435
439
445
462
466
482
483
484
488
500
502
505
511
516
518
521
529
531
533
535
537
540
555
556
586
597
600
603
609
611
617
618
621
625
634
639
642
654
658
661
664
668
672
675
679
685
692
695
698
704
707
712
726
728
736
738
742
743
744
745
746
758
762
764
767
778
789
793
796
804
805
809
812
826
834
840
847
858
860
869
879
886
887
890
899
906
914
915
916
936
950
952
953
954
958
962
964
965
969
970
973
974
976
986
991
992
996
999
