# 201 13 730
2
5
15
19
21
24
30
31
43
47
50
51
55
60
73
84
86
88
95
99
103
112
114
116
123
129
133
138
171
174
183
185
190
192
193
200
209
211
215
222
230
237
241
248
252
255
260
261
268
269
284
285
291
295
296
298
316
324
325
328
330
333
336
340
341
347
354
358
362
364
367
369
374
377
381
386
387
388
389
391
392
402
406
408
409
421
424
426
427
428
437
438
440
443
448
450
451
452
454
456
465
469
472
477
481
486
493
495
497
504
507
509
510
514
525
536
538
541
543
549
551
553
557
560
562
567
573
574
580
582
583
585
592
599
601
604
612
613
623
641
650
651
659
662
663
671
678
681
684
687
691
694
701
706
709
715
721
730
737
751
757
759
763
769
772
785
798
800
808
815
818
830
835
838
842
845
856
863
866
867
872
873
874
882
897
903
904
907
908
922
924
929
930
943
960
961
968
971
981
987
989
