# 125 11 688
13
23
35
45
67
70
74
76
79
80
100
109
113
119
136
140
147
148
154
175
179
198
199
203
206
213
214
219
228
231
238
242
247
249
256
259
264
274
275
276
322
326
338
344
353
363
385
390
393
432
433
444
446
447
461
471
485
490
503
506
544
548
552
559
561
565
590
626
628
631
633
652
656
673
683
688
700
705
711
713
716
719
722
735
754
761
774
776
781
787
790
810
813
820
824
825
831
865
868
870
876
878
880
881
888
891
894
898
900
901
902
910
913
919
925
928
931
932
949
963
966
967
977
984
998
