# 279 12 816
0
3
4
11
12
26
28
33
38
40
44
46
48
54
56
63
69
72
77
89
92
94
97
106
108
115
125
126
127
130
134
139
143
146
150
151
152
153
156
157
160
162
164
165
167
169
170
176
178
180
182
184
186
191
197
201
202
204
205
208
210
217
220
225
226
227
234
235
236
240
243
245
251
254
262
263
270
286
287
289
290
293
297
299
303
304
305
306
308
309
313
314
315
317
318
321
329
332
335
339
343
345
348
349
352
356
357
360
361
365
366
368
370
375
379
380
383
404
411
415
416
423
429
434
435
439
445
457
462
466
467
479
482
483
484
488
494
500
501
502
505
511
516
518
521
526
529
531
533
535
537
540
546
555
556
568
575
586
591
595
597
598
600
603
609
611
617
618
620
621
625
627
629
634
635
638
639
642
645
649
654
658
660
661
664
666
668
669
672
674
675
679
685
692
695
698
704
707
712
720
726
728
729
736
738
739
740
741
742
743
744
745
746
747
758
762
764
767
768
778
780
784
789
793
796
802
804
805
806
809
812
816
821
826
829
832
834
839
840
847
848
858
860
869
879
884
885
886
887
890
893
899
906
914
915
916
923
927
936
950
952
953
954
956
958
962
964
965
969
970
973
974
976
979
986
991
992
996
999
