# 248 13 730
2
5
15
16
19
21
24
30
31
43
47
49
50
51
55
60
73
84
86
88
93
95
99
102
103
112
114
116
120
123
129
133
138
159
171
174
183
185
187
190
192
193
194
200
209
211
215
222
224
230
237
241
244
248
252
255
260
261
266
268
269
278
284
285
291
295
296
298
316
324
325
328
330
333
336
340
341
346
347
354
358
359
362
364
367
369
374
377
381
382
386
387
388
389
391
392
401
402
405
406
408
409
418
421
424
426
427
428
437
438
440
442
443
448
450
451
452
454
456
459
465
469
472
476
477
480
481
486
493
495
497
504
507
509
510
514
515
525
527
536
538
541
543
549
551
553
557
560
562
567
572
573
574
578
580
582
583
585
588
592
599
601
604
612
613
623
636
637
640
641
650
651
659
662
663
671
677
678
681
684
687
691
694
701
706
709
715
721
730
737
751
756
757
759
763
769
772
777
785
798
799
800
807
808
815
818
828
830
835
838
842
845
855
856
857
863
864
866
867
872
873
874
882
892
897
903
904
907
908
918
922
924
929
930
935
937
943
945
948
955
960
961
968
971
972
981
987
989
