# 171 11 688
7
13
17
22
23
35
45
53
59
67
70
74
76
79
80
100
109
113
117
119
132
136
140
147
148
154
175
179
198
199
203
206
213
214
218
219
228
231
238
242
247
249
256
259
264
274
275
276
277
279
283
288
320
322
326
338
344
353
363
378
385
390
393
399
403
410
419
432
433
436
444
446
447
458
461
463
468
471
485
490
492
503
506
517
544
548
552
559
561
565
589
590
594
605
610
626
628
631
632
633
652
656
673
676
680
683
688
700
705
711
713
716
719
722
735
750
754
761
765
766
774
776
781
787
790
810
813
820
824
825
831
833
846
851
854
862
865
868
870
871
876
878
880
881
888
891
894
898
900
901
902
910
913
919
925
928
931
932
939
942
944
949
959
963
966
967
975
977
984
990
998
