# 154 14 519
6
20
25
27
37
39
58
61
64
66
68
71
75
81
83
87
101
105
118
122
124
128
131
137
141
142
161
173
181
189
196
216
221
223
246
253
257
258
265
272
273
280
281
300
302
312
331
337
342
351
355
371
372
376
394
397
398
400
414
425
431
449
453
460
464
470
473
474
496
498
519
530
539
542
545
558
566
571
576
577
579
581
587
593
602
606
608
614
615
616
624
644
646
648
657
665
667
682
690
693
696
697
702
710
717
724
725
727
732
733
748
749
753
755
760
773
782
791
794
795
797
803
811
823
827
836
837
841
843
850
852
853
861
875
883
889
896
905
911
912
917
926
933
934
938
946
947
951
957
978
980
985
994
995
