# 148 12 106
3
11
28
38
46
48
54
56
69
77
89
92
94
97
106
108
126
127
143
146
150
157
164
165
170
184
186
191
201
205
208
210
217
220
226
234
235
245
251
263
270
286
287
289
290
297
303
305
306
308
309
314
315
318
321
329
335
343
348
349
352
357
360
361
366
375
379
380
404
415
416
429
434
445
462
466
482
483
484
488
502
505
511
518
521
531
533
537
540
556
597
603
609
611
617
618
621
625
639
654
658
664
668
672
679
685
692
698
704
707
712
728
738
744
745
746
762
764
778
793
796
804
805
812
826
840
847
858
860
869
879
887
890
899
914
915
916
936
950
952
953
958
964
970
973
986
996
999
