# 270 12 71
1
2
4
20
24
30
33
35
41
44
45
52
57
59
62
65
66
68
71
76
82
84
86
88
103
105
106
110
117
119
133
135
136
138
140
143
147
148
150
157
164
172
173
182
189
190
192
197
208
209
216
218
222
230
232
233
236
241
243
244
248
252
255
256
263
268
269
270
272
280
285
286
290
293
294
301
303
304
306
309
325
327
329
333
335
343
344
345
350
359
362
364
365
366
371
377
380
382
391
399
404
407
410
411
417
422
427
430
431
436
439
440
441
446
451
460
463
467
481
487
491
497
500
501
502
511
512
515
522
528
529
530
537
540
542
543
548
550
553
555
557
562
572
573
575
577
588
589
590
598
600
602
603
606
619
621
625
627
632
633
639
640
642
645
648
651
655
658
661
665
666
668
681
684
687
688
693
694
696
699
700
705
708
711
713
715
727
728
729
737
738
741
750
752
754
755
760
762
764
773
776
777
780
781
788
789
792
793
796
798
799
802
805
810
812
813
815
817
818
819
820
822
825
829
831
833
838
843
852
854
858
860
863
871
874
882
889
891
896
903
905
907
909
911
914
925
928
929
931
937
940
941
942
943
949
950
952
953
958
968
969
970
971
972
976
977
978
983
990
993
