# 189 11 646
0
7
11
14
15
17
19
21
23
25
42
43
50
51
53
55
63
70
79
81
85
89
111
115
125
126
127
129
132
139
145
160
165
169
170
181
185
186
187
202
210
217
224
225
227
234
261
264
277
289
295
300
312
313
314
316
317
324
328
331
334
336
338
342
346
348
355
356
360
368
373
374
381
385
390
392
393
395
396
403
408
412
415
419
424
433
442
443
444
447
458
465
466
471
477
478
479
482
494
503
505
506
508
510
513
519
524
531
544
558
565
566
579
582
584
591
596
601
609
617
620
630
631
638
641
643
646
647
650
653
654
657
664
685
691
695
706
709
716
721
725
735
740
742
746
747
748
758
771
774
783
784
803
806
808
821
826
839
842
850
859
861
869
886
888
893
894
898
904
912
916
917
918
920
924
926
927
934
935
936
944
954
961
963
967
980
995
997
998
