# 172 14 310
5
8
9
13
18
22
34
39
40
49
54
56
60
61
67
72
75
77
80
83
91
93
95
102
104
107
120
130
137
151
154
155
156
161
167
174
176
178
191
193
194
198
199
200
201
204
213
226
240
242
245
247
249
257
259
260
281
287
288
298
299
302
305
308
310
339
358
370
372
376
386
387
394
414
420
423
426
434
435
445
450
459
464
469
475
480
484
485
490
509
527
534
547
551
552
556
559
560
561
570
571
586
594
595
597
608
611
614
616
623
628
635
644
649
670
672
675
676
702
704
722
723
726
733
744
749
753
756
765
767
775
779
807
814
828
834
835
837
840
841
844
845
848
849
853
855
856
866
867
868
870
873
877
881
890
892
899
902
906
930
948
951
956
960
973
974
981
982
984
987
988
999
