# 130 12 243
1
2
24
35
62
65
68
103
117
138
140
143
147
148
150
164
182
189
192
197
222
233
241
243
244
252
255
280
285
293
294
309
327
329
333
335
343
350
364
365
371
391
399
411
422
430
439
440
441
451
463
487
491
497
501
502
515
522
530
537
542
548
550
557
572
575
577
590
598
602
603
606
621
625
627
633
639
642
658
661
665
666
681
684
687
688
693
699
700
708
711
713
715
728
729
737
741
750
755
773
781
788
793
796
798
799
812
819
820
822
829
831
838
860
889
891
909
914
925
931
937
941
942
943
950
969
971
972
983
993
