# 377 _-1-10
2.000000000000000000e+00
7.000000000000000000e+00
1.500000000000000000e+01
2.000000000000000000e+01
2.100000000000000000e+01
3.000000000000000000e+01
4.800000000000000000e+01
5.100000000000000000e+01
5.200000000000000000e+01
6.000000000000000000e+01
6.600000000000000000e+01
7.200000000000000000e+01
7.400000000000000000e+01
7.700000000000000000e+01
8.000000000000000000e+01
8.500000000000000000e+01
9.100000000000000000e+01
9.600000000000000000e+01
1.000000000000000000e+02
1.030000000000000000e+02
1.090000000000000000e+02
1.140000000000000000e+02
1.400000000000000000e+02
1.860000000000000000e+02
1.880000000000000000e+02
2.000000000000000000e+02
2.010000000000000000e+02
2.050000000000000000e+02
2.200000000000000000e+02
2.350000000000000000e+02
2.380000000000000000e+02
2.390000000000000000e+02
2.500000000000000000e+02
2.510000000000000000e+02
2.570000000000000000e+02
2.630000000000000000e+02
2.710000000000000000e+02
2.750000000000000000e+02
2.780000000000000000e+02
2.790000000000000000e+02
2.850000000000000000e+02
2.930000000000000000e+02
2.950000000000000000e+02
2.960000000000000000e+02
3.070000000000000000e+02
3.110000000000000000e+02
3.130000000000000000e+02
3.140000000000000000e+02
3.230000000000000000e+02
3.450000000000000000e+02
3.470000000000000000e+02
3.490000000000000000e+02
3.720000000000000000e+02
3.760000000000000000e+02
3.770000000000000000e+02
3.910000000000000000e+02
3.950000000000000000e+02
4.000000000000000000e+02
4.090000000000000000e+02
4.120000000000000000e+02
4.130000000000000000e+02
4.150000000000000000e+02
4.210000000000000000e+02
4.300000000000000000e+02
4.500000000000000000e+02
4.540000000000000000e+02
4.570000000000000000e+02
4.640000000000000000e+02
4.690000000000000000e+02
4.910000000000000000e+02
5.020000000000000000e+02
5.170000000000000000e+02
5.280000000000000000e+02
5.310000000000000000e+02
5.350000000000000000e+02
5.370000000000000000e+02
5.440000000000000000e+02
5.480000000000000000e+02
5.560000000000000000e+02
5.610000000000000000e+02
5.660000000000000000e+02
5.690000000000000000e+02
5.700000000000000000e+02
5.730000000000000000e+02
5.840000000000000000e+02
5.930000000000000000e+02
6.010000000000000000e+02
6.300000000000000000e+02
6.360000000000000000e+02
6.370000000000000000e+02
6.460000000000000000e+02
6.530000000000000000e+02
6.660000000000000000e+02
6.680000000000000000e+02
6.860000000000000000e+02
7.190000000000000000e+02
7.260000000000000000e+02
7.380000000000000000e+02
7.390000000000000000e+02
7.580000000000000000e+02
7.590000000000000000e+02
7.630000000000000000e+02
7.660000000000000000e+02
7.680000000000000000e+02
7.710000000000000000e+02
7.740000000000000000e+02
7.820000000000000000e+02
7.860000000000000000e+02
7.950000000000000000e+02
7.970000000000000000e+02
7.980000000000000000e+02
8.030000000000000000e+02
8.130000000000000000e+02
8.220000000000000000e+02
8.270000000000000000e+02
8.440000000000000000e+02
8.450000000000000000e+02
8.490000000000000000e+02
8.570000000000000000e+02
8.580000000000000000e+02
8.610000000000000000e+02
8.700000000000000000e+02
9.110000000000000000e+02
9.150000000000000000e+02
9.360000000000000000e+02
9.480000000000000000e+02
9.500000000000000000e+02
9.550000000000000000e+02
9.770000000000000000e+02
9.790000000000000000e+02
9.850000000000000000e+02
9.870000000000000000e+02
9.880000000000000000e+02
9.970000000000000000e+02
