# 896 _-1-1-1
1.300000000000000000e+01
2.400000000000000000e+01
2.600000000000000000e+01
3.500000000000000000e+01
5.300000000000000000e+01
5.700000000000000000e+01
5.800000000000000000e+01
6.300000000000000000e+01
6.400000000000000000e+01
7.800000000000000000e+01
8.300000000000000000e+01
9.900000000000000000e+01
1.100000000000000000e+02
1.210000000000000000e+02
1.220000000000000000e+02
1.230000000000000000e+02
1.290000000000000000e+02
1.350000000000000000e+02
1.370000000000000000e+02
1.570000000000000000e+02
1.580000000000000000e+02
1.620000000000000000e+02
1.640000000000000000e+02
1.830000000000000000e+02
1.910000000000000000e+02
2.220000000000000000e+02
2.240000000000000000e+02
2.260000000000000000e+02
2.280000000000000000e+02
2.300000000000000000e+02
2.310000000000000000e+02
2.400000000000000000e+02
2.460000000000000000e+02
2.470000000000000000e+02
2.540000000000000000e+02
2.680000000000000000e+02
2.970000000000000000e+02
2.980000000000000000e+02
2.990000000000000000e+02
3.150000000000000000e+02
3.340000000000000000e+02
3.540000000000000000e+02
3.680000000000000000e+02
3.800000000000000000e+02
3.940000000000000000e+02
4.010000000000000000e+02
4.230000000000000000e+02
4.400000000000000000e+02
4.620000000000000000e+02
4.730000000000000000e+02
4.880000000000000000e+02
4.950000000000000000e+02
5.010000000000000000e+02
5.030000000000000000e+02
5.150000000000000000e+02
5.290000000000000000e+02
5.650000000000000000e+02
5.950000000000000000e+02
6.000000000000000000e+02
6.050000000000000000e+02
6.080000000000000000e+02
6.160000000000000000e+02
6.210000000000000000e+02
6.260000000000000000e+02
6.290000000000000000e+02
6.340000000000000000e+02
6.430000000000000000e+02
6.480000000000000000e+02
6.500000000000000000e+02
6.620000000000000000e+02
6.630000000000000000e+02
6.720000000000000000e+02
6.780000000000000000e+02
6.800000000000000000e+02
6.830000000000000000e+02
6.880000000000000000e+02
6.910000000000000000e+02
6.950000000000000000e+02
6.970000000000000000e+02
7.030000000000000000e+02
7.050000000000000000e+02
7.060000000000000000e+02
7.230000000000000000e+02
7.250000000000000000e+02
7.290000000000000000e+02
7.430000000000000000e+02
7.460000000000000000e+02
7.500000000000000000e+02
7.510000000000000000e+02
7.670000000000000000e+02
7.720000000000000000e+02
7.800000000000000000e+02
7.830000000000000000e+02
7.930000000000000000e+02
7.960000000000000000e+02
8.060000000000000000e+02
8.120000000000000000e+02
8.160000000000000000e+02
8.260000000000000000e+02
8.540000000000000000e+02
8.620000000000000000e+02
8.640000000000000000e+02
8.670000000000000000e+02
8.740000000000000000e+02
8.800000000000000000e+02
8.810000000000000000e+02
8.840000000000000000e+02
8.950000000000000000e+02
8.960000000000000000e+02
9.020000000000000000e+02
9.230000000000000000e+02
9.240000000000000000e+02
9.250000000000000000e+02
9.280000000000000000e+02
9.380000000000000000e+02
9.450000000000000000e+02
9.540000000000000000e+02
9.670000000000000000e+02
9.680000000000000000e+02
9.750000000000000000e+02
9.810000000000000000e+02
9.950000000000000000e+02
9.980000000000000000e+02
9.990000000000000000e+02
