# 124 _-1
2.000000000000000000e+00
3.000000000000000000e+00
4.000000000000000000e+00
6.000000000000000000e+00
7.000000000000000000e+00
8.000000000000000000e+00
1.200000000000000000e+01
1.300000000000000000e+01
1.500000000000000000e+01
1.600000000000000000e+01
1.900000000000000000e+01
2.000000000000000000e+01
2.100000000000000000e+01
2.300000000000000000e+01
2.400000000000000000e+01
2.600000000000000000e+01
2.700000000000000000e+01
3.000000000000000000e+01
3.300000000000000000e+01
3.500000000000000000e+01
4.400000000000000000e+01
4.600000000000000000e+01
4.800000000000000000e+01
4.900000000000000000e+01
5.100000000000000000e+01
5.200000000000000000e+01
5.300000000000000000e+01
5.700000000000000000e+01
5.800000000000000000e+01
5.900000000000000000e+01
6.000000000000000000e+01
6.300000000000000000e+01
6.400000000000000000e+01
6.600000000000000000e+01
6.800000000000000000e+01
6.900000000000000000e+01
7.200000000000000000e+01
7.400000000000000000e+01
7.500000000000000000e+01
7.600000000000000000e+01
7.700000000000000000e+01
7.800000000000000000e+01
8.000000000000000000e+01
8.200000000000000000e+01
8.300000000000000000e+01
8.400000000000000000e+01
8.500000000000000000e+01
8.600000000000000000e+01
9.000000000000000000e+01
9.100000000000000000e+01
9.400000000000000000e+01
9.600000000000000000e+01
9.900000000000000000e+01
1.000000000000000000e+02
1.010000000000000000e+02
1.030000000000000000e+02
1.090000000000000000e+02
1.100000000000000000e+02
1.120000000000000000e+02
1.140000000000000000e+02
1.170000000000000000e+02
1.180000000000000000e+02
1.200000000000000000e+02
1.210000000000000000e+02
1.220000000000000000e+02
1.230000000000000000e+02
1.240000000000000000e+02
1.290000000000000000e+02
1.320000000000000000e+02
1.330000000000000000e+02
1.350000000000000000e+02
1.370000000000000000e+02
1.400000000000000000e+02
1.470000000000000000e+02
1.480000000000000000e+02
1.510000000000000000e+02
1.520000000000000000e+02
1.570000000000000000e+02
1.580000000000000000e+02
1.620000000000000000e+02
1.630000000000000000e+02
1.640000000000000000e+02
1.670000000000000000e+02
1.770000000000000000e+02
1.810000000000000000e+02
1.830000000000000000e+02
1.860000000000000000e+02
1.870000000000000000e+02
1.880000000000000000e+02
1.910000000000000000e+02
1.920000000000000000e+02
1.930000000000000000e+02
1.960000000000000000e+02
1.970000000000000000e+02
2.000000000000000000e+02
2.010000000000000000e+02
2.030000000000000000e+02
2.050000000000000000e+02
2.060000000000000000e+02
2.100000000000000000e+02
2.110000000000000000e+02
2.120000000000000000e+02
2.140000000000000000e+02
2.190000000000000000e+02
2.200000000000000000e+02
2.220000000000000000e+02
2.240000000000000000e+02
2.250000000000000000e+02
2.260000000000000000e+02
2.270000000000000000e+02
2.280000000000000000e+02
2.300000000000000000e+02
2.310000000000000000e+02
2.350000000000000000e+02
2.380000000000000000e+02
2.390000000000000000e+02
2.400000000000000000e+02
2.460000000000000000e+02
2.470000000000000000e+02
2.500000000000000000e+02
2.510000000000000000e+02
2.530000000000000000e+02
2.540000000000000000e+02
2.570000000000000000e+02
2.580000000000000000e+02
2.600000000000000000e+02
2.610000000000000000e+02
2.630000000000000000e+02
2.640000000000000000e+02
2.660000000000000000e+02
2.670000000000000000e+02
2.680000000000000000e+02
2.710000000000000000e+02
2.750000000000000000e+02
2.780000000000000000e+02
2.790000000000000000e+02
2.820000000000000000e+02
2.850000000000000000e+02
2.870000000000000000e+02
2.910000000000000000e+02
2.930000000000000000e+02
2.950000000000000000e+02
2.960000000000000000e+02
2.970000000000000000e+02
2.980000000000000000e+02
2.990000000000000000e+02
3.000000000000000000e+02
3.010000000000000000e+02
3.040000000000000000e+02
3.060000000000000000e+02
3.070000000000000000e+02
3.090000000000000000e+02
3.110000000000000000e+02
3.130000000000000000e+02
3.140000000000000000e+02
3.150000000000000000e+02
3.230000000000000000e+02
3.290000000000000000e+02
3.340000000000000000e+02
3.350000000000000000e+02
3.370000000000000000e+02
3.390000000000000000e+02
3.420000000000000000e+02
3.450000000000000000e+02
3.470000000000000000e+02
3.480000000000000000e+02
3.490000000000000000e+02
3.510000000000000000e+02
3.520000000000000000e+02
3.540000000000000000e+02
3.550000000000000000e+02
3.570000000000000000e+02
3.640000000000000000e+02
3.680000000000000000e+02
3.720000000000000000e+02
3.760000000000000000e+02
3.770000000000000000e+02
3.800000000000000000e+02
3.820000000000000000e+02
3.860000000000000000e+02
3.910000000000000000e+02
3.920000000000000000e+02
3.940000000000000000e+02
3.950000000000000000e+02
3.990000000000000000e+02
4.000000000000000000e+02
4.010000000000000000e+02
4.040000000000000000e+02
4.070000000000000000e+02
4.080000000000000000e+02
4.090000000000000000e+02
4.100000000000000000e+02
4.120000000000000000e+02
4.130000000000000000e+02
4.150000000000000000e+02
4.180000000000000000e+02
4.210000000000000000e+02
4.220000000000000000e+02
4.230000000000000000e+02
4.300000000000000000e+02
4.310000000000000000e+02
4.350000000000000000e+02
4.400000000000000000e+02
4.430000000000000000e+02
4.450000000000000000e+02
4.500000000000000000e+02
4.510000000000000000e+02
4.530000000000000000e+02
4.540000000000000000e+02
4.550000000000000000e+02
4.560000000000000000e+02
4.570000000000000000e+02
4.610000000000000000e+02
4.620000000000000000e+02
4.640000000000000000e+02
4.650000000000000000e+02
4.660000000000000000e+02
4.670000000000000000e+02
4.690000000000000000e+02
4.730000000000000000e+02
4.750000000000000000e+02
4.770000000000000000e+02
4.830000000000000000e+02
4.840000000000000000e+02
4.880000000000000000e+02
4.910000000000000000e+02
4.950000000000000000e+02
4.970000000000000000e+02
5.000000000000000000e+02
5.010000000000000000e+02
5.020000000000000000e+02
5.030000000000000000e+02
5.060000000000000000e+02
5.070000000000000000e+02
5.100000000000000000e+02
5.140000000000000000e+02
5.150000000000000000e+02
5.160000000000000000e+02
5.170000000000000000e+02
5.220000000000000000e+02
5.230000000000000000e+02
5.250000000000000000e+02
5.280000000000000000e+02
5.290000000000000000e+02
5.300000000000000000e+02
5.310000000000000000e+02
5.340000000000000000e+02
5.350000000000000000e+02
5.370000000000000000e+02
5.440000000000000000e+02
5.470000000000000000e+02
5.480000000000000000e+02
5.510000000000000000e+02
5.550000000000000000e+02
5.560000000000000000e+02
5.600000000000000000e+02
5.610000000000000000e+02
5.650000000000000000e+02
5.660000000000000000e+02
5.680000000000000000e+02
5.690000000000000000e+02
5.700000000000000000e+02
5.710000000000000000e+02
5.720000000000000000e+02
5.730000000000000000e+02
5.750000000000000000e+02
5.770000000000000000e+02
5.840000000000000000e+02
5.880000000000000000e+02
5.900000000000000000e+02
5.930000000000000000e+02
5.950000000000000000e+02
5.970000000000000000e+02
6.000000000000000000e+02
6.010000000000000000e+02
6.050000000000000000e+02
6.060000000000000000e+02
6.080000000000000000e+02
6.160000000000000000e+02
6.200000000000000000e+02
6.210000000000000000e+02
6.230000000000000000e+02
6.260000000000000000e+02
6.270000000000000000e+02
6.290000000000000000e+02
6.300000000000000000e+02
6.320000000000000000e+02
6.340000000000000000e+02
6.350000000000000000e+02
6.360000000000000000e+02
6.370000000000000000e+02
6.390000000000000000e+02
6.420000000000000000e+02
6.430000000000000000e+02
6.440000000000000000e+02
6.450000000000000000e+02
6.460000000000000000e+02
6.480000000000000000e+02
6.500000000000000000e+02
6.530000000000000000e+02
6.620000000000000000e+02
6.630000000000000000e+02
6.660000000000000000e+02
6.670000000000000000e+02
6.680000000000000000e+02
6.720000000000000000e+02
6.760000000000000000e+02
6.780000000000000000e+02
6.800000000000000000e+02
6.830000000000000000e+02
6.860000000000000000e+02
6.880000000000000000e+02
6.900000000000000000e+02
6.910000000000000000e+02
6.950000000000000000e+02
6.970000000000000000e+02
7.000000000000000000e+02
7.010000000000000000e+02
7.020000000000000000e+02
7.030000000000000000e+02
7.050000000000000000e+02
7.060000000000000000e+02
7.090000000000000000e+02
7.100000000000000000e+02
7.110000000000000000e+02
7.190000000000000000e+02
7.210000000000000000e+02
7.220000000000000000e+02
7.230000000000000000e+02
7.250000000000000000e+02
7.260000000000000000e+02
7.280000000000000000e+02
7.290000000000000000e+02
7.310000000000000000e+02
7.340000000000000000e+02
7.350000000000000000e+02
7.380000000000000000e+02
7.390000000000000000e+02
7.430000000000000000e+02
7.460000000000000000e+02
7.500000000000000000e+02
7.510000000000000000e+02
7.570000000000000000e+02
7.580000000000000000e+02
7.590000000000000000e+02
7.630000000000000000e+02
7.640000000000000000e+02
7.660000000000000000e+02
7.670000000000000000e+02
7.680000000000000000e+02
7.700000000000000000e+02
7.710000000000000000e+02
7.720000000000000000e+02
7.730000000000000000e+02
7.740000000000000000e+02
7.750000000000000000e+02
7.780000000000000000e+02
7.800000000000000000e+02
7.810000000000000000e+02
7.820000000000000000e+02
7.830000000000000000e+02
7.860000000000000000e+02
7.930000000000000000e+02
7.940000000000000000e+02
7.950000000000000000e+02
7.960000000000000000e+02
7.970000000000000000e+02
7.980000000000000000e+02
7.990000000000000000e+02
8.010000000000000000e+02
8.030000000000000000e+02
8.040000000000000000e+02
8.060000000000000000e+02
8.070000000000000000e+02
8.120000000000000000e+02
8.130000000000000000e+02
8.160000000000000000e+02
8.190000000000000000e+02
8.200000000000000000e+02
8.220000000000000000e+02
8.230000000000000000e+02
8.260000000000000000e+02
8.270000000000000000e+02
8.290000000000000000e+02
8.300000000000000000e+02
8.310000000000000000e+02
8.350000000000000000e+02
8.370000000000000000e+02
8.390000000000000000e+02
8.440000000000000000e+02
8.450000000000000000e+02
8.490000000000000000e+02
8.510000000000000000e+02
8.540000000000000000e+02
8.570000000000000000e+02
8.580000000000000000e+02
8.610000000000000000e+02
8.620000000000000000e+02
8.640000000000000000e+02
8.670000000000000000e+02
8.690000000000000000e+02
8.700000000000000000e+02
8.710000000000000000e+02
8.720000000000000000e+02
8.740000000000000000e+02
8.770000000000000000e+02
8.790000000000000000e+02
8.800000000000000000e+02
8.810000000000000000e+02
8.840000000000000000e+02
8.860000000000000000e+02
8.880000000000000000e+02
8.950000000000000000e+02
8.960000000000000000e+02
8.980000000000000000e+02
9.000000000000000000e+02
9.020000000000000000e+02
9.050000000000000000e+02
9.090000000000000000e+02
9.110000000000000000e+02
9.130000000000000000e+02
9.150000000000000000e+02
9.170000000000000000e+02
9.180000000000000000e+02
9.190000000000000000e+02
9.200000000000000000e+02
9.210000000000000000e+02
9.230000000000000000e+02
9.240000000000000000e+02
9.250000000000000000e+02
9.260000000000000000e+02
9.280000000000000000e+02
9.290000000000000000e+02
9.310000000000000000e+02
9.320000000000000000e+02
9.330000000000000000e+02
9.340000000000000000e+02
9.360000000000000000e+02
9.370000000000000000e+02
9.380000000000000000e+02
9.420000000000000000e+02
9.450000000000000000e+02
9.470000000000000000e+02
9.480000000000000000e+02
9.500000000000000000e+02
9.540000000000000000e+02
9.550000000000000000e+02
9.580000000000000000e+02
9.660000000000000000e+02
9.670000000000000000e+02
9.680000000000000000e+02
9.700000000000000000e+02
9.720000000000000000e+02
9.750000000000000000e+02
9.770000000000000000e+02
9.790000000000000000e+02
9.810000000000000000e+02
9.850000000000000000e+02
9.860000000000000000e+02
9.870000000000000000e+02
9.880000000000000000e+02
9.900000000000000000e+02
9.920000000000000000e+02
9.940000000000000000e+02
9.950000000000000000e+02
9.970000000000000000e+02
9.980000000000000000e+02
9.990000000000000000e+02
