# 738 _-1-1-1
4.000000000000000000e+00
5.000000000000000000e+00
1.100000000000000000e+01
1.400000000000000000e+01
1.700000000000000000e+01
1.900000000000000000e+01
2.300000000000000000e+01
3.400000000000000000e+01
6.700000000000000000e+01
7.100000000000000000e+01
7.600000000000000000e+01
7.700000000000000000e+01
8.100000000000000000e+01
8.400000000000000000e+01
8.800000000000000000e+01
9.500000000000000000e+01
9.600000000000000000e+01
1.020000000000000000e+02
1.040000000000000000e+02
1.060000000000000000e+02
1.120000000000000000e+02
1.130000000000000000e+02
1.330000000000000000e+02
1.440000000000000000e+02
1.460000000000000000e+02
1.540000000000000000e+02
1.560000000000000000e+02
1.570000000000000000e+02
1.650000000000000000e+02
1.680000000000000000e+02
1.710000000000000000e+02
1.720000000000000000e+02
1.810000000000000000e+02
1.900000000000000000e+02
2.170000000000000000e+02
2.180000000000000000e+02
2.200000000000000000e+02
2.230000000000000000e+02
2.260000000000000000e+02
2.450000000000000000e+02
2.670000000000000000e+02
2.770000000000000000e+02
3.080000000000000000e+02
3.170000000000000000e+02
3.230000000000000000e+02
3.240000000000000000e+02
3.320000000000000000e+02
3.340000000000000000e+02
3.380000000000000000e+02
3.420000000000000000e+02
3.470000000000000000e+02
3.530000000000000000e+02
3.540000000000000000e+02
3.550000000000000000e+02
3.580000000000000000e+02
3.790000000000000000e+02
3.860000000000000000e+02
3.910000000000000000e+02
3.970000000000000000e+02
3.980000000000000000e+02
4.000000000000000000e+02
4.030000000000000000e+02
4.040000000000000000e+02
4.190000000000000000e+02
4.220000000000000000e+02
4.240000000000000000e+02
4.260000000000000000e+02
4.290000000000000000e+02
4.450000000000000000e+02
4.470000000000000000e+02
4.490000000000000000e+02
4.510000000000000000e+02
4.540000000000000000e+02
4.550000000000000000e+02
4.620000000000000000e+02
4.660000000000000000e+02
4.830000000000000000e+02
4.880000000000000000e+02
4.930000000000000000e+02
4.950000000000000000e+02
4.990000000000000000e+02
5.050000000000000000e+02
5.180000000000000000e+02
5.240000000000000000e+02
5.300000000000000000e+02
5.340000000000000000e+02
5.480000000000000000e+02
5.520000000000000000e+02
5.890000000000000000e+02
5.950000000000000000e+02
5.990000000000000000e+02
6.260000000000000000e+02
6.460000000000000000e+02
6.560000000000000000e+02
6.610000000000000000e+02
6.650000000000000000e+02
6.660000000000000000e+02
6.670000000000000000e+02
6.730000000000000000e+02
6.740000000000000000e+02
6.830000000000000000e+02
6.900000000000000000e+02
6.920000000000000000e+02
6.930000000000000000e+02
7.010000000000000000e+02
7.030000000000000000e+02
7.090000000000000000e+02
7.130000000000000000e+02
7.200000000000000000e+02
7.290000000000000000e+02
7.360000000000000000e+02
7.380000000000000000e+02
7.570000000000000000e+02
7.630000000000000000e+02
7.750000000000000000e+02
7.770000000000000000e+02
7.780000000000000000e+02
7.800000000000000000e+02
7.810000000000000000e+02
7.840000000000000000e+02
8.110000000000000000e+02
8.120000000000000000e+02
8.130000000000000000e+02
8.430000000000000000e+02
8.440000000000000000e+02
8.580000000000000000e+02
8.690000000000000000e+02
8.770000000000000000e+02
8.840000000000000000e+02
8.870000000000000000e+02
8.880000000000000000e+02
8.950000000000000000e+02
8.980000000000000000e+02
9.040000000000000000e+02
9.150000000000000000e+02
9.260000000000000000e+02
9.270000000000000000e+02
9.290000000000000000e+02
9.300000000000000000e+02
9.310000000000000000e+02
9.350000000000000000e+02
9.400000000000000000e+02
9.410000000000000000e+02
9.490000000000000000e+02
9.530000000000000000e+02
9.740000000000000000e+02
9.780000000000000000e+02
9.930000000000000000e+02
9.960000000000000000e+02
9.970000000000000000e+02
9.980000000000000000e+02
9.990000000000000000e+02
