# 650 _-1-1
2.000000000000000000e+00
4.000000000000000000e+00
5.000000000000000000e+00
6.000000000000000000e+00
8.000000000000000000e+00
9.000000000000000000e+00
1.100000000000000000e+01
1.200000000000000000e+01
1.400000000000000000e+01
1.600000000000000000e+01
1.700000000000000000e+01
1.800000000000000000e+01
1.900000000000000000e+01
2.300000000000000000e+01
2.500000000000000000e+01
2.900000000000000000e+01
3.000000000000000000e+01
3.200000000000000000e+01
3.400000000000000000e+01
3.500000000000000000e+01
3.800000000000000000e+01
4.200000000000000000e+01
4.600000000000000000e+01
4.700000000000000000e+01
5.100000000000000000e+01
5.200000000000000000e+01
5.300000000000000000e+01
6.500000000000000000e+01
6.600000000000000000e+01
6.700000000000000000e+01
6.900000000000000000e+01
7.100000000000000000e+01
7.300000000000000000e+01
7.400000000000000000e+01
7.500000000000000000e+01
7.600000000000000000e+01
7.700000000000000000e+01
7.900000000000000000e+01
8.100000000000000000e+01
8.200000000000000000e+01
8.400000000000000000e+01
8.800000000000000000e+01
9.000000000000000000e+01
9.300000000000000000e+01
9.400000000000000000e+01
9.500000000000000000e+01
9.600000000000000000e+01
9.800000000000000000e+01
9.900000000000000000e+01
1.000000000000000000e+02
1.010000000000000000e+02
1.020000000000000000e+02
1.040000000000000000e+02
1.060000000000000000e+02
1.080000000000000000e+02
1.120000000000000000e+02
1.130000000000000000e+02
1.150000000000000000e+02
1.190000000000000000e+02
1.220000000000000000e+02
1.260000000000000000e+02
1.330000000000000000e+02
1.400000000000000000e+02
1.440000000000000000e+02
1.460000000000000000e+02
1.490000000000000000e+02
1.540000000000000000e+02
1.560000000000000000e+02
1.570000000000000000e+02
1.580000000000000000e+02
1.630000000000000000e+02
1.640000000000000000e+02
1.650000000000000000e+02
1.660000000000000000e+02
1.680000000000000000e+02
1.710000000000000000e+02
1.720000000000000000e+02
1.740000000000000000e+02
1.750000000000000000e+02
1.760000000000000000e+02
1.780000000000000000e+02
1.800000000000000000e+02
1.810000000000000000e+02
1.860000000000000000e+02
1.900000000000000000e+02
1.910000000000000000e+02
1.980000000000000000e+02
2.000000000000000000e+02
2.070000000000000000e+02
2.090000000000000000e+02
2.110000000000000000e+02
2.160000000000000000e+02
2.170000000000000000e+02
2.180000000000000000e+02
2.190000000000000000e+02
2.200000000000000000e+02
2.230000000000000000e+02
2.250000000000000000e+02
2.260000000000000000e+02
2.280000000000000000e+02
2.300000000000000000e+02
2.320000000000000000e+02
2.350000000000000000e+02
2.390000000000000000e+02
2.440000000000000000e+02
2.450000000000000000e+02
2.470000000000000000e+02
2.480000000000000000e+02
2.510000000000000000e+02
2.570000000000000000e+02
2.580000000000000000e+02
2.650000000000000000e+02
2.670000000000000000e+02
2.680000000000000000e+02
2.690000000000000000e+02
2.710000000000000000e+02
2.720000000000000000e+02
2.770000000000000000e+02
2.780000000000000000e+02
2.810000000000000000e+02
2.910000000000000000e+02
2.920000000000000000e+02
2.950000000000000000e+02
2.960000000000000000e+02
3.020000000000000000e+02
3.040000000000000000e+02
3.050000000000000000e+02
3.080000000000000000e+02
3.090000000000000000e+02
3.100000000000000000e+02
3.120000000000000000e+02
3.160000000000000000e+02
3.170000000000000000e+02
3.180000000000000000e+02
3.190000000000000000e+02
3.210000000000000000e+02
3.230000000000000000e+02
3.240000000000000000e+02
3.270000000000000000e+02
3.320000000000000000e+02
3.330000000000000000e+02
3.340000000000000000e+02
3.380000000000000000e+02
3.410000000000000000e+02
3.420000000000000000e+02
3.450000000000000000e+02
3.470000000000000000e+02
3.490000000000000000e+02
3.510000000000000000e+02
3.530000000000000000e+02
3.540000000000000000e+02
3.550000000000000000e+02
3.580000000000000000e+02
3.610000000000000000e+02
3.620000000000000000e+02
3.640000000000000000e+02
3.710000000000000000e+02
3.720000000000000000e+02
3.790000000000000000e+02
3.810000000000000000e+02
3.820000000000000000e+02
3.860000000000000000e+02
3.890000000000000000e+02
3.900000000000000000e+02
3.910000000000000000e+02
3.930000000000000000e+02
3.950000000000000000e+02
3.970000000000000000e+02
3.980000000000000000e+02
4.000000000000000000e+02
4.020000000000000000e+02
4.030000000000000000e+02
4.040000000000000000e+02
4.130000000000000000e+02
4.150000000000000000e+02
4.160000000000000000e+02
4.190000000000000000e+02
4.220000000000000000e+02
4.240000000000000000e+02
4.250000000000000000e+02
4.260000000000000000e+02
4.290000000000000000e+02
4.300000000000000000e+02
4.310000000000000000e+02
4.350000000000000000e+02
4.400000000000000000e+02
4.430000000000000000e+02
4.440000000000000000e+02
4.450000000000000000e+02
4.470000000000000000e+02
4.480000000000000000e+02
4.490000000000000000e+02
4.510000000000000000e+02
4.530000000000000000e+02
4.540000000000000000e+02
4.550000000000000000e+02
4.580000000000000000e+02
4.590000000000000000e+02
4.620000000000000000e+02
4.630000000000000000e+02
4.660000000000000000e+02
4.680000000000000000e+02
4.690000000000000000e+02
4.760000000000000000e+02
4.830000000000000000e+02
4.870000000000000000e+02
4.880000000000000000e+02
4.900000000000000000e+02
4.930000000000000000e+02
4.950000000000000000e+02
4.970000000000000000e+02
4.990000000000000000e+02
5.000000000000000000e+02
5.010000000000000000e+02
5.020000000000000000e+02
5.030000000000000000e+02
5.050000000000000000e+02
5.110000000000000000e+02
5.120000000000000000e+02
5.160000000000000000e+02
5.170000000000000000e+02
5.180000000000000000e+02
5.190000000000000000e+02
5.210000000000000000e+02
5.220000000000000000e+02
5.230000000000000000e+02
5.240000000000000000e+02
5.300000000000000000e+02
5.330000000000000000e+02
5.340000000000000000e+02
5.390000000000000000e+02
5.400000000000000000e+02
5.420000000000000000e+02
5.480000000000000000e+02
5.520000000000000000e+02
5.570000000000000000e+02
5.580000000000000000e+02
5.600000000000000000e+02
5.690000000000000000e+02
5.730000000000000000e+02
5.770000000000000000e+02
5.800000000000000000e+02
5.810000000000000000e+02
5.820000000000000000e+02
5.830000000000000000e+02
5.850000000000000000e+02
5.870000000000000000e+02
5.890000000000000000e+02
5.900000000000000000e+02
5.910000000000000000e+02
5.950000000000000000e+02
5.970000000000000000e+02
5.990000000000000000e+02
6.010000000000000000e+02
6.050000000000000000e+02
6.090000000000000000e+02
6.110000000000000000e+02
6.210000000000000000e+02
6.260000000000000000e+02
6.340000000000000000e+02
6.360000000000000000e+02
6.390000000000000000e+02
6.400000000000000000e+02
6.460000000000000000e+02
6.490000000000000000e+02
6.500000000000000000e+02
6.510000000000000000e+02
6.560000000000000000e+02
6.570000000000000000e+02
6.580000000000000000e+02
6.610000000000000000e+02
6.640000000000000000e+02
6.650000000000000000e+02
6.660000000000000000e+02
6.670000000000000000e+02
6.690000000000000000e+02
6.700000000000000000e+02
6.730000000000000000e+02
6.740000000000000000e+02
6.750000000000000000e+02
6.790000000000000000e+02
6.800000000000000000e+02
6.810000000000000000e+02
6.820000000000000000e+02
6.830000000000000000e+02
6.840000000000000000e+02
6.900000000000000000e+02
6.920000000000000000e+02
6.930000000000000000e+02
6.940000000000000000e+02
6.950000000000000000e+02
6.960000000000000000e+02
7.010000000000000000e+02
7.030000000000000000e+02
7.070000000000000000e+02
7.080000000000000000e+02
7.090000000000000000e+02
7.100000000000000000e+02
7.130000000000000000e+02
7.160000000000000000e+02
7.180000000000000000e+02
7.190000000000000000e+02
7.200000000000000000e+02
7.260000000000000000e+02
7.290000000000000000e+02
7.330000000000000000e+02
7.340000000000000000e+02
7.360000000000000000e+02
7.380000000000000000e+02
7.400000000000000000e+02
7.420000000000000000e+02
7.430000000000000000e+02
7.440000000000000000e+02
7.470000000000000000e+02
7.520000000000000000e+02
7.570000000000000000e+02
7.610000000000000000e+02
7.630000000000000000e+02
7.720000000000000000e+02
7.730000000000000000e+02
7.750000000000000000e+02
7.770000000000000000e+02
7.780000000000000000e+02
7.790000000000000000e+02
7.800000000000000000e+02
7.810000000000000000e+02
7.830000000000000000e+02
7.840000000000000000e+02
7.860000000000000000e+02
7.870000000000000000e+02
7.880000000000000000e+02
7.930000000000000000e+02
7.970000000000000000e+02
7.980000000000000000e+02
7.990000000000000000e+02
8.010000000000000000e+02
8.030000000000000000e+02
8.070000000000000000e+02
8.110000000000000000e+02
8.120000000000000000e+02
8.130000000000000000e+02
8.160000000000000000e+02
8.170000000000000000e+02
8.180000000000000000e+02
8.210000000000000000e+02
8.220000000000000000e+02
8.240000000000000000e+02
8.310000000000000000e+02
8.330000000000000000e+02
8.400000000000000000e+02
8.430000000000000000e+02
8.440000000000000000e+02
8.450000000000000000e+02
8.460000000000000000e+02
8.470000000000000000e+02
8.480000000000000000e+02
8.490000000000000000e+02
8.540000000000000000e+02
8.580000000000000000e+02
8.620000000000000000e+02
8.650000000000000000e+02
8.660000000000000000e+02
8.690000000000000000e+02
8.700000000000000000e+02
8.750000000000000000e+02
8.770000000000000000e+02
8.810000000000000000e+02
8.840000000000000000e+02
8.870000000000000000e+02
8.880000000000000000e+02
8.920000000000000000e+02
8.940000000000000000e+02
8.950000000000000000e+02
8.980000000000000000e+02
9.030000000000000000e+02
9.040000000000000000e+02
9.060000000000000000e+02
9.090000000000000000e+02
9.150000000000000000e+02
9.170000000000000000e+02
9.200000000000000000e+02
9.230000000000000000e+02
9.240000000000000000e+02
9.260000000000000000e+02
9.270000000000000000e+02
9.280000000000000000e+02
9.290000000000000000e+02
9.300000000000000000e+02
9.310000000000000000e+02
9.320000000000000000e+02
9.350000000000000000e+02
9.360000000000000000e+02
9.390000000000000000e+02
9.400000000000000000e+02
9.410000000000000000e+02
9.440000000000000000e+02
9.490000000000000000e+02
9.530000000000000000e+02
9.590000000000000000e+02
9.610000000000000000e+02
9.650000000000000000e+02
9.670000000000000000e+02
9.680000000000000000e+02
9.710000000000000000e+02
9.730000000000000000e+02
9.740000000000000000e+02
9.780000000000000000e+02
9.870000000000000000e+02
9.900000000000000000e+02
9.920000000000000000e+02
9.930000000000000000e+02
9.940000000000000000e+02
9.960000000000000000e+02
9.970000000000000000e+02
9.980000000000000000e+02
9.990000000000000000e+02
