# 910 _-10
7.000000000000000000e+00
1.000000000000000000e+01
2.000000000000000000e+01
2.100000000000000000e+01
2.700000000000000000e+01
3.600000000000000000e+01
4.000000000000000000e+01
4.100000000000000000e+01
4.400000000000000000e+01
4.900000000000000000e+01
5.000000000000000000e+01
5.400000000000000000e+01
5.800000000000000000e+01
5.900000000000000000e+01
6.100000000000000000e+01
6.300000000000000000e+01
6.400000000000000000e+01
8.000000000000000000e+01
8.500000000000000000e+01
8.900000000000000000e+01
9.100000000000000000e+01
9.200000000000000000e+01
9.700000000000000000e+01
1.050000000000000000e+02
1.070000000000000000e+02
1.110000000000000000e+02
1.140000000000000000e+02
1.170000000000000000e+02
1.180000000000000000e+02
1.230000000000000000e+02
1.240000000000000000e+02
1.250000000000000000e+02
1.310000000000000000e+02
1.340000000000000000e+02
1.350000000000000000e+02
1.370000000000000000e+02
1.410000000000000000e+02
1.420000000000000000e+02
1.430000000000000000e+02
1.500000000000000000e+02
1.510000000000000000e+02
1.520000000000000000e+02
1.530000000000000000e+02
1.940000000000000000e+02
1.960000000000000000e+02
1.970000000000000000e+02
1.990000000000000000e+02
2.010000000000000000e+02
2.120000000000000000e+02
2.140000000000000000e+02
2.240000000000000000e+02
2.330000000000000000e+02
2.400000000000000000e+02
2.490000000000000000e+02
2.500000000000000000e+02
2.530000000000000000e+02
2.550000000000000000e+02
2.560000000000000000e+02
2.590000000000000000e+02
2.620000000000000000e+02
2.630000000000000000e+02
2.730000000000000000e+02
2.860000000000000000e+02
2.880000000000000000e+02
2.890000000000000000e+02
2.930000000000000000e+02
2.970000000000000000e+02
2.980000000000000000e+02
3.070000000000000000e+02
3.110000000000000000e+02
3.130000000000000000e+02
3.140000000000000000e+02
3.310000000000000000e+02
3.360000000000000000e+02
3.370000000000000000e+02
3.390000000000000000e+02
3.400000000000000000e+02
3.430000000000000000e+02
3.440000000000000000e+02
3.460000000000000000e+02
3.480000000000000000e+02
3.500000000000000000e+02
3.520000000000000000e+02
3.590000000000000000e+02
3.600000000000000000e+02
3.630000000000000000e+02
3.660000000000000000e+02
3.670000000000000000e+02
3.690000000000000000e+02
3.700000000000000000e+02
3.730000000000000000e+02
3.740000000000000000e+02
3.750000000000000000e+02
3.760000000000000000e+02
3.770000000000000000e+02
3.850000000000000000e+02
3.880000000000000000e+02
3.920000000000000000e+02
3.990000000000000000e+02
4.010000000000000000e+02
4.050000000000000000e+02
4.060000000000000000e+02
4.070000000000000000e+02
4.090000000000000000e+02
4.110000000000000000e+02
4.170000000000000000e+02
4.200000000000000000e+02
4.230000000000000000e+02
4.270000000000000000e+02
4.280000000000000000e+02
4.420000000000000000e+02
4.460000000000000000e+02
4.560000000000000000e+02
4.610000000000000000e+02
4.640000000000000000e+02
4.650000000000000000e+02
4.670000000000000000e+02
4.700000000000000000e+02
4.710000000000000000e+02
4.720000000000000000e+02
4.740000000000000000e+02
4.750000000000000000e+02
4.770000000000000000e+02
4.800000000000000000e+02
4.820000000000000000e+02
4.860000000000000000e+02
4.890000000000000000e+02
4.920000000000000000e+02
4.940000000000000000e+02
4.960000000000000000e+02
4.980000000000000000e+02
5.040000000000000000e+02
5.070000000000000000e+02
5.130000000000000000e+02
5.260000000000000000e+02
5.350000000000000000e+02
5.360000000000000000e+02
5.380000000000000000e+02
5.430000000000000000e+02
5.460000000000000000e+02
5.470000000000000000e+02
5.500000000000000000e+02
5.540000000000000000e+02
5.590000000000000000e+02
5.620000000000000000e+02
5.630000000000000000e+02
5.670000000000000000e+02
5.680000000000000000e+02
5.700000000000000000e+02
5.710000000000000000e+02
5.740000000000000000e+02
5.780000000000000000e+02
5.860000000000000000e+02
5.930000000000000000e+02
6.060000000000000000e+02
6.100000000000000000e+02
6.140000000000000000e+02
6.150000000000000000e+02
6.180000000000000000e+02
6.220000000000000000e+02
6.240000000000000000e+02
6.290000000000000000e+02
6.300000000000000000e+02
6.310000000000000000e+02
6.330000000000000000e+02
6.370000000000000000e+02
6.380000000000000000e+02
6.410000000000000000e+02
6.430000000000000000e+02
6.470000000000000000e+02
6.480000000000000000e+02
6.520000000000000000e+02
6.550000000000000000e+02
6.620000000000000000e+02
6.780000000000000000e+02
6.870000000000000000e+02
6.880000000000000000e+02
6.980000000000000000e+02
7.020000000000000000e+02
7.120000000000000000e+02
7.150000000000000000e+02
7.170000000000000000e+02
7.210000000000000000e+02
7.240000000000000000e+02
7.250000000000000000e+02
7.310000000000000000e+02
7.320000000000000000e+02
7.350000000000000000e+02
7.450000000000000000e+02
7.480000000000000000e+02
7.500000000000000000e+02
7.530000000000000000e+02
7.540000000000000000e+02
7.550000000000000000e+02
7.580000000000000000e+02
7.590000000000000000e+02
7.620000000000000000e+02
7.650000000000000000e+02
7.660000000000000000e+02
7.670000000000000000e+02
7.690000000000000000e+02
7.700000000000000000e+02
7.710000000000000000e+02
7.890000000000000000e+02
7.950000000000000000e+02
7.960000000000000000e+02
8.000000000000000000e+02
8.060000000000000000e+02
8.100000000000000000e+02
8.140000000000000000e+02
8.290000000000000000e+02
8.320000000000000000e+02
8.390000000000000000e+02
8.510000000000000000e+02
8.520000000000000000e+02
8.550000000000000000e+02
8.600000000000000000e+02
8.610000000000000000e+02
8.630000000000000000e+02
8.670000000000000000e+02
8.710000000000000000e+02
8.720000000000000000e+02
8.740000000000000000e+02
8.790000000000000000e+02
8.800000000000000000e+02
8.850000000000000000e+02
8.860000000000000000e+02
8.900000000000000000e+02
8.910000000000000000e+02
9.000000000000000000e+02
9.070000000000000000e+02
9.080000000000000000e+02
9.100000000000000000e+02
9.110000000000000000e+02
9.120000000000000000e+02
9.210000000000000000e+02
9.220000000000000000e+02
9.380000000000000000e+02
9.420000000000000000e+02
9.430000000000000000e+02
9.450000000000000000e+02
9.510000000000000000e+02
9.550000000000000000e+02
9.560000000000000000e+02
9.570000000000000000e+02
9.580000000000000000e+02
9.620000000000000000e+02
9.690000000000000000e+02
9.720000000000000000e+02
9.750000000000000000e+02
9.760000000000000000e+02
9.770000000000000000e+02
9.790000000000000000e+02
9.850000000000000000e+02
