# 713 _-1-1-1
0.000000000000000000e+00
1.000000000000000000e+00
4.000000000000000000e+00
1.100000000000000000e+01
1.700000000000000000e+01
2.000000000000000000e+01
2.500000000000000000e+01
3.100000000000000000e+01
3.900000000000000000e+01
4.500000000000000000e+01
4.600000000000000000e+01
4.800000000000000000e+01
6.300000000000000000e+01
6.500000000000000000e+01
9.300000000000000000e+01
9.600000000000000000e+01
1.060000000000000000e+02
1.140000000000000000e+02
1.150000000000000000e+02
1.240000000000000000e+02
1.250000000000000000e+02
1.500000000000000000e+02
1.540000000000000000e+02
1.580000000000000000e+02
1.590000000000000000e+02
1.620000000000000000e+02
1.650000000000000000e+02
1.660000000000000000e+02
1.710000000000000000e+02
1.730000000000000000e+02
1.760000000000000000e+02
1.900000000000000000e+02
1.910000000000000000e+02
1.930000000000000000e+02
1.990000000000000000e+02
2.040000000000000000e+02
2.070000000000000000e+02
2.110000000000000000e+02
2.170000000000000000e+02
2.210000000000000000e+02
2.240000000000000000e+02
2.280000000000000000e+02
2.310000000000000000e+02
2.370000000000000000e+02
2.420000000000000000e+02
2.440000000000000000e+02
2.450000000000000000e+02
2.530000000000000000e+02
2.550000000000000000e+02
2.630000000000000000e+02
2.660000000000000000e+02
2.680000000000000000e+02
2.770000000000000000e+02
2.980000000000000000e+02
2.990000000000000000e+02
3.030000000000000000e+02
3.150000000000000000e+02
3.210000000000000000e+02
3.240000000000000000e+02
3.270000000000000000e+02
3.310000000000000000e+02
3.400000000000000000e+02
3.430000000000000000e+02
3.520000000000000000e+02
3.540000000000000000e+02
3.560000000000000000e+02
3.570000000000000000e+02
3.630000000000000000e+02
3.740000000000000000e+02
3.780000000000000000e+02
3.810000000000000000e+02
3.850000000000000000e+02
3.860000000000000000e+02
3.940000000000000000e+02
3.970000000000000000e+02
4.000000000000000000e+02
4.060000000000000000e+02
4.080000000000000000e+02
4.120000000000000000e+02
4.140000000000000000e+02
4.170000000000000000e+02
4.190000000000000000e+02
4.320000000000000000e+02
4.350000000000000000e+02
4.500000000000000000e+02
4.550000000000000000e+02
4.590000000000000000e+02
4.620000000000000000e+02
4.630000000000000000e+02
4.720000000000000000e+02
4.770000000000000000e+02
4.900000000000000000e+02
4.920000000000000000e+02
4.940000000000000000e+02
4.960000000000000000e+02
5.140000000000000000e+02
5.190000000000000000e+02
5.240000000000000000e+02
5.260000000000000000e+02
5.430000000000000000e+02
5.440000000000000000e+02
5.510000000000000000e+02
5.520000000000000000e+02
5.530000000000000000e+02
5.550000000000000000e+02
5.580000000000000000e+02
5.590000000000000000e+02
5.610000000000000000e+02
5.640000000000000000e+02
5.650000000000000000e+02
5.860000000000000000e+02
5.910000000000000000e+02
5.920000000000000000e+02
5.960000000000000000e+02
5.970000000000000000e+02
5.990000000000000000e+02
6.030000000000000000e+02
6.070000000000000000e+02
6.130000000000000000e+02
6.180000000000000000e+02
6.220000000000000000e+02
6.300000000000000000e+02
6.310000000000000000e+02
6.330000000000000000e+02
6.380000000000000000e+02
6.420000000000000000e+02
6.520000000000000000e+02
6.530000000000000000e+02
6.590000000000000000e+02
6.660000000000000000e+02
6.740000000000000000e+02
6.780000000000000000e+02
6.800000000000000000e+02
6.820000000000000000e+02
6.840000000000000000e+02
6.930000000000000000e+02
6.940000000000000000e+02
6.960000000000000000e+02
7.050000000000000000e+02
7.100000000000000000e+02
7.120000000000000000e+02
7.130000000000000000e+02
7.160000000000000000e+02
7.280000000000000000e+02
7.370000000000000000e+02
7.510000000000000000e+02
7.570000000000000000e+02
7.590000000000000000e+02
7.620000000000000000e+02
7.630000000000000000e+02
7.720000000000000000e+02
7.790000000000000000e+02
7.820000000000000000e+02
7.840000000000000000e+02
7.890000000000000000e+02
7.930000000000000000e+02
7.980000000000000000e+02
8.000000000000000000e+02
8.100000000000000000e+02
8.130000000000000000e+02
8.150000000000000000e+02
8.200000000000000000e+02
8.260000000000000000e+02
8.440000000000000000e+02
8.540000000000000000e+02
8.630000000000000000e+02
8.700000000000000000e+02
8.720000000000000000e+02
8.840000000000000000e+02
8.860000000000000000e+02
8.870000000000000000e+02
8.890000000000000000e+02
8.900000000000000000e+02
9.030000000000000000e+02
9.100000000000000000e+02
9.210000000000000000e+02
9.340000000000000000e+02
9.370000000000000000e+02
9.460000000000000000e+02
9.530000000000000000e+02
9.550000000000000000e+02
9.690000000000000000e+02
9.740000000000000000e+02
9.830000000000000000e+02
9.910000000000000000e+02
9.960000000000000000e+02
