# 308 _-10
2.000000000000000000e+00
5.000000000000000000e+00
7.000000000000000000e+00
9.000000000000000000e+00
1.400000000000000000e+01
2.600000000000000000e+01
2.700000000000000000e+01
3.500000000000000000e+01
3.600000000000000000e+01
4.000000000000000000e+01
4.100000000000000000e+01
5.500000000000000000e+01
5.700000000000000000e+01
5.800000000000000000e+01
6.400000000000000000e+01
7.000000000000000000e+01
7.300000000000000000e+01
7.400000000000000000e+01
7.600000000000000000e+01
8.300000000000000000e+01
8.400000000000000000e+01
8.600000000000000000e+01
9.000000000000000000e+01
9.200000000000000000e+01
9.800000000000000000e+01
1.020000000000000000e+02
1.050000000000000000e+02
1.080000000000000000e+02
1.130000000000000000e+02
1.180000000000000000e+02
1.230000000000000000e+02
1.260000000000000000e+02
1.280000000000000000e+02
1.330000000000000000e+02
1.340000000000000000e+02
1.390000000000000000e+02
1.410000000000000000e+02
1.430000000000000000e+02
1.440000000000000000e+02
1.480000000000000000e+02
1.490000000000000000e+02
1.520000000000000000e+02
1.530000000000000000e+02
1.610000000000000000e+02
1.670000000000000000e+02
1.690000000000000000e+02
1.700000000000000000e+02
1.720000000000000000e+02
1.740000000000000000e+02
1.790000000000000000e+02
1.820000000000000000e+02
1.850000000000000000e+02
1.860000000000000000e+02
1.920000000000000000e+02
1.980000000000000000e+02
2.020000000000000000e+02
2.030000000000000000e+02
2.080000000000000000e+02
2.100000000000000000e+02
2.120000000000000000e+02
2.130000000000000000e+02
2.140000000000000000e+02
2.150000000000000000e+02
2.220000000000000000e+02
2.230000000000000000e+02
2.260000000000000000e+02
2.270000000000000000e+02
2.290000000000000000e+02
2.320000000000000000e+02
2.330000000000000000e+02
2.340000000000000000e+02
2.350000000000000000e+02
2.430000000000000000e+02
2.470000000000000000e+02
2.500000000000000000e+02
2.520000000000000000e+02
2.560000000000000000e+02
2.650000000000000000e+02
2.670000000000000000e+02
2.700000000000000000e+02
2.720000000000000000e+02
2.730000000000000000e+02
2.820000000000000000e+02
2.840000000000000000e+02
2.890000000000000000e+02
2.900000000000000000e+02
2.910000000000000000e+02
2.940000000000000000e+02
2.960000000000000000e+02
2.970000000000000000e+02
3.000000000000000000e+02
3.060000000000000000e+02
3.070000000000000000e+02
3.080000000000000000e+02
3.110000000000000000e+02
3.130000000000000000e+02
3.190000000000000000e+02
3.220000000000000000e+02
3.230000000000000000e+02
3.250000000000000000e+02
3.260000000000000000e+02
3.280000000000000000e+02
3.300000000000000000e+02
3.340000000000000000e+02
3.380000000000000000e+02
3.440000000000000000e+02
3.480000000000000000e+02
3.590000000000000000e+02
3.600000000000000000e+02
3.620000000000000000e+02
3.640000000000000000e+02
3.670000000000000000e+02
3.710000000000000000e+02
3.750000000000000000e+02
3.760000000000000000e+02
3.770000000000000000e+02
3.820000000000000000e+02
3.870000000000000000e+02
3.880000000000000000e+02
3.950000000000000000e+02
4.010000000000000000e+02
4.020000000000000000e+02
4.100000000000000000e+02
4.220000000000000000e+02
4.240000000000000000e+02
4.260000000000000000e+02
4.280000000000000000e+02
4.310000000000000000e+02
4.340000000000000000e+02
4.360000000000000000e+02
4.370000000000000000e+02
4.390000000000000000e+02
4.420000000000000000e+02
4.440000000000000000e+02
4.450000000000000000e+02
4.490000000000000000e+02
4.530000000000000000e+02
4.580000000000000000e+02
4.600000000000000000e+02
4.660000000000000000e+02
4.670000000000000000e+02
4.680000000000000000e+02
4.690000000000000000e+02
4.700000000000000000e+02
4.740000000000000000e+02
4.750000000000000000e+02
4.760000000000000000e+02
4.810000000000000000e+02
4.830000000000000000e+02
4.840000000000000000e+02
4.890000000000000000e+02
4.930000000000000000e+02
4.970000000000000000e+02
4.980000000000000000e+02
5.010000000000000000e+02
5.020000000000000000e+02
5.080000000000000000e+02
5.110000000000000000e+02
5.180000000000000000e+02
5.200000000000000000e+02
5.250000000000000000e+02
5.280000000000000000e+02
5.300000000000000000e+02
5.330000000000000000e+02
5.340000000000000000e+02
5.350000000000000000e+02
5.370000000000000000e+02
5.380000000000000000e+02
5.400000000000000000e+02
5.410000000000000000e+02
5.560000000000000000e+02
5.570000000000000000e+02
5.710000000000000000e+02
5.770000000000000000e+02
5.780000000000000000e+02
5.840000000000000000e+02
5.900000000000000000e+02
5.930000000000000000e+02
5.980000000000000000e+02
6.000000000000000000e+02
6.020000000000000000e+02
6.050000000000000000e+02
6.090000000000000000e+02
6.120000000000000000e+02
6.140000000000000000e+02
6.260000000000000000e+02
6.280000000000000000e+02
6.290000000000000000e+02
6.400000000000000000e+02
6.460000000000000000e+02
6.480000000000000000e+02
6.490000000000000000e+02
6.570000000000000000e+02
6.620000000000000000e+02
6.670000000000000000e+02
6.710000000000000000e+02
6.720000000000000000e+02
6.730000000000000000e+02
6.760000000000000000e+02
6.770000000000000000e+02
6.790000000000000000e+02
6.850000000000000000e+02
6.860000000000000000e+02
6.870000000000000000e+02
6.900000000000000000e+02
7.040000000000000000e+02
7.080000000000000000e+02
7.150000000000000000e+02
7.200000000000000000e+02
7.230000000000000000e+02
7.290000000000000000e+02
7.300000000000000000e+02
7.380000000000000000e+02
7.390000000000000000e+02
7.410000000000000000e+02
7.470000000000000000e+02
7.480000000000000000e+02
7.490000000000000000e+02
7.520000000000000000e+02
7.530000000000000000e+02
7.600000000000000000e+02
7.650000000000000000e+02
7.670000000000000000e+02
7.700000000000000000e+02
7.710000000000000000e+02
7.730000000000000000e+02
7.750000000000000000e+02
7.770000000000000000e+02
7.780000000000000000e+02
7.920000000000000000e+02
7.990000000000000000e+02
8.020000000000000000e+02
8.030000000000000000e+02
8.040000000000000000e+02
8.090000000000000000e+02
8.120000000000000000e+02
8.140000000000000000e+02
8.210000000000000000e+02
8.280000000000000000e+02
8.290000000000000000e+02
8.320000000000000000e+02
8.370000000000000000e+02
8.390000000000000000e+02
8.400000000000000000e+02
8.460000000000000000e+02
8.470000000000000000e+02
8.510000000000000000e+02
8.530000000000000000e+02
8.560000000000000000e+02
8.580000000000000000e+02
8.650000000000000000e+02
8.670000000000000000e+02
8.680000000000000000e+02
8.760000000000000000e+02
8.810000000000000000e+02
8.830000000000000000e+02
8.880000000000000000e+02
8.920000000000000000e+02
8.950000000000000000e+02
9.090000000000000000e+02
9.130000000000000000e+02
9.140000000000000000e+02
9.170000000000000000e+02
9.180000000000000000e+02
9.190000000000000000e+02
9.220000000000000000e+02
9.240000000000000000e+02
9.250000000000000000e+02
9.260000000000000000e+02
9.330000000000000000e+02
9.350000000000000000e+02
9.400000000000000000e+02
9.420000000000000000e+02
9.470000000000000000e+02
9.480000000000000000e+02
9.520000000000000000e+02
9.540000000000000000e+02
9.560000000000000000e+02
9.570000000000000000e+02
9.580000000000000000e+02
9.630000000000000000e+02
9.640000000000000000e+02
9.650000000000000000e+02
9.660000000000000000e+02
9.760000000000000000e+02
9.780000000000000000e+02
9.790000000000000000e+02
9.800000000000000000e+02
9.850000000000000000e+02
9.860000000000000000e+02
9.870000000000000000e+02
9.900000000000000000e+02
9.940000000000000000e+02
9.950000000000000000e+02
