# 205 12 609
10
18
22
28
36
37
45
50
52
59
61
63
68
71
73
79
81
88
98
119
120
124
128
132
134
138
142
149
155
158
159
160
166
167
169
172
188
196
197
209
211
212
215
216
222
223
229
233
234
236
240
241
255
256
257
259
276
282
283
298
300
302
304
307
311
337
345
354
357
358
359
360
369
370
385
412
417
418
423
429
434
440
448
451
453
454
458
459
461
462
466
470
475
476
491
498
507
511
513
514
521
523
526
533
534
538
539
542
552
553
557
560
567
575
576
577
578
594
596
604
609
612
614
616
619
623
624
628
634
636
638
642
646
652
655
660
665
668
673
688
689
692
696
700
712
720
725
743
749
756
760
787
789
791
795
796
799
801
805
807
816
826
827
837
838
843
846
847
850
861
864
865
867
870
875
879
884
887
892
896
907
917
918
922
925
926
933
937
943
945
953
955
961
963
968
971
979
983
984
985
987
988
990
994
999
