# 181 13 58
9
14
15
25
29
38
41
44
46
54
58
62
72
76
77
84
86
89
94
104
108
118
121
126
129
133
146
147
156
174
175
191
198
217
226
238
243
254
267
273
274
278
281
285
290
305
308
315
319
320
321
322
329
334
335
347
353
362
363
367
374
375
380
383
384
390
394
396
406
407
408
410
411
414
416
425
445
460
472
473
477
479
490
494
499
500
501
505
509
519
520
522
525
546
555
558
562
565
571
582
588
592
595
601
602
605
610
611
613
618
625
627
630
644
647
649
656
664
666
669
672
675
682
685
690
691
695
698
704
706
709
716
729
737
742
747
755
767
768
774
779
792
806
810
812
815
817
836
842
844
853
860
871
874
877
888
894
898
900
901
913
916
919
921
927
931
932
939
940
942
946
950
952
956
960
962
966
975
976
978
998
