# 291 12 464
10
18
19
22
23
26
28
31
36
37
45
50
52
59
61
63
68
71
73
79
81
88
95
98
111
117
119
120
124
127
128
132
134
138
140
142
143
145
148
149
151
155
158
159
160
166
167
169
172
180
186
188
196
197
199
203
207
209
211
212
215
216
221
222
223
229
233
234
236
240
241
242
249
251
255
256
257
259
276
277
282
283
291
292
298
300
301
302
303
304
307
311
327
337
338
343
345
351
354
357
358
359
360
369
370
382
385
386
389
393
403
412
417
418
423
424
429
434
435
438
439
440
448
450
451
453
454
458
459
461
462
463
464
466
467
469
470
475
476
478
482
484
491
498
504
507
511
513
514
517
521
523
526
528
533
534
538
539
540
542
548
551
552
553
557
560
561
567
569
570
575
576
577
578
594
596
604
607
609
612
614
616
619
623
624
628
634
636
638
640
642
645
646
652
655
660
665
668
673
677
679
684
686
688
689
692
693
694
696
700
705
712
720
725
739
743
749
750
751
756
760
769
773
778
787
789
791
795
796
799
801
805
807
809
816
823
826
827
837
838
843
846
847
848
850
861
864
865
867
869
870
872
875
879
882
884
887
892
896
903
904
907
917
918
922
924
925
926
928
933
937
943
945
949
953
955
957
958
961
963
968
971
979
983
984
985
987
988
990
994
999
