# 258 13 683
2
9
14
15
21
25
29
33
34
38
41
44
46
54
55
58
62
72
75
76
77
80
84
86
89
92
93
94
101
104
106
108
115
118
121
126
129
133
144
146
147
154
156
165
170
171
174
175
191
193
198
217
220
226
238
243
244
248
250
252
254
261
267
273
274
278
280
281
285
287
290
296
305
306
308
315
319
320
321
322
329
334
335
341
347
348
353
361
362
363
367
368
372
374
375
377
380
383
384
390
391
394
396
406
407
408
410
411
414
416
425
445
460
465
472
473
477
479
486
490
492
493
494
499
500
501
505
508
509
516
519
520
522
525
545
546
555
558
562
564
565
571
582
587
588
589
590
592
595
600
601
602
605
610
611
613
618
621
625
626
627
630
637
644
647
649
650
651
656
657
664
666
669
671
672
675
681
682
683
685
690
691
695
698
699
703
704
706
709
716
726
728
729
735
736
737
742
744
747
753
755
764
767
768
774
779
792
794
802
806
810
812
815
817
824
836
840
842
844
853
858
859
860
871
874
877
880
888
894
898
900
901
911
913
914
916
919
921
927
930
931
932
939
940
942
944
946
950
952
956
960
962
966
975
976
978
993
998
