# 172 11 710
0
4
11
16
17
30
39
43
47
56
57
60
65
70
78
83
91
99
103
105
110
112
116
131
139
141
150
153
161
164
168
173
179
181
183
184
195
200
202
204
206
208
213
214
225
227
228
235
237
239
253
260
266
269
270
271
289
297
299
313
317
323
324
330
333
340
349
350
352
366
378
387
388
397
398
400
404
409
415
419
422
430
433
442
443
446
455
471
474
480
497
502
510
512
524
529
530
535
541
559
572
573
579
580
581
583
585
597
622
629
633
639
641
653
654
662
674
680
697
702
707
708
710
711
713
714
717
719
722
731
733
745
757
759
762
765
775
784
788
790
793
797
798
800
804
808
818
819
822
825
828
830
835
851
878
883
889
891
893
897
899
905
909
910
920
936
947
964
967
970
981
989
