# 152 14 603
1
3
5
6
8
13
20
40
42
49
53
64
66
69
82
85
87
90
96
97
100
109
113
122
123
125
130
135
137
163
185
189
190
192
194
201
205
219
247
258
262
288
309
310
312
316
318
325
326
328
336
339
344
346
355
364
365
373
379
381
405
413
426
428
431
437
444
447
452
456
481
483
485
488
489
496
515
527
532
536
544
547
549
556
566
568
574
584
593
603
606
608
615
631
643
648
661
667
676
678
721
723
724
730
732
734
738
740
754
761
763
766
770
771
772
777
780
781
783
803
811
813
814
820
829
834
854
857
862
866
868
873
885
890
895
902
908
912
935
938
941
959
965
969
973
974
980
986
991
995
996
997
