# 164 12 609
10
18
22
28
37
50
52
59
63
68
73
79
81
88
98
124
128
132
138
142
149
158
159
166
167
188
196
197
209
211
212
215
216
222
223
229
233
234
236
240
241
255
256
257
259
276
282
283
300
302
307
311
337
345
357
358
360
369
370
417
418
423
434
448
453
454
458
459
461
462
466
470
475
476
491
498
507
511
513
514
521
523
526
533
534
538
539
542
557
560
567
575
576
577
594
596
604
609
623
624
628
634
638
646
652
655
660
665
673
688
692
696
700
712
720
725
743
749
756
787
789
791
795
796
799
801
805
807
816
826
837
843
846
847
850
861
864
865
867
870
884
887
892
896
907
917
922
925
926
933
937
945
953
955
961
971
979
983
985
987
988
990
994
999
