# 151 13 601
9
14
15
25
29
38
44
46
62
72
76
77
84
86
89
104
108
121
126
129
133
146
156
174
175
191
198
217
226
238
243
267
273
274
278
281
285
290
315
319
320
321
322
329
334
335
362
363
367
374
375
380
383
384
394
396
407
408
411
416
445
460
472
473
477
479
490
494
499
500
501
505
509
519
520
522
525
546
555
558
562
565
571
582
588
592
601
602
610
611
613
618
625
627
630
647
649
656
664
666
672
682
690
695
698
704
706
709
716
729
737
742
747
767
768
774
779
792
806
810
815
817
836
842
844
853
860
871
874
877
888
894
898
900
901
913
919
921
927
931
932
939
940
942
946
956
962
966
975
976
978
