# 326 _-1-1-1
1.000000000000000000e+00
4.000000000000000000e+00
7.000000000000000000e+00
1.000000000000000000e+01
1.900000000000000000e+01
2.800000000000000000e+01
2.900000000000000000e+01
3.000000000000000000e+01
3.200000000000000000e+01
3.800000000000000000e+01
4.000000000000000000e+01
4.200000000000000000e+01
4.400000000000000000e+01
4.600000000000000000e+01
5.400000000000000000e+01
5.600000000000000000e+01
6.200000000000000000e+01
6.600000000000000000e+01
6.900000000000000000e+01
7.000000000000000000e+01
7.300000000000000000e+01
7.400000000000000000e+01
7.900000000000000000e+01
8.000000000000000000e+01
8.900000000000000000e+01
1.000000000000000000e+02
1.080000000000000000e+02
1.120000000000000000e+02
1.150000000000000000e+02
1.160000000000000000e+02
1.340000000000000000e+02
1.350000000000000000e+02
1.400000000000000000e+02
1.430000000000000000e+02
1.480000000000000000e+02
1.490000000000000000e+02
1.530000000000000000e+02
1.620000000000000000e+02
1.740000000000000000e+02
1.750000000000000000e+02
1.760000000000000000e+02
1.940000000000000000e+02
1.950000000000000000e+02
2.000000000000000000e+02
2.010000000000000000e+02
2.040000000000000000e+02
2.070000000000000000e+02
2.130000000000000000e+02
2.140000000000000000e+02
2.150000000000000000e+02
2.250000000000000000e+02
2.370000000000000000e+02
2.420000000000000000e+02
2.450000000000000000e+02
2.480000000000000000e+02
2.490000000000000000e+02
2.500000000000000000e+02
2.540000000000000000e+02
2.570000000000000000e+02
2.630000000000000000e+02
2.650000000000000000e+02
2.760000000000000000e+02
2.890000000000000000e+02
2.980000000000000000e+02
3.000000000000000000e+02
3.020000000000000000e+02
3.060000000000000000e+02
3.080000000000000000e+02
3.130000000000000000e+02
3.180000000000000000e+02
3.190000000000000000e+02
3.250000000000000000e+02
3.260000000000000000e+02
3.280000000000000000e+02
3.300000000000000000e+02
3.310000000000000000e+02
3.390000000000000000e+02
3.430000000000000000e+02
3.450000000000000000e+02
3.700000000000000000e+02
3.750000000000000000e+02
3.760000000000000000e+02
3.820000000000000000e+02
3.860000000000000000e+02
3.870000000000000000e+02
3.900000000000000000e+02
3.950000000000000000e+02
3.980000000000000000e+02
4.000000000000000000e+02
4.100000000000000000e+02
4.180000000000000000e+02
4.200000000000000000e+02
4.260000000000000000e+02
4.340000000000000000e+02
4.350000000000000000e+02
4.420000000000000000e+02
4.440000000000000000e+02
4.460000000000000000e+02
4.470000000000000000e+02
4.540000000000000000e+02
4.640000000000000000e+02
4.650000000000000000e+02
4.720000000000000000e+02
4.890000000000000000e+02
4.910000000000000000e+02
4.980000000000000000e+02
5.040000000000000000e+02
5.080000000000000000e+02
5.090000000000000000e+02
5.110000000000000000e+02
5.140000000000000000e+02
5.210000000000000000e+02
5.220000000000000000e+02
5.230000000000000000e+02
5.390000000000000000e+02
5.430000000000000000e+02
5.460000000000000000e+02
5.510000000000000000e+02
5.570000000000000000e+02
5.590000000000000000e+02
5.620000000000000000e+02
5.630000000000000000e+02
5.640000000000000000e+02
5.650000000000000000e+02
5.660000000000000000e+02
5.670000000000000000e+02
5.680000000000000000e+02
5.700000000000000000e+02
5.710000000000000000e+02
5.760000000000000000e+02
5.810000000000000000e+02
5.820000000000000000e+02
5.850000000000000000e+02
5.960000000000000000e+02
5.980000000000000000e+02
6.010000000000000000e+02
6.020000000000000000e+02
6.050000000000000000e+02
6.110000000000000000e+02
6.190000000000000000e+02
6.210000000000000000e+02
6.230000000000000000e+02
6.240000000000000000e+02
6.250000000000000000e+02
6.300000000000000000e+02
6.330000000000000000e+02
6.340000000000000000e+02
6.350000000000000000e+02
6.410000000000000000e+02
6.420000000000000000e+02
6.470000000000000000e+02
6.480000000000000000e+02
6.490000000000000000e+02
6.510000000000000000e+02
6.580000000000000000e+02
6.610000000000000000e+02
6.680000000000000000e+02
6.700000000000000000e+02
6.720000000000000000e+02
6.730000000000000000e+02
6.830000000000000000e+02
6.900000000000000000e+02
6.930000000000000000e+02
6.970000000000000000e+02
6.990000000000000000e+02
7.000000000000000000e+02
7.140000000000000000e+02
7.280000000000000000e+02
7.440000000000000000e+02
7.510000000000000000e+02
7.520000000000000000e+02
7.600000000000000000e+02
7.620000000000000000e+02
7.710000000000000000e+02
7.720000000000000000e+02
7.750000000000000000e+02
7.770000000000000000e+02
7.800000000000000000e+02
7.840000000000000000e+02
7.890000000000000000e+02
7.910000000000000000e+02
8.030000000000000000e+02
8.040000000000000000e+02
8.150000000000000000e+02
8.250000000000000000e+02
8.330000000000000000e+02
8.340000000000000000e+02
8.350000000000000000e+02
8.360000000000000000e+02
8.430000000000000000e+02
8.470000000000000000e+02
8.500000000000000000e+02
8.540000000000000000e+02
8.580000000000000000e+02
8.610000000000000000e+02
8.690000000000000000e+02
8.770000000000000000e+02
8.790000000000000000e+02
8.850000000000000000e+02
8.860000000000000000e+02
8.870000000000000000e+02
8.880000000000000000e+02
8.980000000000000000e+02
8.990000000000000000e+02
9.010000000000000000e+02
9.030000000000000000e+02
9.040000000000000000e+02
9.050000000000000000e+02
9.070000000000000000e+02
9.110000000000000000e+02
9.150000000000000000e+02
9.170000000000000000e+02
9.180000000000000000e+02
9.200000000000000000e+02
9.280000000000000000e+02
9.310000000000000000e+02
9.330000000000000000e+02
9.340000000000000000e+02
9.410000000000000000e+02
9.420000000000000000e+02
9.440000000000000000e+02
9.470000000000000000e+02
9.520000000000000000e+02
9.540000000000000000e+02
9.560000000000000000e+02
9.590000000000000000e+02
9.620000000000000000e+02
9.720000000000000000e+02
9.770000000000000000e+02
9.850000000000000000e+02
9.910000000000000000e+02
9.940000000000000000e+02
9.950000000000000000e+02
9.960000000000000000e+02
