# 42 _-1-1-1-1-1
1.000000000000000000e+00
4.000000000000000000e+00
7.000000000000000000e+00
1.000000000000000000e+01
2.900000000000000000e+01
3.000000000000000000e+01
3.200000000000000000e+01
3.800000000000000000e+01
4.000000000000000000e+01
4.200000000000000000e+01
4.600000000000000000e+01
5.400000000000000000e+01
5.600000000000000000e+01
6.600000000000000000e+01
6.900000000000000000e+01
7.000000000000000000e+01
7.300000000000000000e+01
7.400000000000000000e+01
7.900000000000000000e+01
8.900000000000000000e+01
1.000000000000000000e+02
1.150000000000000000e+02
1.160000000000000000e+02
1.400000000000000000e+02
1.480000000000000000e+02
1.490000000000000000e+02
1.760000000000000000e+02
2.000000000000000000e+02
2.040000000000000000e+02
2.140000000000000000e+02
2.150000000000000000e+02
2.370000000000000000e+02
2.420000000000000000e+02
2.450000000000000000e+02
2.540000000000000000e+02
2.630000000000000000e+02
2.650000000000000000e+02
3.000000000000000000e+02
3.130000000000000000e+02
3.180000000000000000e+02
3.190000000000000000e+02
3.250000000000000000e+02
3.310000000000000000e+02
3.760000000000000000e+02
3.860000000000000000e+02
3.980000000000000000e+02
4.000000000000000000e+02
4.100000000000000000e+02
4.200000000000000000e+02
4.340000000000000000e+02
4.350000000000000000e+02
4.440000000000000000e+02
4.460000000000000000e+02
4.470000000000000000e+02
4.650000000000000000e+02
4.890000000000000000e+02
4.910000000000000000e+02
4.980000000000000000e+02
5.140000000000000000e+02
5.210000000000000000e+02
5.390000000000000000e+02
5.430000000000000000e+02
5.510000000000000000e+02
5.590000000000000000e+02
5.630000000000000000e+02
5.640000000000000000e+02
5.650000000000000000e+02
5.660000000000000000e+02
5.760000000000000000e+02
5.810000000000000000e+02
5.960000000000000000e+02
5.980000000000000000e+02
6.020000000000000000e+02
6.050000000000000000e+02
6.110000000000000000e+02
6.190000000000000000e+02
6.210000000000000000e+02
6.250000000000000000e+02
6.300000000000000000e+02
6.340000000000000000e+02
6.350000000000000000e+02
6.410000000000000000e+02
6.420000000000000000e+02
6.480000000000000000e+02
6.580000000000000000e+02
6.680000000000000000e+02
6.720000000000000000e+02
6.930000000000000000e+02
6.970000000000000000e+02
6.990000000000000000e+02
7.000000000000000000e+02
7.140000000000000000e+02
7.280000000000000000e+02
7.520000000000000000e+02
7.600000000000000000e+02
7.710000000000000000e+02
7.720000000000000000e+02
7.750000000000000000e+02
7.770000000000000000e+02
7.800000000000000000e+02
7.840000000000000000e+02
7.910000000000000000e+02
8.030000000000000000e+02
8.040000000000000000e+02
8.150000000000000000e+02
8.330000000000000000e+02
8.340000000000000000e+02
8.350000000000000000e+02
8.880000000000000000e+02
8.980000000000000000e+02
8.990000000000000000e+02
9.010000000000000000e+02
9.030000000000000000e+02
9.050000000000000000e+02
9.150000000000000000e+02
9.180000000000000000e+02
9.280000000000000000e+02
9.330000000000000000e+02
9.340000000000000000e+02
9.410000000000000000e+02
9.540000000000000000e+02
9.560000000000000000e+02
9.590000000000000000e+02
9.620000000000000000e+02
9.720000000000000000e+02
9.770000000000000000e+02
9.910000000000000000e+02
9.950000000000000000e+02
9.960000000000000000e+02
