# 10 _-1-1-1
1.000000000000000000e+01
1.800000000000000000e+01
1.900000000000000000e+01
2.200000000000000000e+01
2.400000000000000000e+01
3.800000000000000000e+01
4.200000000000000000e+01
4.800000000000000000e+01
5.100000000000000000e+01
5.200000000000000000e+01
5.300000000000000000e+01
5.800000000000000000e+01
6.200000000000000000e+01
6.400000000000000000e+01
6.700000000000000000e+01
7.400000000000000000e+01
7.700000000000000000e+01
7.800000000000000000e+01
8.100000000000000000e+01
8.400000000000000000e+01
8.900000000000000000e+01
9.000000000000000000e+01
9.100000000000000000e+01
9.300000000000000000e+01
9.800000000000000000e+01
9.900000000000000000e+01
1.000000000000000000e+02
1.040000000000000000e+02
1.210000000000000000e+02
1.260000000000000000e+02
1.400000000000000000e+02
1.410000000000000000e+02
1.440000000000000000e+02
1.450000000000000000e+02
1.460000000000000000e+02
1.500000000000000000e+02
1.680000000000000000e+02
1.810000000000000000e+02
1.920000000000000000e+02
2.000000000000000000e+02
2.010000000000000000e+02
2.020000000000000000e+02
2.030000000000000000e+02
2.110000000000000000e+02
2.130000000000000000e+02
2.160000000000000000e+02
2.170000000000000000e+02
2.230000000000000000e+02
2.240000000000000000e+02
2.280000000000000000e+02
2.350000000000000000e+02
2.380000000000000000e+02
2.480000000000000000e+02
2.490000000000000000e+02
2.550000000000000000e+02
2.640000000000000000e+02
2.700000000000000000e+02
2.710000000000000000e+02
2.730000000000000000e+02
2.740000000000000000e+02
2.760000000000000000e+02
2.780000000000000000e+02
2.810000000000000000e+02
2.870000000000000000e+02
2.930000000000000000e+02
3.050000000000000000e+02
3.110000000000000000e+02
3.180000000000000000e+02
3.230000000000000000e+02
3.270000000000000000e+02
3.280000000000000000e+02
3.300000000000000000e+02
3.340000000000000000e+02
3.360000000000000000e+02
3.380000000000000000e+02
3.400000000000000000e+02
3.420000000000000000e+02
3.480000000000000000e+02
3.490000000000000000e+02
3.500000000000000000e+02
3.510000000000000000e+02
3.760000000000000000e+02
3.790000000000000000e+02
3.870000000000000000e+02
3.970000000000000000e+02
4.080000000000000000e+02
4.140000000000000000e+02
4.230000000000000000e+02
4.340000000000000000e+02
4.350000000000000000e+02
4.360000000000000000e+02
4.370000000000000000e+02
4.470000000000000000e+02
4.480000000000000000e+02
4.490000000000000000e+02
4.520000000000000000e+02
4.530000000000000000e+02
4.560000000000000000e+02
4.630000000000000000e+02
4.660000000000000000e+02
4.680000000000000000e+02
4.690000000000000000e+02
4.760000000000000000e+02
4.790000000000000000e+02
4.800000000000000000e+02
4.910000000000000000e+02
4.960000000000000000e+02
5.000000000000000000e+02
5.020000000000000000e+02
5.050000000000000000e+02
5.100000000000000000e+02
5.110000000000000000e+02
5.130000000000000000e+02
5.170000000000000000e+02
5.190000000000000000e+02
5.220000000000000000e+02
5.280000000000000000e+02
5.300000000000000000e+02
5.310000000000000000e+02
5.350000000000000000e+02
5.360000000000000000e+02
5.400000000000000000e+02
5.430000000000000000e+02
5.480000000000000000e+02
5.600000000000000000e+02
5.610000000000000000e+02
5.630000000000000000e+02
5.640000000000000000e+02
5.660000000000000000e+02
5.680000000000000000e+02
5.690000000000000000e+02
5.810000000000000000e+02
5.860000000000000000e+02
5.880000000000000000e+02
5.910000000000000000e+02
6.050000000000000000e+02
6.090000000000000000e+02
6.130000000000000000e+02
6.170000000000000000e+02
6.180000000000000000e+02
6.190000000000000000e+02
6.230000000000000000e+02
6.240000000000000000e+02
6.280000000000000000e+02
6.290000000000000000e+02
6.330000000000000000e+02
6.360000000000000000e+02
6.380000000000000000e+02
6.400000000000000000e+02
6.630000000000000000e+02
6.730000000000000000e+02
6.760000000000000000e+02
6.790000000000000000e+02
6.890000000000000000e+02
6.930000000000000000e+02
6.950000000000000000e+02
6.960000000000000000e+02
7.010000000000000000e+02
7.030000000000000000e+02
7.040000000000000000e+02
7.140000000000000000e+02
7.150000000000000000e+02
7.160000000000000000e+02
7.280000000000000000e+02
7.320000000000000000e+02
7.370000000000000000e+02
7.400000000000000000e+02
7.430000000000000000e+02
7.470000000000000000e+02
7.590000000000000000e+02
7.670000000000000000e+02
7.680000000000000000e+02
7.710000000000000000e+02
7.740000000000000000e+02
7.780000000000000000e+02
8.010000000000000000e+02
8.040000000000000000e+02
8.090000000000000000e+02
8.180000000000000000e+02
8.240000000000000000e+02
8.320000000000000000e+02
8.330000000000000000e+02
8.350000000000000000e+02
8.410000000000000000e+02
8.420000000000000000e+02
8.470000000000000000e+02
8.530000000000000000e+02
8.550000000000000000e+02
8.610000000000000000e+02
8.670000000000000000e+02
8.730000000000000000e+02
8.740000000000000000e+02
8.750000000000000000e+02
8.790000000000000000e+02
8.830000000000000000e+02
8.850000000000000000e+02
8.860000000000000000e+02
8.870000000000000000e+02
8.890000000000000000e+02
8.920000000000000000e+02
8.950000000000000000e+02
9.010000000000000000e+02
9.030000000000000000e+02
9.040000000000000000e+02
9.050000000000000000e+02
9.110000000000000000e+02
9.160000000000000000e+02
9.230000000000000000e+02
9.240000000000000000e+02
9.260000000000000000e+02
9.270000000000000000e+02
9.290000000000000000e+02
9.330000000000000000e+02
9.370000000000000000e+02
9.550000000000000000e+02
9.590000000000000000e+02
9.610000000000000000e+02
9.710000000000000000e+02
9.730000000000000000e+02
9.780000000000000000e+02
9.810000000000000000e+02
9.840000000000000000e+02
9.850000000000000000e+02
9.910000000000000000e+02
9.930000000000000000e+02
9.940000000000000000e+02
9.990000000000000000e+02
