# 861 _-1-1-1-1
1.900000000000000000e+01
2.200000000000000000e+01
3.800000000000000000e+01
4.200000000000000000e+01
4.800000000000000000e+01
5.200000000000000000e+01
5.300000000000000000e+01
5.800000000000000000e+01
6.400000000000000000e+01
7.700000000000000000e+01
8.100000000000000000e+01
8.900000000000000000e+01
9.300000000000000000e+01
1.000000000000000000e+02
1.210000000000000000e+02
1.400000000000000000e+02
1.450000000000000000e+02
1.460000000000000000e+02
1.680000000000000000e+02
1.810000000000000000e+02
2.000000000000000000e+02
2.010000000000000000e+02
2.020000000000000000e+02
2.030000000000000000e+02
2.160000000000000000e+02
2.230000000000000000e+02
2.280000000000000000e+02
2.350000000000000000e+02
2.380000000000000000e+02
2.490000000000000000e+02
2.550000000000000000e+02
2.740000000000000000e+02
2.760000000000000000e+02
2.780000000000000000e+02
2.810000000000000000e+02
2.930000000000000000e+02
3.050000000000000000e+02
3.110000000000000000e+02
3.280000000000000000e+02
3.300000000000000000e+02
3.340000000000000000e+02
3.360000000000000000e+02
3.380000000000000000e+02
3.420000000000000000e+02
3.480000000000000000e+02
3.490000000000000000e+02
3.510000000000000000e+02
3.790000000000000000e+02
4.080000000000000000e+02
4.140000000000000000e+02
4.340000000000000000e+02
4.350000000000000000e+02
4.360000000000000000e+02
4.370000000000000000e+02
4.470000000000000000e+02
4.520000000000000000e+02
4.560000000000000000e+02
4.630000000000000000e+02
4.660000000000000000e+02
4.680000000000000000e+02
4.690000000000000000e+02
4.800000000000000000e+02
5.000000000000000000e+02
5.170000000000000000e+02
5.220000000000000000e+02
5.280000000000000000e+02
5.300000000000000000e+02
5.350000000000000000e+02
5.360000000000000000e+02
5.400000000000000000e+02
5.430000000000000000e+02
5.480000000000000000e+02
5.600000000000000000e+02
5.610000000000000000e+02
5.660000000000000000e+02
5.680000000000000000e+02
5.690000000000000000e+02
5.810000000000000000e+02
5.860000000000000000e+02
5.880000000000000000e+02
6.050000000000000000e+02
6.090000000000000000e+02
6.170000000000000000e+02
6.180000000000000000e+02
6.230000000000000000e+02
6.240000000000000000e+02
6.290000000000000000e+02
6.330000000000000000e+02
6.360000000000000000e+02
6.730000000000000000e+02
6.760000000000000000e+02
6.790000000000000000e+02
6.890000000000000000e+02
6.930000000000000000e+02
6.950000000000000000e+02
6.960000000000000000e+02
7.010000000000000000e+02
7.030000000000000000e+02
7.140000000000000000e+02
7.150000000000000000e+02
7.160000000000000000e+02
7.320000000000000000e+02
7.470000000000000000e+02
7.710000000000000000e+02
7.740000000000000000e+02
7.780000000000000000e+02
8.040000000000000000e+02
8.090000000000000000e+02
8.180000000000000000e+02
8.240000000000000000e+02
8.320000000000000000e+02
8.330000000000000000e+02
8.350000000000000000e+02
8.420000000000000000e+02
8.610000000000000000e+02
8.750000000000000000e+02
8.790000000000000000e+02
8.830000000000000000e+02
8.860000000000000000e+02
9.030000000000000000e+02
9.040000000000000000e+02
9.110000000000000000e+02
9.230000000000000000e+02
9.260000000000000000e+02
9.270000000000000000e+02
9.290000000000000000e+02
9.330000000000000000e+02
9.370000000000000000e+02
9.710000000000000000e+02
9.780000000000000000e+02
9.810000000000000000e+02
9.840000000000000000e+02
9.850000000000000000e+02
9.910000000000000000e+02
