# 587 _-10
0.000000000000000000e+00
1.000000000000000000e+00
7.000000000000000000e+00
8.000000000000000000e+00
9.000000000000000000e+00
1.100000000000000000e+01
1.200000000000000000e+01
2.000000000000000000e+01
2.100000000000000000e+01
2.300000000000000000e+01
2.500000000000000000e+01
2.600000000000000000e+01
3.100000000000000000e+01
3.700000000000000000e+01
4.100000000000000000e+01
4.300000000000000000e+01
4.400000000000000000e+01
4.500000000000000000e+01
4.700000000000000000e+01
5.000000000000000000e+01
5.400000000000000000e+01
5.700000000000000000e+01
5.900000000000000000e+01
7.100000000000000000e+01
7.600000000000000000e+01
7.900000000000000000e+01
8.200000000000000000e+01
9.200000000000000000e+01
9.400000000000000000e+01
9.700000000000000000e+01
1.010000000000000000e+02
1.020000000000000000e+02
1.060000000000000000e+02
1.070000000000000000e+02
1.080000000000000000e+02
1.090000000000000000e+02
1.100000000000000000e+02
1.120000000000000000e+02
1.140000000000000000e+02
1.170000000000000000e+02
1.200000000000000000e+02
1.230000000000000000e+02
1.240000000000000000e+02
1.300000000000000000e+02
1.320000000000000000e+02
1.330000000000000000e+02
1.380000000000000000e+02
1.390000000000000000e+02
1.480000000000000000e+02
1.580000000000000000e+02
1.590000000000000000e+02
1.600000000000000000e+02
1.620000000000000000e+02
1.630000000000000000e+02
1.640000000000000000e+02
1.660000000000000000e+02
1.720000000000000000e+02
1.740000000000000000e+02
1.750000000000000000e+02
1.780000000000000000e+02
1.850000000000000000e+02
1.860000000000000000e+02
1.880000000000000000e+02
1.890000000000000000e+02
1.940000000000000000e+02
1.960000000000000000e+02
1.970000000000000000e+02
2.040000000000000000e+02
2.050000000000000000e+02
2.060000000000000000e+02
2.070000000000000000e+02
2.080000000000000000e+02
2.090000000000000000e+02
2.100000000000000000e+02
2.180000000000000000e+02
2.220000000000000000e+02
2.250000000000000000e+02
2.260000000000000000e+02
2.310000000000000000e+02
2.400000000000000000e+02
2.410000000000000000e+02
2.420000000000000000e+02
2.460000000000000000e+02
2.500000000000000000e+02
2.570000000000000000e+02
2.590000000000000000e+02
2.610000000000000000e+02
2.630000000000000000e+02
2.670000000000000000e+02
2.770000000000000000e+02
2.790000000000000000e+02
2.830000000000000000e+02
2.850000000000000000e+02
2.860000000000000000e+02
2.890000000000000000e+02
2.920000000000000000e+02
2.980000000000000000e+02
2.990000000000000000e+02
3.020000000000000000e+02
3.060000000000000000e+02
3.070000000000000000e+02
3.080000000000000000e+02
3.160000000000000000e+02
3.200000000000000000e+02
3.240000000000000000e+02
3.250000000000000000e+02
3.290000000000000000e+02
3.390000000000000000e+02
3.410000000000000000e+02
3.430000000000000000e+02
3.450000000000000000e+02
3.460000000000000000e+02
3.550000000000000000e+02
3.570000000000000000e+02
3.630000000000000000e+02
3.670000000000000000e+02
3.720000000000000000e+02
3.730000000000000000e+02
3.780000000000000000e+02
3.800000000000000000e+02
3.810000000000000000e+02
3.820000000000000000e+02
3.830000000000000000e+02
3.920000000000000000e+02
3.940000000000000000e+02
3.950000000000000000e+02
3.960000000000000000e+02
4.010000000000000000e+02
4.050000000000000000e+02
4.060000000000000000e+02
4.090000000000000000e+02
4.110000000000000000e+02
4.120000000000000000e+02
4.170000000000000000e+02
4.180000000000000000e+02
4.210000000000000000e+02
4.250000000000000000e+02
4.260000000000000000e+02
4.270000000000000000e+02
4.280000000000000000e+02
4.290000000000000000e+02
4.380000000000000000e+02
4.390000000000000000e+02
4.400000000000000000e+02
4.410000000000000000e+02
4.420000000000000000e+02
4.430000000000000000e+02
4.500000000000000000e+02
4.540000000000000000e+02
4.580000000000000000e+02
4.590000000000000000e+02
4.610000000000000000e+02
4.620000000000000000e+02
4.640000000000000000e+02
4.700000000000000000e+02
4.710000000000000000e+02
4.730000000000000000e+02
4.740000000000000000e+02
4.820000000000000000e+02
4.890000000000000000e+02
4.900000000000000000e+02
4.930000000000000000e+02
4.940000000000000000e+02
4.970000000000000000e+02
5.010000000000000000e+02
5.040000000000000000e+02
5.120000000000000000e+02
5.140000000000000000e+02
5.150000000000000000e+02
5.200000000000000000e+02
5.210000000000000000e+02
5.230000000000000000e+02
5.290000000000000000e+02
5.330000000000000000e+02
5.340000000000000000e+02
5.370000000000000000e+02
5.380000000000000000e+02
5.410000000000000000e+02
5.510000000000000000e+02
5.530000000000000000e+02
5.540000000000000000e+02
5.550000000000000000e+02
5.570000000000000000e+02
5.580000000000000000e+02
5.720000000000000000e+02
5.790000000000000000e+02
5.800000000000000000e+02
5.820000000000000000e+02
5.830000000000000000e+02
5.840000000000000000e+02
5.850000000000000000e+02
5.870000000000000000e+02
5.900000000000000000e+02
5.920000000000000000e+02
5.940000000000000000e+02
5.950000000000000000e+02
5.970000000000000000e+02
5.990000000000000000e+02
6.010000000000000000e+02
6.060000000000000000e+02
6.080000000000000000e+02
6.100000000000000000e+02
6.200000000000000000e+02
6.250000000000000000e+02
6.260000000000000000e+02
6.270000000000000000e+02
6.300000000000000000e+02
6.310000000000000000e+02
6.410000000000000000e+02
6.480000000000000000e+02
6.550000000000000000e+02
6.570000000000000000e+02
6.620000000000000000e+02
6.640000000000000000e+02
6.650000000000000000e+02
6.670000000000000000e+02
6.690000000000000000e+02
6.700000000000000000e+02
6.750000000000000000e+02
6.780000000000000000e+02
6.810000000000000000e+02
6.820000000000000000e+02
6.910000000000000000e+02
6.940000000000000000e+02
6.970000000000000000e+02
6.990000000000000000e+02
7.000000000000000000e+02
7.050000000000000000e+02
7.090000000000000000e+02
7.100000000000000000e+02
7.110000000000000000e+02
7.120000000000000000e+02
7.170000000000000000e+02
7.190000000000000000e+02
7.200000000000000000e+02
7.210000000000000000e+02
7.230000000000000000e+02
7.260000000000000000e+02
7.310000000000000000e+02
7.360000000000000000e+02
7.420000000000000000e+02
7.450000000000000000e+02
7.460000000000000000e+02
7.480000000000000000e+02
7.490000000000000000e+02
7.500000000000000000e+02
7.510000000000000000e+02
7.540000000000000000e+02
7.550000000000000000e+02
7.630000000000000000e+02
7.640000000000000000e+02
7.650000000000000000e+02
7.700000000000000000e+02
7.730000000000000000e+02
7.750000000000000000e+02
7.760000000000000000e+02
7.770000000000000000e+02
7.790000000000000000e+02
7.830000000000000000e+02
7.880000000000000000e+02
7.890000000000000000e+02
7.900000000000000000e+02
7.930000000000000000e+02
7.970000000000000000e+02
8.000000000000000000e+02
8.020000000000000000e+02
8.030000000000000000e+02
8.110000000000000000e+02
8.120000000000000000e+02
8.140000000000000000e+02
8.190000000000000000e+02
8.220000000000000000e+02
8.230000000000000000e+02
8.270000000000000000e+02
8.280000000000000000e+02
8.290000000000000000e+02
8.380000000000000000e+02
8.390000000000000000e+02
8.400000000000000000e+02
8.430000000000000000e+02
8.440000000000000000e+02
8.450000000000000000e+02
8.490000000000000000e+02
8.500000000000000000e+02
8.510000000000000000e+02
8.600000000000000000e+02
8.620000000000000000e+02
8.640000000000000000e+02
8.680000000000000000e+02
8.720000000000000000e+02
8.780000000000000000e+02
8.800000000000000000e+02
8.820000000000000000e+02
8.880000000000000000e+02
8.940000000000000000e+02
8.970000000000000000e+02
9.020000000000000000e+02
9.080000000000000000e+02
9.090000000000000000e+02
9.210000000000000000e+02
9.280000000000000000e+02
9.320000000000000000e+02
9.340000000000000000e+02
9.350000000000000000e+02
9.360000000000000000e+02
9.390000000000000000e+02
9.400000000000000000e+02
9.420000000000000000e+02
9.430000000000000000e+02
9.440000000000000000e+02
9.460000000000000000e+02
9.470000000000000000e+02
9.480000000000000000e+02
9.490000000000000000e+02
9.500000000000000000e+02
9.510000000000000000e+02
9.530000000000000000e+02
9.540000000000000000e+02
9.580000000000000000e+02
9.600000000000000000e+02
9.650000000000000000e+02
9.680000000000000000e+02
9.700000000000000000e+02
9.740000000000000000e+02
9.750000000000000000e+02
9.770000000000000000e+02
9.790000000000000000e+02
9.820000000000000000e+02
9.830000000000000000e+02
9.860000000000000000e+02
9.870000000000000000e+02
9.880000000000000000e+02
9.920000000000000000e+02
9.950000000000000000e+02
9.970000000000000000e+02
9.980000000000000000e+02
