# 613 _-1-1-1
1.000000000000000000e+00
5.000000000000000000e+00
7.000000000000000000e+00
1.200000000000000000e+01
1.500000000000000000e+01
2.100000000000000000e+01
4.000000000000000000e+01
4.300000000000000000e+01
4.600000000000000000e+01
5.100000000000000000e+01
5.300000000000000000e+01
5.500000000000000000e+01
5.600000000000000000e+01
5.800000000000000000e+01
6.100000000000000000e+01
8.200000000000000000e+01
8.900000000000000000e+01
1.080000000000000000e+02
1.200000000000000000e+02
1.250000000000000000e+02
1.310000000000000000e+02
1.360000000000000000e+02
1.400000000000000000e+02
1.420000000000000000e+02
1.570000000000000000e+02
1.580000000000000000e+02
1.630000000000000000e+02
1.710000000000000000e+02
1.790000000000000000e+02
1.850000000000000000e+02
1.880000000000000000e+02
2.020000000000000000e+02
2.030000000000000000e+02
2.130000000000000000e+02
2.140000000000000000e+02
2.190000000000000000e+02
2.200000000000000000e+02
2.230000000000000000e+02
2.260000000000000000e+02
2.310000000000000000e+02
2.340000000000000000e+02
2.410000000000000000e+02
2.490000000000000000e+02
2.520000000000000000e+02
2.580000000000000000e+02
2.590000000000000000e+02
2.660000000000000000e+02
2.760000000000000000e+02
2.790000000000000000e+02
2.810000000000000000e+02
2.920000000000000000e+02
2.960000000000000000e+02
3.040000000000000000e+02
3.260000000000000000e+02
3.310000000000000000e+02
3.340000000000000000e+02
3.370000000000000000e+02
3.380000000000000000e+02
3.440000000000000000e+02
3.470000000000000000e+02
3.480000000000000000e+02
3.510000000000000000e+02
3.540000000000000000e+02
3.560000000000000000e+02
3.720000000000000000e+02
3.750000000000000000e+02
3.800000000000000000e+02
3.920000000000000000e+02
3.940000000000000000e+02
3.960000000000000000e+02
3.980000000000000000e+02
4.020000000000000000e+02
4.110000000000000000e+02
4.150000000000000000e+02
4.160000000000000000e+02
4.290000000000000000e+02
4.340000000000000000e+02
4.440000000000000000e+02
4.490000000000000000e+02
4.540000000000000000e+02
4.630000000000000000e+02
4.660000000000000000e+02
4.820000000000000000e+02
4.990000000000000000e+02
5.040000000000000000e+02
5.090000000000000000e+02
5.110000000000000000e+02
5.190000000000000000e+02
5.230000000000000000e+02
5.280000000000000000e+02
5.310000000000000000e+02
5.330000000000000000e+02
5.400000000000000000e+02
5.410000000000000000e+02
5.570000000000000000e+02
5.590000000000000000e+02
5.660000000000000000e+02
5.690000000000000000e+02
5.710000000000000000e+02
5.720000000000000000e+02
5.740000000000000000e+02
5.780000000000000000e+02
5.790000000000000000e+02
5.830000000000000000e+02
5.900000000000000000e+02
5.950000000000000000e+02
5.990000000000000000e+02
6.040000000000000000e+02
6.080000000000000000e+02
6.130000000000000000e+02
6.140000000000000000e+02
6.170000000000000000e+02
6.180000000000000000e+02
6.200000000000000000e+02
6.220000000000000000e+02
6.250000000000000000e+02
6.260000000000000000e+02
6.290000000000000000e+02
6.310000000000000000e+02
6.320000000000000000e+02
6.480000000000000000e+02
6.540000000000000000e+02
6.580000000000000000e+02
6.590000000000000000e+02
6.680000000000000000e+02
6.740000000000000000e+02
6.790000000000000000e+02
6.820000000000000000e+02
6.830000000000000000e+02
6.850000000000000000e+02
6.860000000000000000e+02
6.870000000000000000e+02
6.910000000000000000e+02
6.920000000000000000e+02
6.940000000000000000e+02
6.950000000000000000e+02
6.970000000000000000e+02
7.120000000000000000e+02
7.140000000000000000e+02
7.270000000000000000e+02
7.330000000000000000e+02
7.360000000000000000e+02
7.390000000000000000e+02
7.440000000000000000e+02
7.450000000000000000e+02
7.490000000000000000e+02
7.530000000000000000e+02
7.550000000000000000e+02
7.560000000000000000e+02
7.610000000000000000e+02
7.720000000000000000e+02
7.740000000000000000e+02
7.750000000000000000e+02
7.790000000000000000e+02
7.820000000000000000e+02
7.970000000000000000e+02
7.990000000000000000e+02
8.080000000000000000e+02
8.090000000000000000e+02
8.150000000000000000e+02
8.190000000000000000e+02
8.230000000000000000e+02
8.250000000000000000e+02
8.320000000000000000e+02
8.380000000000000000e+02
8.440000000000000000e+02
8.470000000000000000e+02
8.480000000000000000e+02
8.490000000000000000e+02
8.530000000000000000e+02
8.560000000000000000e+02
8.680000000000000000e+02
8.720000000000000000e+02
8.830000000000000000e+02
8.930000000000000000e+02
8.980000000000000000e+02
9.000000000000000000e+02
9.070000000000000000e+02
9.130000000000000000e+02
9.200000000000000000e+02
9.260000000000000000e+02
9.300000000000000000e+02
9.340000000000000000e+02
9.400000000000000000e+02
9.510000000000000000e+02
9.570000000000000000e+02
9.640000000000000000e+02
9.650000000000000000e+02
9.670000000000000000e+02
9.700000000000000000e+02
9.760000000000000000e+02
9.850000000000000000e+02
9.900000000000000000e+02
9.940000000000000000e+02
9.950000000000000000e+02
