# 540 _-1-1-1
2.000000000000000000e+00
1.100000000000000000e+01
3.600000000000000000e+01
4.100000000000000000e+01
4.500000000000000000e+01
4.600000000000000000e+01
4.700000000000000000e+01
4.900000000000000000e+01
5.700000000000000000e+01
7.700000000000000000e+01
8.600000000000000000e+01
8.700000000000000000e+01
8.800000000000000000e+01
9.400000000000000000e+01
1.090000000000000000e+02
1.110000000000000000e+02
1.150000000000000000e+02
1.160000000000000000e+02
1.260000000000000000e+02
1.270000000000000000e+02
1.300000000000000000e+02
1.320000000000000000e+02
1.360000000000000000e+02
1.420000000000000000e+02
1.430000000000000000e+02
1.600000000000000000e+02
1.610000000000000000e+02
1.650000000000000000e+02
1.760000000000000000e+02
1.780000000000000000e+02
1.970000000000000000e+02
2.030000000000000000e+02
2.110000000000000000e+02
2.150000000000000000e+02
2.160000000000000000e+02
2.230000000000000000e+02
2.320000000000000000e+02
2.340000000000000000e+02
2.440000000000000000e+02
2.480000000000000000e+02
2.530000000000000000e+02
2.540000000000000000e+02
2.590000000000000000e+02
2.620000000000000000e+02
2.790000000000000000e+02
2.980000000000000000e+02
3.000000000000000000e+02
3.060000000000000000e+02
3.100000000000000000e+02
3.150000000000000000e+02
3.170000000000000000e+02
3.210000000000000000e+02
3.230000000000000000e+02
3.260000000000000000e+02
3.340000000000000000e+02
3.370000000000000000e+02
3.570000000000000000e+02
3.590000000000000000e+02
3.610000000000000000e+02
3.710000000000000000e+02
3.780000000000000000e+02
3.990000000000000000e+02
4.120000000000000000e+02
4.130000000000000000e+02
4.310000000000000000e+02
4.320000000000000000e+02
4.380000000000000000e+02
4.470000000000000000e+02
4.480000000000000000e+02
4.580000000000000000e+02
4.710000000000000000e+02
4.830000000000000000e+02
4.890000000000000000e+02
4.900000000000000000e+02
4.930000000000000000e+02
5.060000000000000000e+02
5.160000000000000000e+02
5.330000000000000000e+02
5.400000000000000000e+02
5.490000000000000000e+02
5.500000000000000000e+02
5.590000000000000000e+02
5.600000000000000000e+02
5.620000000000000000e+02
5.720000000000000000e+02
5.730000000000000000e+02
5.930000000000000000e+02
5.980000000000000000e+02
6.010000000000000000e+02
6.020000000000000000e+02
6.080000000000000000e+02
6.130000000000000000e+02
6.170000000000000000e+02
6.210000000000000000e+02
6.230000000000000000e+02
6.300000000000000000e+02
6.320000000000000000e+02
6.340000000000000000e+02
6.390000000000000000e+02
6.410000000000000000e+02
6.480000000000000000e+02
6.500000000000000000e+02
6.630000000000000000e+02
6.800000000000000000e+02
6.830000000000000000e+02
6.890000000000000000e+02
6.940000000000000000e+02
6.960000000000000000e+02
7.020000000000000000e+02
7.060000000000000000e+02
7.090000000000000000e+02
7.270000000000000000e+02
7.290000000000000000e+02
7.430000000000000000e+02
7.440000000000000000e+02
7.460000000000000000e+02
7.590000000000000000e+02
7.690000000000000000e+02
7.770000000000000000e+02
7.910000000000000000e+02
7.970000000000000000e+02
8.080000000000000000e+02
8.200000000000000000e+02
8.210000000000000000e+02
8.280000000000000000e+02
8.330000000000000000e+02
8.340000000000000000e+02
8.490000000000000000e+02
8.670000000000000000e+02
8.750000000000000000e+02
8.840000000000000000e+02
8.850000000000000000e+02
8.890000000000000000e+02
8.910000000000000000e+02
9.080000000000000000e+02
9.100000000000000000e+02
9.160000000000000000e+02
9.260000000000000000e+02
9.300000000000000000e+02
9.360000000000000000e+02
9.500000000000000000e+02
9.680000000000000000e+02
9.710000000000000000e+02
9.820000000000000000e+02
9.840000000000000000e+02
