# 194 12 458
0
1
4
11
14
18
19
36
39
43
46
47
50
52
53
58
59
68
70
72
76
78
84
89
90
95
111
114
115
138
139
152
161
167
169
174
176
182
187
188
199
201
204
210
213
217
218
221
223
226
228
229
241
250
252
259
266
279
289
296
297
307
309
312
316
319
321
348
349
358
368
369
381
392
405
425
444
454
455
456
458
464
472
481
487
492
499
502
506
507
516
527
531
536
537
540
541
545
550
553
555
574
582
583
586
597
598
599
603
604
612
614
615
616
618
619
620
621
641
643
644
645
648
652
658
661
662
670
671
677
682
688
694
696
705
709
719
722
723
726
735
751
753
756
759
764
766
770
771
777
778
782
783
798
802
812
813
815
819
827
835
838
839
855
867
871
877
881
885
892
895
900
902
903
912
916
917
933
934
935
938
944
947
950
954
955
961
963
970
971
972
974
985
988
