# 186 13 899
6
7
8
15
24
26
30
35
51
56
67
98
102
105
107
109
113
116
118
119
122
127
132
133
150
151
168
175
183
189
190
195
207
219
222
233
235
240
257
270
274
275
280
284
286
290
292
294
303
317
318
322
323
328
329
334
340
341
343
350
355
357
362
364
373
376
387
389
394
395
400
403
404
418
421
422
440
443
448
452
460
461
463
474
479
493
494
501
508
512
513
514
515
520
522
538
543
547
548
560
571
576
578
579
584
595
596
608
623
624
628
632
633
634
640
642
666
668
678
680
690
692
703
710
713
714
718
727
729
732
733
734
737
739
742
757
758
765
767
775
776
780
781
791
804
820
822
833
836
837
842
844
851
852
853
858
860
863
864
865
868
873
876
879
880
886
889
899
915
923
924
931
940
946
948
951
953
959
964
969
973
982
984
986
992
995
