# 160 12 603
1
4
11
14
18
19
36
39
43
46
47
50
53
58
59
68
72
76
78
84
89
90
95
111
115
138
152
161
167
174
176
187
188
199
201
204
210
213
217
218
223
226
229
241
250
252
259
266
279
296
297
307
312
316
319
348
358
368
369
381
392
405
425
444
455
456
458
472
487
492
499
502
507
516
527
536
540
541
550
553
574
586
597
598
599
603
604
612
614
615
620
621
641
643
644
645
648
652
658
661
662
670
671
677
682
688
694
696
705
709
719
722
723
735
751
753
756
759
764
770
771
778
782
783
798
802
812
813
815
819
827
835
838
839
855
867
871
877
881
885
892
902
903
912
916
917
933
934
935
938
947
954
955
963
970
971
972
974
985
988
