# 148 13 899
6
7
8
15
24
30
35
51
56
67
98
105
107
116
118
119
122
127
132
150
151
168
175
189
195
207
219
222
235
240
257
274
275
280
284
290
292
303
317
318
322
323
328
329
334
340
350
355
362
373
376
387
389
394
400
421
422
443
448
463
479
493
494
501
508
512
514
515
520
522
538
547
548
560
571
576
578
579
584
596
608
623
624
628
633
634
640
642
666
668
678
690
703
710
713
714
718
727
729
733
734
737
739
742
757
758
765
775
776
780
781
804
820
822
833
836
837
842
844
851
852
858
860
863
868
873
876
879
880
886
889
899
915
923
924
931
940
946
948
951
953
959
964
969
973
982
984
995
