# 147 11 108
12
20
21
32
44
63
64
69
71
74
75
77
86
92
99
108
110
120
130
134
136
149
153
165
166
170
172
180
194
200
211
212
224
227
234
242
244
260
264
269
273
282
283
288
306
320
325
337
359
361
363
365
374
380
384
385
391
393
406
409
419
427
431
433
437
451
466
471
475
476
483
485
498
517
518
519
523
526
529
532
533
542
546
549
556
557
558
559
561
565
566
589
600
601
611
627
635
638
651
669
672
673
674
676
683
686
702
704
711
725
740
743
746
752
761
768
769
772
795
806
807
810
818
823
824
834
841
846
849
859
875
882
883
887
905
922
928
936
939
958
962
965
975
987
989
990
994
