# 261 12 610
0
1
2
4
9
11
14
16
18
19
36
37
39
42
43
46
47
50
52
53
58
59
66
68
70
72
76
78
84
89
90
95
111
114
115
128
138
139
141
152
154
157
161
162
167
169
174
176
178
182
187
188
199
201
204
206
210
213
217
218
221
223
225
226
228
229
239
241
250
252
258
259
266
272
279
289
296
297
298
301
307
309
311
312
313
316
319
321
348
349
353
358
368
369
372
377
379
381
386
392
397
398
405
425
430
436
444
445
454
455
456
458
462
464
469
472
477
481
487
492
499
502
505
506
507
509
516
527
531
536
537
540
541
545
550
553
555
569
572
574
581
582
583
586
594
597
598
599
603
604
610
612
613
614
615
616
618
619
620
621
641
643
644
645
648
649
652
658
661
662
663
664
670
671
675
677
682
687
688
691
694
696
700
705
709
719
722
723
726
735
749
751
753
755
756
759
762
764
766
770
771
777
778
782
783
798
800
802
803
812
813
815
817
819
827
835
838
839
847
855
867
871
872
877
878
881
885
888
892
894
895
900
902
903
909
912
913
916
917
929
933
934
935
938
942
944
947
950
954
955
961
963
967
970
971
972
974
985
988
993
998
