# 251 13 31
6
7
8
10
15
24
26
30
31
35
40
51
56
57
65
67
87
97
98
102
105
107
109
112
113
116
118
119
122
124
125
126
127
131
132
133
142
150
151
164
168
175
183
189
190
193
195
207
214
219
222
231
233
235
236
240
257
261
267
270
271
274
275
276
280
284
286
290
292
294
299
303
315
317
318
322
323
328
329
334
339
340
341
343
344
347
350
351
354
355
357
362
364
373
376
387
388
389
394
395
400
403
404
412
417
418
420
421
422
438
440
443
448
449
450
452
460
461
463
470
474
479
491
493
494
501
504
508
512
513
514
515
520
521
522
524
538
543
547
548
560
571
573
576
578
579
584
590
595
596
608
617
623
624
625
628
632
633
634
640
642
655
657
660
666
668
678
680
681
689
690
692
703
710
713
714
718
727
729
732
733
734
736
737
738
739
742
754
757
758
765
767
775
776
780
781
791
796
804
820
822
833
836
837
840
842
844
845
851
852
853
856
858
860
863
864
865
868
873
874
876
879
880
886
889
891
893
898
899
915
923
924
931
940
946
948
951
953
957
959
964
969
973
977
980
981
982
984
986
992
995
