# 204 11 108
12
20
21
32
44
45
63
64
69
71
74
75
77
81
85
86
92
99
100
104
108
110
120
129
130
134
135
136
149
153
165
166
170
171
172
177
180
194
198
200
211
212
220
224
227
232
234
242
244
248
251
260
262
264
265
269
273
282
283
288
300
306
320
325
337
345
359
361
363
365
374
375
380
383
384
385
391
393
396
402
406
409
416
419
427
431
432
433
435
437
446
451
466
467
471
475
476
483
484
485
497
498
510
517
518
519
523
526
529
532
533
542
546
549
556
557
558
559
561
563
565
566
577
585
589
600
601
611
627
635
637
638
639
651
669
672
673
674
676
683
685
686
698
701
702
704
711
715
716
725
731
740
743
744
746
748
752
761
768
769
772
787
795
799
801
806
807
810
818
823
824
826
828
829
834
841
846
849
850
859
869
875
882
883
887
905
906
918
920
922
928
936
939
941
956
958
962
965
975
979
987
989
990
994
