# 126 14 423
3
17
25
27
34
41
48
54
61
62
73
79
80
82
88
93
103
106
117
121
123
137
140
144
146
147
148
155
179
181
186
196
197
215
216
230
237
245
247
249
253
254
255
324
327
331
336
360
370
378
390
399
407
411
414
415
423
439
441
442
453
468
478
486
489
500
503
530
534
562
568
570
588
592
605
606
607
629
636
646
647
665
679
693
697
699
712
728
750
760
774
779
785
786
790
793
808
811
816
821
830
831
854
857
861
862
870
884
890
896
901
907
911
914
919
921
926
930
932
937
949
952
960
976
978
991
