# 945 _-1-1
1.000000000000000000e+00
2.000000000000000000e+00
3.000000000000000000e+00
8.000000000000000000e+00
9.000000000000000000e+00
1.300000000000000000e+01
1.400000000000000000e+01
1.600000000000000000e+01
2.200000000000000000e+01
2.400000000000000000e+01
2.700000000000000000e+01
2.800000000000000000e+01
3.200000000000000000e+01
3.400000000000000000e+01
3.500000000000000000e+01
3.700000000000000000e+01
4.200000000000000000e+01
4.300000000000000000e+01
5.300000000000000000e+01
5.400000000000000000e+01
5.500000000000000000e+01
5.600000000000000000e+01
6.000000000000000000e+01
6.200000000000000000e+01
6.400000000000000000e+01
6.500000000000000000e+01
6.700000000000000000e+01
6.800000000000000000e+01
6.900000000000000000e+01
7.200000000000000000e+01
7.800000000000000000e+01
8.000000000000000000e+01
8.500000000000000000e+01
8.700000000000000000e+01
9.000000000000000000e+01
9.100000000000000000e+01
1.010000000000000000e+02
1.020000000000000000e+02
1.030000000000000000e+02
1.040000000000000000e+02
1.070000000000000000e+02
1.130000000000000000e+02
1.150000000000000000e+02
1.170000000000000000e+02
1.230000000000000000e+02
1.250000000000000000e+02
1.270000000000000000e+02
1.280000000000000000e+02
1.380000000000000000e+02
1.400000000000000000e+02
1.430000000000000000e+02
1.470000000000000000e+02
1.480000000000000000e+02
1.490000000000000000e+02
1.500000000000000000e+02
1.560000000000000000e+02
1.580000000000000000e+02
1.610000000000000000e+02
1.630000000000000000e+02
1.640000000000000000e+02
1.660000000000000000e+02
1.670000000000000000e+02
1.680000000000000000e+02
1.710000000000000000e+02
1.740000000000000000e+02
1.770000000000000000e+02
1.800000000000000000e+02
1.810000000000000000e+02
1.820000000000000000e+02
1.860000000000000000e+02
1.870000000000000000e+02
1.880000000000000000e+02
1.890000000000000000e+02
1.920000000000000000e+02
1.950000000000000000e+02
1.970000000000000000e+02
2.010000000000000000e+02
2.020000000000000000e+02
2.110000000000000000e+02
2.170000000000000000e+02
2.220000000000000000e+02
2.270000000000000000e+02
2.330000000000000000e+02
2.340000000000000000e+02
2.350000000000000000e+02
2.370000000000000000e+02
2.410000000000000000e+02
2.420000000000000000e+02
2.430000000000000000e+02
2.440000000000000000e+02
2.490000000000000000e+02
2.510000000000000000e+02
2.520000000000000000e+02
2.550000000000000000e+02
2.580000000000000000e+02
2.670000000000000000e+02
2.710000000000000000e+02
2.750000000000000000e+02
2.760000000000000000e+02
2.780000000000000000e+02
2.800000000000000000e+02
2.850000000000000000e+02
2.920000000000000000e+02
2.930000000000000000e+02
2.940000000000000000e+02
2.960000000000000000e+02
2.970000000000000000e+02
2.980000000000000000e+02
3.000000000000000000e+02
3.050000000000000000e+02
3.070000000000000000e+02
3.080000000000000000e+02
3.090000000000000000e+02
3.130000000000000000e+02
3.160000000000000000e+02
3.190000000000000000e+02
3.230000000000000000e+02
3.240000000000000000e+02
3.260000000000000000e+02
3.270000000000000000e+02
3.290000000000000000e+02
3.330000000000000000e+02
3.350000000000000000e+02
3.430000000000000000e+02
3.470000000000000000e+02
3.500000000000000000e+02
3.530000000000000000e+02
3.570000000000000000e+02
3.610000000000000000e+02
3.630000000000000000e+02
3.640000000000000000e+02
3.650000000000000000e+02
3.680000000000000000e+02
3.690000000000000000e+02
3.710000000000000000e+02
3.720000000000000000e+02
3.810000000000000000e+02
3.860000000000000000e+02
3.870000000000000000e+02
3.880000000000000000e+02
3.910000000000000000e+02
3.930000000000000000e+02
3.940000000000000000e+02
3.960000000000000000e+02
3.980000000000000000e+02
3.990000000000000000e+02
4.010000000000000000e+02
4.050000000000000000e+02
4.080000000000000000e+02
4.110000000000000000e+02
4.120000000000000000e+02
4.140000000000000000e+02
4.150000000000000000e+02
4.220000000000000000e+02
4.240000000000000000e+02
4.250000000000000000e+02
4.300000000000000000e+02
4.320000000000000000e+02
4.330000000000000000e+02
4.340000000000000000e+02
4.390000000000000000e+02
4.400000000000000000e+02
4.410000000000000000e+02
4.430000000000000000e+02
4.470000000000000000e+02
4.500000000000000000e+02
4.510000000000000000e+02
4.540000000000000000e+02
4.570000000000000000e+02
4.590000000000000000e+02
4.630000000000000000e+02
4.640000000000000000e+02
4.660000000000000000e+02
4.690000000000000000e+02
4.720000000000000000e+02
4.780000000000000000e+02
4.790000000000000000e+02
4.800000000000000000e+02
4.870000000000000000e+02
4.890000000000000000e+02
4.910000000000000000e+02
4.920000000000000000e+02
4.930000000000000000e+02
4.950000000000000000e+02
4.970000000000000000e+02
4.990000000000000000e+02
5.010000000000000000e+02
5.020000000000000000e+02
5.030000000000000000e+02
5.060000000000000000e+02
5.090000000000000000e+02
5.140000000000000000e+02
5.150000000000000000e+02
5.220000000000000000e+02
5.230000000000000000e+02
5.240000000000000000e+02
5.300000000000000000e+02
5.370000000000000000e+02
5.380000000000000000e+02
5.410000000000000000e+02
5.420000000000000000e+02
5.440000000000000000e+02
5.470000000000000000e+02
5.480000000000000000e+02
5.500000000000000000e+02
5.510000000000000000e+02
5.540000000000000000e+02
5.570000000000000000e+02
5.580000000000000000e+02
5.610000000000000000e+02
5.630000000000000000e+02
5.710000000000000000e+02
5.720000000000000000e+02
5.750000000000000000e+02
5.760000000000000000e+02
5.770000000000000000e+02
5.780000000000000000e+02
5.810000000000000000e+02
5.900000000000000000e+02
5.910000000000000000e+02
5.950000000000000000e+02
5.960000000000000000e+02
5.980000000000000000e+02
6.010000000000000000e+02
6.020000000000000000e+02
6.030000000000000000e+02
6.060000000000000000e+02
6.080000000000000000e+02
6.110000000000000000e+02
6.130000000000000000e+02
6.180000000000000000e+02
6.210000000000000000e+02
6.230000000000000000e+02
6.250000000000000000e+02
6.270000000000000000e+02
6.280000000000000000e+02
6.290000000000000000e+02
6.300000000000000000e+02
6.330000000000000000e+02
6.360000000000000000e+02
6.370000000000000000e+02
6.390000000000000000e+02
6.420000000000000000e+02
6.440000000000000000e+02
6.490000000000000000e+02
6.530000000000000000e+02
6.570000000000000000e+02
6.580000000000000000e+02
6.590000000000000000e+02
6.610000000000000000e+02
6.650000000000000000e+02
6.660000000000000000e+02
6.670000000000000000e+02
6.700000000000000000e+02
6.750000000000000000e+02
6.760000000000000000e+02
6.810000000000000000e+02
6.840000000000000000e+02
6.860000000000000000e+02
6.870000000000000000e+02
6.880000000000000000e+02
6.920000000000000000e+02
6.930000000000000000e+02
6.980000000000000000e+02
6.990000000000000000e+02
7.000000000000000000e+02
7.010000000000000000e+02
7.040000000000000000e+02
7.080000000000000000e+02
7.110000000000000000e+02
7.130000000000000000e+02
7.140000000000000000e+02
7.150000000000000000e+02
7.170000000000000000e+02
7.190000000000000000e+02
7.200000000000000000e+02
7.220000000000000000e+02
7.240000000000000000e+02
7.280000000000000000e+02
7.290000000000000000e+02
7.330000000000000000e+02
7.360000000000000000e+02
7.370000000000000000e+02
7.400000000000000000e+02
7.410000000000000000e+02
7.420000000000000000e+02
7.430000000000000000e+02
7.490000000000000000e+02
7.500000000000000000e+02
7.510000000000000000e+02
7.550000000000000000e+02
7.560000000000000000e+02
7.610000000000000000e+02
7.630000000000000000e+02
7.680000000000000000e+02
7.730000000000000000e+02
7.750000000000000000e+02
7.780000000000000000e+02
7.790000000000000000e+02
7.810000000000000000e+02
7.820000000000000000e+02
7.850000000000000000e+02
7.860000000000000000e+02
7.870000000000000000e+02
7.880000000000000000e+02
7.910000000000000000e+02
7.930000000000000000e+02
7.960000000000000000e+02
7.980000000000000000e+02
7.990000000000000000e+02
8.000000000000000000e+02
8.060000000000000000e+02
8.070000000000000000e+02
8.120000000000000000e+02
8.160000000000000000e+02
8.190000000000000000e+02
8.200000000000000000e+02
8.220000000000000000e+02
8.260000000000000000e+02
8.290000000000000000e+02
8.310000000000000000e+02
8.340000000000000000e+02
8.350000000000000000e+02
8.370000000000000000e+02
8.380000000000000000e+02
8.390000000000000000e+02
8.440000000000000000e+02
8.450000000000000000e+02
8.570000000000000000e+02
8.590000000000000000e+02
8.600000000000000000e+02
8.640000000000000000e+02
8.660000000000000000e+02
8.670000000000000000e+02
8.730000000000000000e+02
8.760000000000000000e+02
8.860000000000000000e+02
8.880000000000000000e+02
8.890000000000000000e+02
8.900000000000000000e+02
8.910000000000000000e+02
8.920000000000000000e+02
8.940000000000000000e+02
9.010000000000000000e+02
9.060000000000000000e+02
9.080000000000000000e+02
9.090000000000000000e+02
9.130000000000000000e+02
9.140000000000000000e+02
9.160000000000000000e+02
9.210000000000000000e+02
9.220000000000000000e+02
9.250000000000000000e+02
9.300000000000000000e+02
9.310000000000000000e+02
9.320000000000000000e+02
9.350000000000000000e+02
9.370000000000000000e+02
9.380000000000000000e+02
9.410000000000000000e+02
9.420000000000000000e+02
9.430000000000000000e+02
9.450000000000000000e+02
9.470000000000000000e+02
9.500000000000000000e+02
9.550000000000000000e+02
9.570000000000000000e+02
9.600000000000000000e+02
9.610000000000000000e+02
9.650000000000000000e+02
9.660000000000000000e+02
9.670000000000000000e+02
9.690000000000000000e+02
9.710000000000000000e+02
9.720000000000000000e+02
9.740000000000000000e+02
9.800000000000000000e+02
9.830000000000000000e+02
9.840000000000000000e+02
9.870000000000000000e+02
9.880000000000000000e+02
9.910000000000000000e+02
9.930000000000000000e+02
9.970000000000000000e+02
9.980000000000000000e+02
