# 389 _-10
6.000000000000000000e+00
1.700000000000000000e+01
1.800000000000000000e+01
2.000000000000000000e+01
2.100000000000000000e+01
2.300000000000000000e+01
2.900000000000000000e+01
3.000000000000000000e+01
3.100000000000000000e+01
3.800000000000000000e+01
3.900000000000000000e+01
4.800000000000000000e+01
5.700000000000000000e+01
5.900000000000000000e+01
7.000000000000000000e+01
7.600000000000000000e+01
7.900000000000000000e+01
8.300000000000000000e+01
9.300000000000000000e+01
9.600000000000000000e+01
9.800000000000000000e+01
1.000000000000000000e+02
1.100000000000000000e+02
1.180000000000000000e+02
1.200000000000000000e+02
1.210000000000000000e+02
1.300000000000000000e+02
1.340000000000000000e+02
1.390000000000000000e+02
1.450000000000000000e+02
1.510000000000000000e+02
1.540000000000000000e+02
1.620000000000000000e+02
1.750000000000000000e+02
1.760000000000000000e+02
1.830000000000000000e+02
1.910000000000000000e+02
1.940000000000000000e+02
2.000000000000000000e+02
2.060000000000000000e+02
2.080000000000000000e+02
2.090000000000000000e+02
2.130000000000000000e+02
2.190000000000000000e+02
2.250000000000000000e+02
2.300000000000000000e+02
2.310000000000000000e+02
2.320000000000000000e+02
2.380000000000000000e+02
2.400000000000000000e+02
2.460000000000000000e+02
2.570000000000000000e+02
2.640000000000000000e+02
2.690000000000000000e+02
2.720000000000000000e+02
2.770000000000000000e+02
2.790000000000000000e+02
2.830000000000000000e+02
2.860000000000000000e+02
2.950000000000000000e+02
2.990000000000000000e+02
3.010000000000000000e+02
3.030000000000000000e+02
3.110000000000000000e+02
3.180000000000000000e+02
3.220000000000000000e+02
3.360000000000000000e+02
3.400000000000000000e+02
3.420000000000000000e+02
3.510000000000000000e+02
3.580000000000000000e+02
3.590000000000000000e+02
3.620000000000000000e+02
3.660000000000000000e+02
3.670000000000000000e+02
3.750000000000000000e+02
3.890000000000000000e+02
4.020000000000000000e+02
4.030000000000000000e+02
4.070000000000000000e+02
4.100000000000000000e+02
4.170000000000000000e+02
4.180000000000000000e+02
4.190000000000000000e+02
4.600000000000000000e+02
4.670000000000000000e+02
4.730000000000000000e+02
4.750000000000000000e+02
4.760000000000000000e+02
4.810000000000000000e+02
4.830000000000000000e+02
4.900000000000000000e+02
5.040000000000000000e+02
5.070000000000000000e+02
5.280000000000000000e+02
5.340000000000000000e+02
5.350000000000000000e+02
5.360000000000000000e+02
5.650000000000000000e+02
5.660000000000000000e+02
5.680000000000000000e+02
5.730000000000000000e+02
5.740000000000000000e+02
5.830000000000000000e+02
5.840000000000000000e+02
5.880000000000000000e+02
5.890000000000000000e+02
5.970000000000000000e+02
6.000000000000000000e+02
6.050000000000000000e+02
6.120000000000000000e+02
6.140000000000000000e+02
6.320000000000000000e+02
6.340000000000000000e+02
6.410000000000000000e+02
6.430000000000000000e+02
6.450000000000000000e+02
6.510000000000000000e+02
6.540000000000000000e+02
6.620000000000000000e+02
6.710000000000000000e+02
6.740000000000000000e+02
6.890000000000000000e+02
6.900000000000000000e+02
6.950000000000000000e+02
6.960000000000000000e+02
6.970000000000000000e+02
7.120000000000000000e+02
7.260000000000000000e+02
7.380000000000000000e+02
7.520000000000000000e+02
7.540000000000000000e+02
7.600000000000000000e+02
7.620000000000000000e+02
7.640000000000000000e+02
7.670000000000000000e+02
7.700000000000000000e+02
7.800000000000000000e+02
7.830000000000000000e+02
8.090000000000000000e+02
8.110000000000000000e+02
8.130000000000000000e+02
8.170000000000000000e+02
8.180000000000000000e+02
8.250000000000000000e+02
8.320000000000000000e+02
8.330000000000000000e+02
8.420000000000000000e+02
8.430000000000000000e+02
8.480000000000000000e+02
8.500000000000000000e+02
8.710000000000000000e+02
8.770000000000000000e+02
8.800000000000000000e+02
8.820000000000000000e+02
8.850000000000000000e+02
8.980000000000000000e+02
8.990000000000000000e+02
9.030000000000000000e+02
9.050000000000000000e+02
9.120000000000000000e+02
9.170000000000000000e+02
9.200000000000000000e+02
9.240000000000000000e+02
9.260000000000000000e+02
9.270000000000000000e+02
9.510000000000000000e+02
9.530000000000000000e+02
9.560000000000000000e+02
9.590000000000000000e+02
9.620000000000000000e+02
9.630000000000000000e+02
9.730000000000000000e+02
9.850000000000000000e+02
9.860000000000000000e+02
9.900000000000000000e+02
9.950000000000000000e+02
9.990000000000000000e+02
