# 368 _-1-1-1
1.100000000000000000e+01
1.500000000000000000e+01
2.000000000000000000e+01
2.500000000000000000e+01
2.700000000000000000e+01
2.800000000000000000e+01
3.300000000000000000e+01
3.800000000000000000e+01
3.900000000000000000e+01
4.500000000000000000e+01
5.200000000000000000e+01
5.300000000000000000e+01
6.200000000000000000e+01
6.600000000000000000e+01
7.400000000000000000e+01
7.900000000000000000e+01
8.200000000000000000e+01
8.400000000000000000e+01
8.700000000000000000e+01
8.900000000000000000e+01
9.400000000000000000e+01
9.800000000000000000e+01
1.110000000000000000e+02
1.180000000000000000e+02
1.230000000000000000e+02
1.250000000000000000e+02
1.310000000000000000e+02
1.320000000000000000e+02
1.400000000000000000e+02
1.470000000000000000e+02
1.570000000000000000e+02
1.630000000000000000e+02
1.710000000000000000e+02
1.830000000000000000e+02
1.940000000000000000e+02
1.990000000000000000e+02
2.030000000000000000e+02
2.040000000000000000e+02
2.070000000000000000e+02
2.080000000000000000e+02
2.140000000000000000e+02
2.190000000000000000e+02
2.220000000000000000e+02
2.270000000000000000e+02
2.320000000000000000e+02
2.390000000000000000e+02
2.440000000000000000e+02
2.520000000000000000e+02
2.530000000000000000e+02
2.570000000000000000e+02
2.590000000000000000e+02
2.650000000000000000e+02
2.700000000000000000e+02
2.810000000000000000e+02
2.820000000000000000e+02
2.850000000000000000e+02
2.870000000000000000e+02
2.880000000000000000e+02
2.920000000000000000e+02
2.970000000000000000e+02
2.980000000000000000e+02
3.020000000000000000e+02
3.060000000000000000e+02
3.180000000000000000e+02
3.200000000000000000e+02
3.240000000000000000e+02
3.320000000000000000e+02
3.560000000000000000e+02
3.570000000000000000e+02
3.620000000000000000e+02
3.680000000000000000e+02
3.790000000000000000e+02
3.840000000000000000e+02
3.850000000000000000e+02
3.860000000000000000e+02
4.150000000000000000e+02
4.170000000000000000e+02
4.220000000000000000e+02
4.310000000000000000e+02
4.380000000000000000e+02
4.480000000000000000e+02
4.490000000000000000e+02
4.520000000000000000e+02
4.540000000000000000e+02
4.570000000000000000e+02
4.590000000000000000e+02
4.650000000000000000e+02
4.750000000000000000e+02
4.760000000000000000e+02
4.780000000000000000e+02
4.870000000000000000e+02
4.910000000000000000e+02
4.930000000000000000e+02
4.970000000000000000e+02
5.020000000000000000e+02
5.030000000000000000e+02
5.040000000000000000e+02
5.050000000000000000e+02
5.060000000000000000e+02
5.070000000000000000e+02
5.190000000000000000e+02
5.250000000000000000e+02
5.270000000000000000e+02
5.360000000000000000e+02
5.440000000000000000e+02
5.580000000000000000e+02
5.650000000000000000e+02
5.660000000000000000e+02
5.720000000000000000e+02
5.780000000000000000e+02
5.830000000000000000e+02
5.860000000000000000e+02
5.920000000000000000e+02
5.990000000000000000e+02
6.000000000000000000e+02
6.020000000000000000e+02
6.210000000000000000e+02
6.260000000000000000e+02
6.320000000000000000e+02
6.360000000000000000e+02
6.370000000000000000e+02
6.430000000000000000e+02
6.520000000000000000e+02
6.570000000000000000e+02
6.590000000000000000e+02
6.640000000000000000e+02
6.680000000000000000e+02
6.690000000000000000e+02
6.790000000000000000e+02
6.800000000000000000e+02
6.890000000000000000e+02
6.950000000000000000e+02
6.990000000000000000e+02
7.040000000000000000e+02
7.060000000000000000e+02
7.080000000000000000e+02
7.120000000000000000e+02
7.130000000000000000e+02
7.180000000000000000e+02
7.190000000000000000e+02
7.260000000000000000e+02
7.280000000000000000e+02
7.310000000000000000e+02
7.360000000000000000e+02
7.460000000000000000e+02
7.480000000000000000e+02
7.520000000000000000e+02
7.530000000000000000e+02
7.540000000000000000e+02
7.730000000000000000e+02
7.760000000000000000e+02
7.860000000000000000e+02
7.920000000000000000e+02
8.050000000000000000e+02
8.070000000000000000e+02
8.090000000000000000e+02
8.110000000000000000e+02
8.140000000000000000e+02
8.180000000000000000e+02
8.280000000000000000e+02
8.330000000000000000e+02
8.600000000000000000e+02
8.650000000000000000e+02
8.670000000000000000e+02
8.680000000000000000e+02
8.700000000000000000e+02
8.870000000000000000e+02
8.940000000000000000e+02
8.960000000000000000e+02
8.980000000000000000e+02
8.990000000000000000e+02
9.060000000000000000e+02
9.090000000000000000e+02
9.110000000000000000e+02
9.130000000000000000e+02
9.180000000000000000e+02
9.230000000000000000e+02
9.430000000000000000e+02
9.460000000000000000e+02
9.470000000000000000e+02
9.500000000000000000e+02
9.640000000000000000e+02
9.730000000000000000e+02
9.740000000000000000e+02
9.750000000000000000e+02
9.780000000000000000e+02
9.830000000000000000e+02
9.920000000000000000e+02
9.930000000000000000e+02
