# 167 12 931
5
10
18
19
22
31
36
37
38
40
41
51
64
82
89
90
106
111
119
123
129
132
136
137
139
141
144
145
147
151
153
170
172
178
193
195
199
205
212
214
218
240
244
246
248
256
261
268
279
280
281
283
285
289
308
320
323
329
332
333
340
343
345
348
359
362
371
385
394
416
421
431
435
437
442
456
462
469
472
479
480
482
495
496
501
504
510
520
523
528
537
540
545
547
556
558
568
570
572
579
582
583
600
601
603
605
606
607
612
616
623
625
642
643
650
652
658
667
668
670
684
685
686
702
708
710
715
725
729
732
739
752
754
757
771
772
780
789
794
798
803
818
820
823
824
830
842
845
848
851
861
869
872
875
893
896
901
909
920
923
931
944
951
963
967
983
992
