# 157 13 443
2
9
24
28
44
57
59
68
69
70
75
78
80
81
86
88
93
96
99
103
107
108
112
114
133
146
148
155
157
181
184
189
196
198
208
216
219
223
238
239
251
262
267
271
275
294
298
300
301
302
309
310
312
317
350
354
358
367
374
375
382
383
400
402
404
407
422
425
432
433
443
445
448
453
454
461
466
477
506
516
517
519
530
533
539
544
562
564
567
575
576
577
584
586
594
597
598
608
620
626
627
631
664
680
699
701
709
719
720
722
734
735
744
747
755
766
767
770
778
786
802
809
829
832
836
844
846
864
879
881
887
890
891
898
899
916
922
924
925
926
927
945
947
950
952
959
961
964
969
971
974
980
981
988
993
995
997
