# 286 12 760
1
3
5
8
10
13
18
19
22
31
32
36
37
38
40
41
45
51
54
62
64
72
77
82
89
90
95
98
101
106
111
117
119
121
123
128
129
132
136
137
138
139
140
141
144
145
147
151
153
159
161
163
169
170
171
172
175
178
185
190
193
195
199
205
212
214
217
218
221
237
240
244
246
248
254
256
261
268
273
277
279
280
281
283
285
289
291
296
305
308
320
323
329
332
333
340
343
345
348
355
359
360
362
366
371
372
385
387
389
393
394
397
401
403
416
421
423
428
429
431
435
436
437
439
442
456
462
463
469
472
474
479
480
482
485
495
496
500
501
504
510
514
520
523
528
536
537
540
541
542
545
546
547
551
556
558
559
566
568
570
572
573
579
582
583
587
595
596
600
601
603
605
606
607
612
613
616
623
625
628
630
642
643
649
650
652
657
658
667
668
669
670
672
684
685
686
688
700
702
707
708
710
713
715
718
723
725
726
729
732
733
739
741
742
752
754
757
758
760
763
771
772
773
780
789
794
797
798
799
803
807
810
814
818
819
820
822
823
824
825
830
834
835
838
841
842
845
848
850
851
858
861
868
869
872
875
883
885
886
888
893
896
901
909
911
912
917
920
921
923
929
931
940
944
951
956
963
967
976
977
983
984
991
992
998
999
