# 255 13 624
2
7
9
11
14
23
24
28
29
44
48
50
53
56
57
59
68
69
70
75
78
80
81
86
88
93
94
96
99
102
103
107
108
112
114
133
135
142
146
148
154
155
157
173
181
182
184
189
196
198
203
206
208
209
211
213
216
219
223
238
239
242
245
251
252
259
262
267
269
271
275
286
294
298
300
301
302
309
310
312
316
317
318
325
350
353
354
358
363
367
373
374
375
378
382
383
388
390
398
400
402
404
407
420
422
425
432
433
440
441
443
445
448
451
453
454
461
466
471
477
499
502
506
512
515
516
517
519
522
526
530
533
538
539
544
548
557
560
562
564
567
575
576
577
578
581
584
586
589
594
597
598
602
608
618
619
620
624
626
627
631
633
636
654
655
660
664
665
680
682
694
699
701
709
719
720
722
724
727
734
735
738
744
746
747
755
762
766
767
770
778
786
787
790
791
796
800
802
809
813
829
831
832
833
836
839
843
844
846
847
855
864
877
879
881
884
887
890
891
894
898
899
907
916
919
922
924
925
926
927
928
938
945
947
950
952
954
959
961
964
965
969
971
973
974
975
980
981
986
988
989
993
994
995
997
