# 174 11 874
12
20
21
25
34
35
43
46
47
52
60
79
91
92
97
105
115
116
118
126
127
134
143
152
162
179
187
191
194
200
201
202
210
224
226
227
228
232
233
235
236
241
253
255
258
278
290
303
307
319
326
330
331
336
337
344
347
361
376
377
379
380
381
391
395
396
405
406
413
414
415
426
427
430
434
444
447
449
450
455
458
460
464
468
484
489
491
492
494
498
509
511
518
521
525
529
531
532
550
554
555
561
563
569
571
580
585
588
592
599
634
635
637
638
647
651
659
666
673
677
689
692
693
696
697
704
705
706
714
721
730
731
740
745
748
749
750
764
765
768
769
775
776
777
788
792
801
815
821
826
827
828
840
857
859
871
873
874
878
882
892
902
918
932
936
937
939
955
958
962
970
979
982
990
