# 140 14 915
4
27
30
33
42
49
61
63
66
71
74
83
84
100
104
110
124
130
131
156
164
166
168
176
180
186
197
207
215
222
225
229
234
247
250
260
264
272
282
284
288
295
299
304
315
322
327
328
334
341
346
349
351
356
364
365
384
386
399
410
412
417
418
419
438
452
459
465
467
470
473
487
524
527
552
553
604
609
610
615
629
639
640
641
644
645
646
653
656
661
663
674
675
676
681
687
695
698
703
711
712
717
737
759
774
783
784
785
804
806
812
837
852
853
854
860
862
863
865
867
870
876
880
889
897
903
906
913
915
930
933
935
942
943
946
957
960
972
985
996
