# 171 12 805
13
24
25
26
29
34
37
44
50
51
52
57
63
78
81
92
93
94
106
109
112
115
120
137
138
144
145
148
158
160
161
171
177
180
187
188
200
212
215
224
225
227
234
247
248
251
258
261
264
268
278
282
286
288
290
296
306
313
315
316
322
325
340
344
345
348
349
351
361
371
381
382
388
394
395
398
405
409
415
416
434
451
464
473
475
494
495
496
503
505
509
520
525
527
528
530
531
542
562
575
579
582
590
600
618
626
631
634
643
651
652
657
658
670
672
677
699
700
701
708
712
713
720
723
727
728
730
736
740
741
745
751
754
759
767
769
780
791
798
804
805
807
810
812
817
831
837
838
840
846
849
850
860
873
876
884
891
894
896
902
903
913
915
918
919
929
935
944
957
979
990
