# 142 13 168
7
19
20
21
33
42
45
49
54
59
60
72
74
83
86
90
110
111
113
118
123
127
131
133
139
146
154
168
182
190
195
196
204
205
208
214
217
262
263
265
270
275
280
299
300
307
321
326
329
350
365
374
397
400
402
412
417
424
426
430
431
436
452
453
461
474
477
478
489
506
507
508
512
513
516
521
526
537
544
546
548
552
559
573
574
577
611
614
617
622
636
638
655
656
660
661
663
679
682
683
705
721
732
735
737
739
752
753
764
775
781
789
790
794
796
803
814
839
847
848
854
864
865
871
885
898
901
908
912
925
937
945
949
950
952
967
972
974
983
986
988
998
