# 268 12 226
0
10
13
24
25
26
29
34
37
38
43
44
50
51
52
57
63
64
76
78
81
92
93
94
106
109
112
114
115
120
130
134
135
137
138
144
145
148
158
160
161
162
166
167
170
171
177
178
180
183
187
188
200
212
215
218
224
225
226
227
232
234
241
244
247
248
249
251
255
257
258
261
264
268
278
279
282
286
287
288
289
290
292
296
306
313
315
316
317
319
322
323
325
340
344
345
347
348
349
351
353
354
355
361
368
371
372
376
381
382
388
394
395
398
401
405
409
415
416
423
432
433
434
449
451
454
459
460
464
466
467
473
475
485
487
494
495
496
503
505
509
520
525
527
528
530
531
541
542
550
562
575
579
582
583
590
600
601
612
618
623
626
631
634
635
643
646
651
652
657
658
668
670
672
677
692
693
699
700
701
707
708
710
712
713
714
716
720
723
727
728
730
731
734
736
740
741
745
748
751
754
759
767
769
772
776
778
780
783
791
798
802
804
805
807
809
810
812
816
817
821
823
831
837
838
840
843
844
846
849
850
852
857
860
868
873
876
884
891
894
896
899
902
903
913
915
918
919
926
929
930
934
935
941
943
944
951
953
957
975
976
977
979
981
990
991
994
995
