# 237 13 906
4
7
15
16
19
20
21
22
33
41
42
45
49
54
59
60
72
74
79
82
83
86
90
101
103
108
110
111
113
118
119
121
123
125
127
131
133
139
140
142
146
154
163
165
168
179
182
185
190
193
194
195
196
198
201
204
205
208
213
214
217
236
243
252
253
260
262
263
265
266
270
271
274
275
280
293
299
300
305
307
321
326
328
329
331
338
350
359
360
365
366
374
380
387
397
400
402
411
412
417
418
420
424
426
430
431
436
443
444
445
446
452
453
461
463
471
474
477
478
489
492
502
504
506
507
508
511
512
513
516
517
519
521
522
526
537
539
544
546
548
552
553
559
573
574
577
585
598
607
611
614
617
622
624
636
637
638
644
655
656
660
661
663
667
679
682
683
686
690
704
705
721
732
733
735
737
739
743
752
753
760
764
771
774
775
781
782
789
790
794
796
801
803
814
815
826
839
847
848
853
854
864
865
871
878
885
898
901
906
907
908
912
914
920
923
925
936
937
939
942
945
949
950
952
954
955
960
967
972
974
980
982
983
986
988
996
998
