# 183 11 747
1
5
12
18
30
40
46
48
65
69
87
88
91
95
97
99
100
104
116
136
143
147
156
157
159
164
174
175
192
206
209
221
223
233
237
238
239
240
242
250
256
267
277
284
285
291
294
295
302
308
311
312
314
320
324
327
332
333
336
341
367
369
378
389
390
391
393
396
403
404
406
407
414
419
421
422
425
428
429
435
440
441
442
458
468
470
480
481
482
488
493
499
500
510
514
524
533
535
536
543
557
558
561
576
578
581
586
587
592
594
595
599
602
603
604
606
615
628
630
633
649
650
653
665
669
671
685
687
688
694
697
703
715
718
722
725
726
747
749
750
755
756
765
773
777
779
785
795
797
800
813
819
820
822
829
832
833
836
842
845
851
855
858
861
863
874
877
879
882
883
886
893
904
910
921
922
962
968
978
985
987
992
993
