# 151 14 625
6
14
17
23
28
32
47
55
62
66
68
75
80
84
85
89
107
117
129
149
151
152
176
199
203
207
219
228
230
231
235
245
259
269
272
276
283
297
298
304
318
330
337
346
352
358
364
370
384
392
399
427
438
447
448
450
465
469
479
483
484
491
498
501
515
523
532
538
547
551
555
556
560
564
565
567
569
572
588
593
597
605
608
609
613
621
625
627
632
639
641
645
647
659
664
666
673
675
680
681
684
695
696
702
717
719
724
738
744
746
763
766
768
770
784
786
788
799
806
811
818
827
830
841
856
859
869
872
881
889
892
897
900
905
911
916
924
932
938
946
956
958
959
961
963
964
965
966
969
984
989
