# 171 12 840
8
10
12
19
36
43
52
53
55
57
62
63
65
68
69
78
79
88
91
110
111
114
118
123
124
137
138
146
147
164
173
184
196
201
211
216
223
231
238
239
243
250
253
259
260
261
268
282
284
292
296
297
301
302
305
307
311
322
341
349
357
374
392
393
400
422
440
450
452
460
470
474
485
488
494
496
500
527
528
534
537
538
539
541
543
559
563
564
569
576
582
586
594
606
608
609
617
618
625
629
631
634
635
646
650
651
652
659
660
661
670
671
672
673
681
682
687
694
710
712
714
715
716
719
720
723
726
733
737
739
749
761
765
768
771
779
794
797
801
805
816
826
830
831
840
842
847
851
853
870
873
877
886
888
892
904
908
916
921
923
928
929
933
935
938
941
946
949
982
983
989
