# 152 13 774
3
6
17
26
42
46
48
50
60
74
76
77
82
84
92
99
101
104
105
115
141
149
150
154
160
170
174
175
195
197
215
217
218
219
222
227
251
252
258
274
278
283
289
291
310
314
332
338
348
364
365
367
370
395
398
399
404
407
408
419
420
428
431
434
438
443
445
457
467
469
471
476
481
483
501
502
505
512
513
514
515
523
529
531
544
547
551
556
567
570
590
593
595
599
601
602
605
610
614
615
621
624
626
630
633
642
653
666
669
684
690
697
708
718
729
742
744
745
751
756
774
783
784
788
789
790
795
806
808
809
825
834
857
866
869
871
875
906
917
918
925
930
947
952
955
963
965
968
973
981
984
985
