# 287 12 390
2
8
10
12
13
19
27
31
35
36
43
51
52
53
55
57
62
63
65
68
69
78
79
88
91
95
110
111
113
114
116
118
123
124
129
130
137
138
144
146
147
148
151
162
164
166
167
171
172
173
178
184
188
192
196
198
199
200
201
203
211
214
216
223
228
230
231
238
239
243
250
253
254
256
257
259
260
261
264
268
280
282
284
288
290
292
296
297
299
301
302
305
307
311
317
321
322
324
328
341
349
357
374
376
383
384
390
392
393
397
400
401
402
405
413
421
422
427
435
440
442
450
452
455
460
470
474
478
480
482
485
488
490
494
496
500
519
525
527
528
534
537
538
539
541
542
543
555
559
561
563
564
565
568
569
576
580
582
585
586
587
591
594
603
604
606
608
609
617
618
623
625
627
629
631
632
634
635
637
643
646
650
651
652
654
659
660
661
662
667
668
670
671
672
673
681
682
687
691
694
710
712
714
715
716
719
720
721
723
726
733
737
739
749
753
754
761
765
768
771
775
777
779
794
797
801
805
807
811
813
814
816
822
826
828
830
831
833
840
842
846
847
850
851
853
862
865
870
872
873
877
882
886
888
892
894
896
898
904
908
909
913
916
920
921
922
923
928
929
933
935
937
938
940
941
945
946
948
949
950
958
982
983
989
992
994
996
