# 229 13 998
3
4
6
15
17
18
26
29
41
42
46
48
50
54
60
74
76
77
82
84
92
99
101
102
103
104
105
109
115
135
141
143
149
150
154
157
160
168
170
174
175
186
187
195
197
209
210
212
215
217
218
219
222
225
227
233
235
246
251
252
258
267
270
274
278
283
286
287
289
291
298
303
308
310
314
331
332
334
338
343
344
346
348
350
351
359
364
365
367
368
370
389
391
395
398
399
404
407
408
415
419
420
425
428
431
432
434
436
437
438
443
445
453
454
457
461
463
467
469
471
472
476
481
483
501
502
503
505
512
513
514
515
520
523
529
531
544
547
551
553
556
567
570
572
577
590
593
595
596
599
601
602
605
610
614
615
621
624
626
630
633
642
653
666
669
676
679
684
690
697
708
718
729
730
742
744
745
746
747
751
756
770
774
781
783
784
787
788
789
790
795
796
806
808
809
815
825
827
834
856
857
866
869
871
875
876
890
893
906
917
918
925
930
942
947
952
955
963
965
968
973
981
984
985
986
990
993
997
998
