# 173 11 934
5
9
20
22
25
28
32
39
45
49
56
75
80
85
86
87
89
96
97
100
106
107
108
121
126
128
132
136
142
152
153
158
161
169
176
181
191
194
205
234
237
240
248
249
265
275
277
279
304
309
315
320
325
326
330
333
335
355
356
363
371
373
377
379
382
386
387
410
416
441
444
448
451
459
466
468
475
477
479
484
493
504
506
508
510
511
521
526
530
532
545
546
552
557
560
571
573
575
578
579
581
583
600
611
612
620
628
638
644
645
649
655
663
674
675
678
680
688
692
693
700
707
717
724
731
735
736
743
748
750
757
759
760
766
767
778
780
785
792
799
800
810
818
819
823
836
838
845
848
854
855
858
861
868
891
899
914
927
932
934
943
951
953
954
956
970
971
972
974
976
987
988
991
