# 155 14 262
7
14
16
23
24
34
37
44
47
59
61
64
66
67
70
71
73
81
83
90
93
94
98
112
119
120
122
131
133
134
139
145
159
163
165
183
185
190
208
220
224
226
229
232
241
242
244
262
263
266
271
272
276
281
285
294
312
313
316
319
336
339
347
354
358
362
385
406
411
414
418
430
433
446
447
465
473
491
497
507
509
517
518
524
535
549
550
558
584
588
592
613
616
641
647
648
657
658
677
683
685
689
695
696
699
701
706
709
711
713
727
734
738
740
752
762
763
769
776
786
798
802
803
804
817
820
824
829
832
841
843
844
849
852
859
860
867
878
881
885
887
889
895
902
903
910
911
926
944
960
961
962
966
975
980
