# 796 _-1-1-1
0.000000000000000000e+00
7.000000000000000000e+00
8.000000000000000000e+00
1.200000000000000000e+01
1.400000000000000000e+01
1.500000000000000000e+01
2.000000000000000000e+01
2.200000000000000000e+01
2.400000000000000000e+01
3.000000000000000000e+01
3.300000000000000000e+01
3.700000000000000000e+01
3.800000000000000000e+01
4.300000000000000000e+01
4.400000000000000000e+01
4.800000000000000000e+01
5.300000000000000000e+01
5.400000000000000000e+01
5.700000000000000000e+01
5.900000000000000000e+01
6.100000000000000000e+01
6.200000000000000000e+01
6.400000000000000000e+01
6.600000000000000000e+01
6.700000000000000000e+01
7.000000000000000000e+01
7.100000000000000000e+01
7.200000000000000000e+01
7.400000000000000000e+01
7.800000000000000000e+01
8.000000000000000000e+01
8.100000000000000000e+01
8.200000000000000000e+01
8.300000000000000000e+01
8.800000000000000000e+01
9.100000000000000000e+01
9.300000000000000000e+01
9.400000000000000000e+01
9.700000000000000000e+01
1.070000000000000000e+02
1.080000000000000000e+02
1.110000000000000000e+02
1.130000000000000000e+02
1.150000000000000000e+02
1.200000000000000000e+02
1.220000000000000000e+02
1.230000000000000000e+02
1.240000000000000000e+02
1.270000000000000000e+02
1.280000000000000000e+02
1.300000000000000000e+02
1.330000000000000000e+02
1.340000000000000000e+02
1.370000000000000000e+02
1.390000000000000000e+02
1.410000000000000000e+02
1.420000000000000000e+02
1.440000000000000000e+02
1.470000000000000000e+02
1.490000000000000000e+02
1.510000000000000000e+02
1.540000000000000000e+02
1.580000000000000000e+02
1.590000000000000000e+02
1.620000000000000000e+02
1.630000000000000000e+02
1.640000000000000000e+02
1.650000000000000000e+02
1.680000000000000000e+02
1.690000000000000000e+02
1.700000000000000000e+02
1.730000000000000000e+02
1.750000000000000000e+02
1.760000000000000000e+02
1.780000000000000000e+02
1.810000000000000000e+02
1.850000000000000000e+02
1.930000000000000000e+02
1.960000000000000000e+02
1.980000000000000000e+02
2.010000000000000000e+02
2.040000000000000000e+02
2.060000000000000000e+02
2.120000000000000000e+02
2.140000000000000000e+02
2.260000000000000000e+02
2.280000000000000000e+02
2.300000000000000000e+02
2.330000000000000000e+02
2.340000000000000000e+02
2.360000000000000000e+02
2.410000000000000000e+02
2.420000000000000000e+02
2.440000000000000000e+02
2.460000000000000000e+02
2.480000000000000000e+02
2.500000000000000000e+02
2.560000000000000000e+02
2.590000000000000000e+02
2.650000000000000000e+02
2.660000000000000000e+02
2.720000000000000000e+02
2.740000000000000000e+02
2.880000000000000000e+02
2.890000000000000000e+02
2.910000000000000000e+02
2.940000000000000000e+02
2.950000000000000000e+02
2.970000000000000000e+02
2.990000000000000000e+02
3.000000000000000000e+02
3.030000000000000000e+02
3.060000000000000000e+02
3.110000000000000000e+02
3.130000000000000000e+02
3.180000000000000000e+02
3.190000000000000000e+02
3.220000000000000000e+02
3.270000000000000000e+02
3.310000000000000000e+02
3.340000000000000000e+02
3.360000000000000000e+02
3.380000000000000000e+02
3.410000000000000000e+02
3.430000000000000000e+02
3.450000000000000000e+02
3.520000000000000000e+02
3.540000000000000000e+02
3.640000000000000000e+02
3.650000000000000000e+02
3.660000000000000000e+02
3.670000000000000000e+02
3.680000000000000000e+02
3.690000000000000000e+02
3.720000000000000000e+02
3.750000000000000000e+02
3.760000000000000000e+02
3.770000000000000000e+02
3.780000000000000000e+02
3.810000000000000000e+02
3.830000000000000000e+02
3.900000000000000000e+02
3.910000000000000000e+02
3.920000000000000000e+02
3.960000000000000000e+02
3.970000000000000000e+02
3.990000000000000000e+02
4.030000000000000000e+02
4.040000000000000000e+02
4.060000000000000000e+02
4.130000000000000000e+02
4.140000000000000000e+02
4.160000000000000000e+02
4.190000000000000000e+02
4.210000000000000000e+02
4.250000000000000000e+02
4.260000000000000000e+02
4.280000000000000000e+02
4.310000000000000000e+02
4.330000000000000000e+02
4.340000000000000000e+02
4.370000000000000000e+02
4.380000000000000000e+02
4.410000000000000000e+02
4.470000000000000000e+02
4.490000000000000000e+02
4.510000000000000000e+02
4.520000000000000000e+02
4.530000000000000000e+02
4.570000000000000000e+02
4.600000000000000000e+02
4.620000000000000000e+02
4.630000000000000000e+02
4.640000000000000000e+02
4.660000000000000000e+02
4.720000000000000000e+02
4.760000000000000000e+02
4.790000000000000000e+02
4.830000000000000000e+02
4.860000000000000000e+02
5.040000000000000000e+02
5.080000000000000000e+02
5.120000000000000000e+02
5.130000000000000000e+02
5.180000000000000000e+02
5.200000000000000000e+02
5.210000000000000000e+02
5.220000000000000000e+02
5.250000000000000000e+02
5.270000000000000000e+02
5.300000000000000000e+02
5.310000000000000000e+02
5.320000000000000000e+02
5.350000000000000000e+02
5.400000000000000000e+02
5.410000000000000000e+02
5.440000000000000000e+02
5.460000000000000000e+02
5.670000000000000000e+02
5.690000000000000000e+02
5.770000000000000000e+02
5.890000000000000000e+02
5.960000000000000000e+02
5.980000000000000000e+02
5.990000000000000000e+02
6.000000000000000000e+02
6.090000000000000000e+02
6.110000000000000000e+02
6.130000000000000000e+02
6.150000000000000000e+02
6.220000000000000000e+02
6.230000000000000000e+02
6.260000000000000000e+02
6.270000000000000000e+02
6.280000000000000000e+02
6.410000000000000000e+02
6.450000000000000000e+02
6.490000000000000000e+02
6.520000000000000000e+02
6.550000000000000000e+02
6.580000000000000000e+02
6.590000000000000000e+02
6.600000000000000000e+02
6.650000000000000000e+02
6.670000000000000000e+02
6.700000000000000000e+02
6.730000000000000000e+02
6.790000000000000000e+02
6.800000000000000000e+02
6.810000000000000000e+02
6.820000000000000000e+02
6.880000000000000000e+02
6.890000000000000000e+02
6.930000000000000000e+02
6.940000000000000000e+02
6.950000000000000000e+02
7.020000000000000000e+02
7.040000000000000000e+02
7.080000000000000000e+02
7.100000000000000000e+02
7.170000000000000000e+02
7.190000000000000000e+02
7.210000000000000000e+02
7.240000000000000000e+02
7.300000000000000000e+02
7.390000000000000000e+02
7.400000000000000000e+02
7.430000000000000000e+02
7.440000000000000000e+02
7.450000000000000000e+02
7.480000000000000000e+02
7.490000000000000000e+02
7.520000000000000000e+02
7.570000000000000000e+02
7.610000000000000000e+02
7.650000000000000000e+02
7.760000000000000000e+02
7.770000000000000000e+02
7.810000000000000000e+02
7.830000000000000000e+02
7.930000000000000000e+02
7.940000000000000000e+02
7.960000000000000000e+02
7.970000000000000000e+02
8.000000000000000000e+02
8.030000000000000000e+02
8.040000000000000000e+02
8.050000000000000000e+02
8.080000000000000000e+02
8.100000000000000000e+02
8.130000000000000000e+02
8.180000000000000000e+02
8.190000000000000000e+02
8.200000000000000000e+02
8.230000000000000000e+02
8.280000000000000000e+02
8.290000000000000000e+02
8.300000000000000000e+02
8.360000000000000000e+02
8.390000000000000000e+02
8.400000000000000000e+02
8.430000000000000000e+02
8.440000000000000000e+02
8.560000000000000000e+02
8.610000000000000000e+02
8.620000000000000000e+02
8.630000000000000000e+02
8.660000000000000000e+02
8.690000000000000000e+02
8.750000000000000000e+02
8.760000000000000000e+02
8.770000000000000000e+02
8.780000000000000000e+02
8.820000000000000000e+02
8.830000000000000000e+02
8.870000000000000000e+02
8.900000000000000000e+02
8.910000000000000000e+02
8.960000000000000000e+02
8.970000000000000000e+02
9.010000000000000000e+02
9.020000000000000000e+02
9.050000000000000000e+02
9.060000000000000000e+02
9.080000000000000000e+02
9.120000000000000000e+02
9.130000000000000000e+02
9.160000000000000000e+02
9.170000000000000000e+02
9.180000000000000000e+02
9.230000000000000000e+02
9.240000000000000000e+02
9.260000000000000000e+02
9.270000000000000000e+02
9.330000000000000000e+02
9.350000000000000000e+02
9.380000000000000000e+02
9.410000000000000000e+02
9.470000000000000000e+02
9.490000000000000000e+02
9.530000000000000000e+02
9.550000000000000000e+02
9.580000000000000000e+02
9.630000000000000000e+02
9.690000000000000000e+02
9.740000000000000000e+02
9.750000000000000000e+02
9.760000000000000000e+02
9.790000000000000000e+02
9.830000000000000000e+02
9.840000000000000000e+02
9.850000000000000000e+02
9.870000000000000000e+02
9.880000000000000000e+02
9.900000000000000000e+02
9.930000000000000000e+02
9.940000000000000000e+02
9.950000000000000000e+02
9.970000000000000000e+02
9.990000000000000000e+02
