# 441 _-1-1-1-1
7.000000000000000000e+00
1.200000000000000000e+01
1.400000000000000000e+01
2.200000000000000000e+01
2.400000000000000000e+01
3.000000000000000000e+01
3.700000000000000000e+01
3.800000000000000000e+01
4.400000000000000000e+01
4.800000000000000000e+01
5.300000000000000000e+01
5.400000000000000000e+01
5.900000000000000000e+01
6.100000000000000000e+01
6.200000000000000000e+01
6.700000000000000000e+01
7.000000000000000000e+01
7.200000000000000000e+01
7.400000000000000000e+01
8.000000000000000000e+01
8.100000000000000000e+01
8.800000000000000000e+01
9.100000000000000000e+01
9.300000000000000000e+01
1.080000000000000000e+02
1.220000000000000000e+02
1.270000000000000000e+02
1.280000000000000000e+02
1.300000000000000000e+02
1.330000000000000000e+02
1.340000000000000000e+02
1.370000000000000000e+02
1.410000000000000000e+02
1.580000000000000000e+02
1.590000000000000000e+02
1.630000000000000000e+02
1.640000000000000000e+02
1.650000000000000000e+02
1.690000000000000000e+02
1.700000000000000000e+02
1.760000000000000000e+02
1.780000000000000000e+02
1.810000000000000000e+02
1.850000000000000000e+02
1.960000000000000000e+02
1.980000000000000000e+02
2.040000000000000000e+02
2.120000000000000000e+02
2.140000000000000000e+02
2.280000000000000000e+02
2.300000000000000000e+02
2.330000000000000000e+02
2.340000000000000000e+02
2.360000000000000000e+02
2.410000000000000000e+02
2.440000000000000000e+02
2.460000000000000000e+02
2.480000000000000000e+02
2.560000000000000000e+02
2.590000000000000000e+02
2.650000000000000000e+02
2.660000000000000000e+02
2.740000000000000000e+02
2.950000000000000000e+02
2.990000000000000000e+02
3.000000000000000000e+02
3.060000000000000000e+02
3.110000000000000000e+02
3.130000000000000000e+02
3.180000000000000000e+02
3.190000000000000000e+02
3.270000000000000000e+02
3.310000000000000000e+02
3.340000000000000000e+02
3.360000000000000000e+02
3.380000000000000000e+02
3.410000000000000000e+02
3.520000000000000000e+02
3.660000000000000000e+02
3.680000000000000000e+02
3.720000000000000000e+02
3.900000000000000000e+02
4.030000000000000000e+02
4.040000000000000000e+02
4.130000000000000000e+02
4.190000000000000000e+02
4.210000000000000000e+02
4.260000000000000000e+02
4.280000000000000000e+02
4.370000000000000000e+02
4.380000000000000000e+02
4.410000000000000000e+02
4.470000000000000000e+02
4.490000000000000000e+02
4.570000000000000000e+02
4.600000000000000000e+02
4.620000000000000000e+02
4.640000000000000000e+02
4.660000000000000000e+02
4.720000000000000000e+02
4.830000000000000000e+02
5.120000000000000000e+02
5.200000000000000000e+02
5.210000000000000000e+02
5.250000000000000000e+02
5.270000000000000000e+02
5.300000000000000000e+02
5.310000000000000000e+02
5.320000000000000000e+02
5.350000000000000000e+02
5.400000000000000000e+02
5.410000000000000000e+02
5.440000000000000000e+02
5.460000000000000000e+02
5.670000000000000000e+02
5.690000000000000000e+02
5.890000000000000000e+02
5.980000000000000000e+02
5.990000000000000000e+02
6.000000000000000000e+02
6.090000000000000000e+02
6.110000000000000000e+02
6.130000000000000000e+02
6.220000000000000000e+02
6.270000000000000000e+02
6.450000000000000000e+02
6.520000000000000000e+02
6.550000000000000000e+02
6.580000000000000000e+02
6.590000000000000000e+02
6.600000000000000000e+02
6.700000000000000000e+02
6.790000000000000000e+02
6.800000000000000000e+02
6.810000000000000000e+02
6.880000000000000000e+02
6.930000000000000000e+02
7.020000000000000000e+02
7.040000000000000000e+02
7.080000000000000000e+02
7.210000000000000000e+02
7.240000000000000000e+02
7.400000000000000000e+02
7.440000000000000000e+02
7.450000000000000000e+02
7.490000000000000000e+02
7.520000000000000000e+02
7.570000000000000000e+02
7.830000000000000000e+02
7.930000000000000000e+02
7.970000000000000000e+02
8.030000000000000000e+02
8.080000000000000000e+02
8.100000000000000000e+02
8.130000000000000000e+02
8.180000000000000000e+02
8.190000000000000000e+02
8.200000000000000000e+02
8.230000000000000000e+02
8.300000000000000000e+02
8.360000000000000000e+02
8.440000000000000000e+02
8.560000000000000000e+02
8.760000000000000000e+02
8.770000000000000000e+02
8.830000000000000000e+02
8.870000000000000000e+02
8.910000000000000000e+02
8.960000000000000000e+02
9.020000000000000000e+02
9.060000000000000000e+02
9.080000000000000000e+02
9.170000000000000000e+02
9.180000000000000000e+02
9.230000000000000000e+02
9.240000000000000000e+02
9.270000000000000000e+02
9.350000000000000000e+02
9.490000000000000000e+02
9.530000000000000000e+02
9.580000000000000000e+02
9.630000000000000000e+02
9.740000000000000000e+02
9.750000000000000000e+02
9.760000000000000000e+02
9.790000000000000000e+02
9.840000000000000000e+02
9.870000000000000000e+02
9.880000000000000000e+02
9.900000000000000000e+02
9.930000000000000000e+02
9.950000000000000000e+02
9.970000000000000000e+02
