# 555 _-10
6.000000000000000000e+00
1.100000000000000000e+01
1.700000000000000000e+01
2.100000000000000000e+01
2.800000000000000000e+01
2.900000000000000000e+01
3.900000000000000000e+01
4.100000000000000000e+01
5.000000000000000000e+01
5.200000000000000000e+01
6.300000000000000000e+01
6.900000000000000000e+01
7.300000000000000000e+01
7.700000000000000000e+01
8.900000000000000000e+01
9.200000000000000000e+01
9.500000000000000000e+01
1.000000000000000000e+02
1.050000000000000000e+02
1.090000000000000000e+02
1.190000000000000000e+02
1.360000000000000000e+02
1.380000000000000000e+02
1.400000000000000000e+02
1.520000000000000000e+02
1.530000000000000000e+02
1.560000000000000000e+02
1.610000000000000000e+02
1.670000000000000000e+02
1.880000000000000000e+02
1.890000000000000000e+02
1.920000000000000000e+02
2.090000000000000000e+02
2.160000000000000000e+02
2.170000000000000000e+02
2.200000000000000000e+02
2.250000000000000000e+02
2.270000000000000000e+02
2.290000000000000000e+02
2.390000000000000000e+02
2.540000000000000000e+02
2.580000000000000000e+02
2.610000000000000000e+02
2.710000000000000000e+02
2.750000000000000000e+02
2.790000000000000000e+02
2.840000000000000000e+02
2.920000000000000000e+02
2.980000000000000000e+02
3.010000000000000000e+02
3.040000000000000000e+02
3.140000000000000000e+02
3.150000000000000000e+02
3.210000000000000000e+02
3.280000000000000000e+02
3.300000000000000000e+02
3.400000000000000000e+02
3.460000000000000000e+02
3.500000000000000000e+02
3.890000000000000000e+02
3.950000000000000000e+02
4.010000000000000000e+02
4.070000000000000000e+02
4.220000000000000000e+02
4.270000000000000000e+02
4.290000000000000000e+02
4.300000000000000000e+02
4.400000000000000000e+02
4.420000000000000000e+02
4.430000000000000000e+02
4.580000000000000000e+02
4.590000000000000000e+02
4.690000000000000000e+02
4.700000000000000000e+02
4.880000000000000000e+02
4.890000000000000000e+02
4.930000000000000000e+02
4.950000000000000000e+02
4.980000000000000000e+02
5.000000000000000000e+02
5.050000000000000000e+02
5.100000000000000000e+02
5.140000000000000000e+02
5.370000000000000000e+02
5.430000000000000000e+02
5.500000000000000000e+02
5.530000000000000000e+02
5.540000000000000000e+02
5.550000000000000000e+02
5.610000000000000000e+02
5.630000000000000000e+02
5.640000000000000000e+02
5.740000000000000000e+02
5.800000000000000000e+02
5.830000000000000000e+02
5.900000000000000000e+02
5.910000000000000000e+02
5.970000000000000000e+02
6.020000000000000000e+02
6.140000000000000000e+02
6.200000000000000000e+02
6.300000000000000000e+02
6.350000000000000000e+02
6.420000000000000000e+02
6.480000000000000000e+02
6.500000000000000000e+02
6.620000000000000000e+02
6.630000000000000000e+02
6.740000000000000000e+02
6.750000000000000000e+02
6.900000000000000000e+02
6.980000000000000000e+02
6.990000000000000000e+02
7.010000000000000000e+02
7.070000000000000000e+02
7.130000000000000000e+02
7.160000000000000000e+02
7.200000000000000000e+02
7.250000000000000000e+02
7.280000000000000000e+02
7.310000000000000000e+02
7.320000000000000000e+02
7.410000000000000000e+02
7.420000000000000000e+02
7.460000000000000000e+02
7.510000000000000000e+02
7.590000000000000000e+02
7.630000000000000000e+02
7.680000000000000000e+02
7.860000000000000000e+02
7.900000000000000000e+02
7.920000000000000000e+02
7.950000000000000000e+02
8.010000000000000000e+02
8.260000000000000000e+02
8.380000000000000000e+02
8.410000000000000000e+02
8.460000000000000000e+02
8.470000000000000000e+02
8.510000000000000000e+02
8.520000000000000000e+02
8.680000000000000000e+02
8.790000000000000000e+02
8.940000000000000000e+02
8.980000000000000000e+02
9.110000000000000000e+02
9.200000000000000000e+02
9.320000000000000000e+02
9.340000000000000000e+02
9.390000000000000000e+02
9.400000000000000000e+02
9.450000000000000000e+02
9.620000000000000000e+02
9.710000000000000000e+02
9.800000000000000000e+02
9.910000000000000000e+02
9.980000000000000000e+02
