# 202 12 517
2
6
11
17
23
24
26
27
37
49
50
52
69
74
77
87
89
92
94
97
100
111
112
118
121
123
124
127
131
136
141
142
145
150
152
153
163
164
168
172
174
184
185
196
198
204
211
215
225
228
235
237
238
250
253
265
267
278
279
287
295
303
310
314
330
349
355
358
365
367
370
372
377
383
394
406
408
409
410
414
415
417
421
426
428
429
431
434
437
440
443
451
471
475
477
483
489
490
491
497
502
503
509
512
517
520
524
529
535
537
540
545
553
555
556
563
568
584
596
598
603
607
619
620
626
628
634
651
654
656
662
663
666
670
680
681
682
684
687
704
721
728
731
734
741
742
746
751
761
778
779
785
788
795
797
817
823
825
827
834
835
843
848
849
854
857
859
862
868
873
877
881
882
885
886
889
891
892
894
896
910
916
917
918
919
921
929
930
932
934
936
944
950
951
957
961
970
982
985
989
990
997
