# 172 13 63
0
1
7
28
35
38
39
42
43
44
45
51
58
63
80
81
90
95
96
102
104
109
113
117
125
133
139
155
159
170
171
173
178
180
186
192
194
208
216
220
234
241
244
246
266
272
273
275
280
285
292
324
325
334
342
345
346
348
352
354
357
360
361
362
366
387
388
416
420
422
425
433
436
442
445
456
462
464
467
472
473
499
501
506
508
514
521
522
526
536
538
539
543
544
557
559
570
571
573
577
580
582
588
597
600
606
613
614
617
623
627
631
632
635
653
655
665
669
677
678
697
699
701
705
707
714
715
720
722
726
738
739
747
754
755
764
768
777
783
786
787
791
804
807
812
820
824
830
832
840
841
844
845
850
855
858
865
869
872
880
913
922
935
943
949
955
960
964
969
976
983
999
