# 285 12 770
2
3
6
11
12
17
23
24
26
27
37
41
49
50
52
62
69
70
74
76
77
87
88
89
92
94
97
100
105
111
112
114
115
118
121
122
123
124
127
131
136
140
141
142
144
145
150
152
153
163
164
168
172
174
181
184
185
191
196
198
203
204
211
213
215
218
219
225
228
233
235
237
238
243
245
248
250
253
256
257
259
265
267
276
278
279
287
295
303
304
308
309
310
314
317
330
332
333
347
349
350
355
356
358
364
365
367
368
370
372
373
374
377
383
394
400
402
406
408
409
410
414
415
417
421
426
428
429
431
434
437
439
440
443
451
463
468
471
475
477
483
485
487
489
490
491
497
502
503
509
512
513
517
520
524
527
529
532
535
537
540
545
550
552
553
554
555
556
558
563
566
568
584
593
596
598
603
607
619
620
622
626
628
633
634
642
647
651
654
656
662
663
666
668
670
680
681
682
684
687
691
696
704
717
721
728
731
734
741
742
745
746
751
757
760
761
770
778
779
785
788
790
792
795
797
800
810
817
823
825
827
831
834
835
836
837
843
848
849
854
857
859
862
868
871
873
877
881
882
885
886
889
891
892
894
896
901
904
910
916
917
918
919
921
923
925
929
930
932
934
936
938
940
944
950
951
957
961
970
977
982
985
989
990
997
