# 232 13 63
0
1
7
9
14
19
28
35
38
39
42
43
44
45
51
53
58
63
73
78
79
80
81
90
95
96
98
102
104
106
109
113
116
117
125
133
139
155
156
159
160
162
165
166
169
170
171
173
178
180
186
192
194
200
202
208
216
220
231
234
236
240
241
244
246
252
262
266
272
273
275
280
285
290
292
311
321
324
325
334
341
342
344
345
346
348
352
354
357
360
361
362
366
375
387
388
407
413
416
420
422
425
430
433
436
442
445
453
456
458
460
462
464
467
472
473
488
499
501
506
508
514
515
521
522
526
536
538
539
543
544
547
549
557
559
560
570
571
572
573
577
580
582
585
588
597
600
606
610
613
614
617
623
627
631
632
635
649
653
655
659
665
669
673
676
677
678
685
695
697
699
701
705
707
714
715
720
722
726
727
738
739
747
749
754
755
764
768
777
783
786
787
791
801
804
807
812
818
820
824
830
832
840
841
844
845
850
855
858
860
861
865
869
872
875
880
905
913
922
928
931
935
939
943
949
955
960
964
969
976
983
999
