# 185 11 151
5
10
16
18
20
21
32
33
34
40
48
66
67
71
82
85
86
101
108
119
128
132
148
151
157
161
167
175
183
187
189
190
193
195
197
201
212
214
223
226
232
249
268
281
282
284
291
293
294
298
300
313
318
320
322
323
331
335
340
343
351
359
369
376
378
379
381
382
391
393
395
401
418
419
423
424
432
435
438
444
446
447
469
470
474
476
480
493
495
504
510
511
516
518
519
525
534
541
542
548
561
562
576
579
583
587
589
591
604
608
609
611
624
629
638
643
644
650
658
660
664
667
671
690
703
708
711
712
713
716
718
724
729
736
740
750
752
759
763
765
771
772
774
775
782
789
793
799
803
808
814
815
816
819
846
863
864
874
887
893
895
899
900
903
912
920
926
945
947
948
954
956
959
963
965
967
972
973
979
987
988
992
994
996
998
