# 149 14 952
8
15
22
25
29
46
57
68
72
84
93
107
120
126
130
147
176
179
188
205
207
209
221
222
224
227
229
230
242
247
251
254
255
261
269
299
301
305
312
315
326
328
336
339
353
371
380
384
386
389
396
404
411
412
427
449
455
457
459
465
478
481
482
486
496
500
505
507
530
533
551
565
569
575
581
586
592
595
599
605
615
618
621
636
637
639
646
648
657
672
674
675
679
683
686
689
692
700
706
709
710
730
733
737
756
758
767
773
776
781
784
802
806
809
811
813
821
822
828
829
838
851
852
853
866
876
878
879
888
890
897
898
907
908
911
914
915
927
933
941
942
952
953
962
966
971
978
984
995
