# 151 12 150
2
6
11
17
27
37
49
69
74
77
87
92
94
97
100
111
112
118
121
127
131
136
141
145
150
152
153
164
168
172
184
185
196
204
211
235
237
238
253
265
267
278
279
287
295
303
310
330
349
365
367
370
372
377
394
406
408
409
410
414
417
426
428
429
431
434
437
443
451
471
475
477
483
490
502
503
512
520
529
535
545
553
556
563
584
596
598
603
619
620
626
634
651
654
656
662
663
666
670
680
681
682
684
687
704
721
728
734
741
746
761
778
779
788
795
797
817
823
827
835
848
849
854
857
862
873
877
881
882
885
886
889
891
892
894
916
918
919
921
930
932
934
944
950
951
957
961
970
982
989
997
