# 295 _-1-1-1
8.000000000000000000e+00
1.900000000000000000e+01
2.600000000000000000e+01
3.200000000000000000e+01
3.400000000000000000e+01
3.600000000000000000e+01
3.700000000000000000e+01
4.200000000000000000e+01
4.800000000000000000e+01
5.000000000000000000e+01
5.300000000000000000e+01
5.700000000000000000e+01
6.200000000000000000e+01
6.300000000000000000e+01
6.500000000000000000e+01
6.900000000000000000e+01
7.400000000000000000e+01
7.500000000000000000e+01
7.600000000000000000e+01
7.700000000000000000e+01
7.800000000000000000e+01
8.200000000000000000e+01
8.400000000000000000e+01
9.000000000000000000e+01
9.200000000000000000e+01
9.300000000000000000e+01
9.600000000000000000e+01
9.900000000000000000e+01
1.010000000000000000e+02
1.040000000000000000e+02
1.080000000000000000e+02
1.100000000000000000e+02
1.120000000000000000e+02
1.150000000000000000e+02
1.180000000000000000e+02
1.310000000000000000e+02
1.340000000000000000e+02
1.370000000000000000e+02
1.380000000000000000e+02
1.490000000000000000e+02
1.530000000000000000e+02
1.540000000000000000e+02
1.600000000000000000e+02
1.630000000000000000e+02
1.640000000000000000e+02
1.700000000000000000e+02
1.820000000000000000e+02
1.940000000000000000e+02
2.050000000000000000e+02
2.070000000000000000e+02
2.190000000000000000e+02
2.220000000000000000e+02
2.230000000000000000e+02
2.310000000000000000e+02
2.380000000000000000e+02
2.390000000000000000e+02
2.400000000000000000e+02
2.430000000000000000e+02
2.530000000000000000e+02
2.580000000000000000e+02
2.590000000000000000e+02
2.600000000000000000e+02
2.610000000000000000e+02
2.710000000000000000e+02
2.740000000000000000e+02
2.760000000000000000e+02
2.780000000000000000e+02
2.820000000000000000e+02
2.890000000000000000e+02
2.950000000000000000e+02
2.960000000000000000e+02
3.040000000000000000e+02
3.050000000000000000e+02
3.100000000000000000e+02
3.110000000000000000e+02
3.130000000000000000e+02
3.140000000000000000e+02
3.220000000000000000e+02
3.320000000000000000e+02
3.360000000000000000e+02
3.380000000000000000e+02
3.410000000000000000e+02
3.580000000000000000e+02
3.620000000000000000e+02
3.650000000000000000e+02
3.660000000000000000e+02
3.700000000000000000e+02
3.800000000000000000e+02
3.980000000000000000e+02
3.990000000000000000e+02
4.000000000000000000e+02
4.180000000000000000e+02
4.200000000000000000e+02
4.310000000000000000e+02
4.340000000000000000e+02
4.380000000000000000e+02
4.430000000000000000e+02
4.450000000000000000e+02
4.470000000000000000e+02
4.500000000000000000e+02
4.520000000000000000e+02
4.570000000000000000e+02
4.600000000000000000e+02
4.650000000000000000e+02
4.690000000000000000e+02
4.700000000000000000e+02
4.710000000000000000e+02
4.730000000000000000e+02
4.790000000000000000e+02
4.810000000000000000e+02
4.840000000000000000e+02
4.880000000000000000e+02
4.940000000000000000e+02
4.960000000000000000e+02
5.020000000000000000e+02
5.120000000000000000e+02
5.130000000000000000e+02
5.230000000000000000e+02
5.270000000000000000e+02
5.310000000000000000e+02
5.340000000000000000e+02
5.370000000000000000e+02
5.390000000000000000e+02
5.410000000000000000e+02
5.430000000000000000e+02
5.450000000000000000e+02
5.560000000000000000e+02
5.580000000000000000e+02
5.630000000000000000e+02
5.670000000000000000e+02
5.690000000000000000e+02
5.700000000000000000e+02
5.760000000000000000e+02
5.820000000000000000e+02
5.880000000000000000e+02
5.950000000000000000e+02
5.990000000000000000e+02
6.010000000000000000e+02
6.070000000000000000e+02
6.080000000000000000e+02
6.090000000000000000e+02
6.100000000000000000e+02
6.140000000000000000e+02
6.190000000000000000e+02
6.210000000000000000e+02
6.250000000000000000e+02
6.290000000000000000e+02
6.300000000000000000e+02
6.310000000000000000e+02
6.340000000000000000e+02
6.460000000000000000e+02
6.500000000000000000e+02
6.550000000000000000e+02
6.590000000000000000e+02
6.610000000000000000e+02
6.690000000000000000e+02
6.700000000000000000e+02
6.710000000000000000e+02
6.820000000000000000e+02
6.860000000000000000e+02
6.870000000000000000e+02
6.900000000000000000e+02
6.920000000000000000e+02
6.940000000000000000e+02
6.970000000000000000e+02
7.010000000000000000e+02
7.060000000000000000e+02
7.090000000000000000e+02
7.100000000000000000e+02
7.160000000000000000e+02
7.180000000000000000e+02
7.230000000000000000e+02
7.250000000000000000e+02
7.260000000000000000e+02
7.280000000000000000e+02
7.330000000000000000e+02
7.390000000000000000e+02
7.410000000000000000e+02
7.440000000000000000e+02
7.450000000000000000e+02
7.490000000000000000e+02
7.510000000000000000e+02
7.560000000000000000e+02
7.610000000000000000e+02
7.620000000000000000e+02
7.710000000000000000e+02
7.730000000000000000e+02
7.780000000000000000e+02
7.790000000000000000e+02
7.880000000000000000e+02
7.910000000000000000e+02
7.980000000000000000e+02
8.010000000000000000e+02
8.050000000000000000e+02
8.190000000000000000e+02
8.230000000000000000e+02
8.250000000000000000e+02
8.340000000000000000e+02
8.480000000000000000e+02
8.510000000000000000e+02
8.530000000000000000e+02
8.690000000000000000e+02
8.700000000000000000e+02
8.710000000000000000e+02
8.730000000000000000e+02
8.750000000000000000e+02
8.770000000000000000e+02
8.780000000000000000e+02
8.790000000000000000e+02
8.920000000000000000e+02
9.060000000000000000e+02
9.160000000000000000e+02
9.180000000000000000e+02
9.290000000000000000e+02
9.320000000000000000e+02
9.330000000000000000e+02
9.390000000000000000e+02
9.470000000000000000e+02
9.520000000000000000e+02
9.740000000000000000e+02
9.760000000000000000e+02
9.830000000000000000e+02
9.840000000000000000e+02
9.850000000000000000e+02
9.870000000000000000e+02
9.990000000000000000e+02
