# 782 _-1-1
3.000000000000000000e+00
8.000000000000000000e+00
1.000000000000000000e+01
1.200000000000000000e+01
1.700000000000000000e+01
1.900000000000000000e+01
2.000000000000000000e+01
2.200000000000000000e+01
2.500000000000000000e+01
2.600000000000000000e+01
3.000000000000000000e+01
3.200000000000000000e+01
3.400000000000000000e+01
3.600000000000000000e+01
3.700000000000000000e+01
3.900000000000000000e+01
4.200000000000000000e+01
4.300000000000000000e+01
4.800000000000000000e+01
5.000000000000000000e+01
5.300000000000000000e+01
5.500000000000000000e+01
5.700000000000000000e+01
5.800000000000000000e+01
6.200000000000000000e+01
6.300000000000000000e+01
6.500000000000000000e+01
6.800000000000000000e+01
6.900000000000000000e+01
7.000000000000000000e+01
7.300000000000000000e+01
7.400000000000000000e+01
7.500000000000000000e+01
7.600000000000000000e+01
7.700000000000000000e+01
7.800000000000000000e+01
7.900000000000000000e+01
8.200000000000000000e+01
8.300000000000000000e+01
8.400000000000000000e+01
9.000000000000000000e+01
9.100000000000000000e+01
9.200000000000000000e+01
9.300000000000000000e+01
9.600000000000000000e+01
9.900000000000000000e+01
1.010000000000000000e+02
1.040000000000000000e+02
1.050000000000000000e+02
1.080000000000000000e+02
1.100000000000000000e+02
1.110000000000000000e+02
1.120000000000000000e+02
1.140000000000000000e+02
1.150000000000000000e+02
1.180000000000000000e+02
1.190000000000000000e+02
1.220000000000000000e+02
1.230000000000000000e+02
1.240000000000000000e+02
1.270000000000000000e+02
1.280000000000000000e+02
1.310000000000000000e+02
1.330000000000000000e+02
1.340000000000000000e+02
1.370000000000000000e+02
1.380000000000000000e+02
1.390000000000000000e+02
1.410000000000000000e+02
1.460000000000000000e+02
1.470000000000000000e+02
1.490000000000000000e+02
1.500000000000000000e+02
1.530000000000000000e+02
1.540000000000000000e+02
1.600000000000000000e+02
1.630000000000000000e+02
1.640000000000000000e+02
1.700000000000000000e+02
1.740000000000000000e+02
1.790000000000000000e+02
1.800000000000000000e+02
1.820000000000000000e+02
1.840000000000000000e+02
1.900000000000000000e+02
1.940000000000000000e+02
1.950000000000000000e+02
1.960000000000000000e+02
2.010000000000000000e+02
2.050000000000000000e+02
2.070000000000000000e+02
2.080000000000000000e+02
2.160000000000000000e+02
2.170000000000000000e+02
2.180000000000000000e+02
2.190000000000000000e+02
2.200000000000000000e+02
2.220000000000000000e+02
2.230000000000000000e+02
2.240000000000000000e+02
2.260000000000000000e+02
2.270000000000000000e+02
2.290000000000000000e+02
2.310000000000000000e+02
2.320000000000000000e+02
2.380000000000000000e+02
2.390000000000000000e+02
2.400000000000000000e+02
2.430000000000000000e+02
2.440000000000000000e+02
2.500000000000000000e+02
2.530000000000000000e+02
2.550000000000000000e+02
2.580000000000000000e+02
2.590000000000000000e+02
2.600000000000000000e+02
2.610000000000000000e+02
2.660000000000000000e+02
2.680000000000000000e+02
2.710000000000000000e+02
2.730000000000000000e+02
2.740000000000000000e+02
2.750000000000000000e+02
2.760000000000000000e+02
2.770000000000000000e+02
2.780000000000000000e+02
2.820000000000000000e+02
2.840000000000000000e+02
2.850000000000000000e+02
2.890000000000000000e+02
2.910000000000000000e+02
2.920000000000000000e+02
2.940000000000000000e+02
2.950000000000000000e+02
2.960000000000000000e+02
3.020000000000000000e+02
3.040000000000000000e+02
3.050000000000000000e+02
3.100000000000000000e+02
3.110000000000000000e+02
3.130000000000000000e+02
3.140000000000000000e+02
3.200000000000000000e+02
3.220000000000000000e+02
3.300000000000000000e+02
3.320000000000000000e+02
3.360000000000000000e+02
3.380000000000000000e+02
3.390000000000000000e+02
3.410000000000000000e+02
3.470000000000000000e+02
3.480000000000000000e+02
3.490000000000000000e+02
3.530000000000000000e+02
3.550000000000000000e+02
3.560000000000000000e+02
3.570000000000000000e+02
3.580000000000000000e+02
3.610000000000000000e+02
3.620000000000000000e+02
3.650000000000000000e+02
3.660000000000000000e+02
3.700000000000000000e+02
3.800000000000000000e+02
3.810000000000000000e+02
3.920000000000000000e+02
3.930000000000000000e+02
3.950000000000000000e+02
3.960000000000000000e+02
3.980000000000000000e+02
3.990000000000000000e+02
4.000000000000000000e+02
4.040000000000000000e+02
4.070000000000000000e+02
4.080000000000000000e+02
4.140000000000000000e+02
4.160000000000000000e+02
4.180000000000000000e+02
4.190000000000000000e+02
4.200000000000000000e+02
4.220000000000000000e+02
4.300000000000000000e+02
4.310000000000000000e+02
4.330000000000000000e+02
4.340000000000000000e+02
4.380000000000000000e+02
4.390000000000000000e+02
4.430000000000000000e+02
4.450000000000000000e+02
4.470000000000000000e+02
4.480000000000000000e+02
4.500000000000000000e+02
4.520000000000000000e+02
4.560000000000000000e+02
4.570000000000000000e+02
4.590000000000000000e+02
4.600000000000000000e+02
4.650000000000000000e+02
4.670000000000000000e+02
4.680000000000000000e+02
4.690000000000000000e+02
4.700000000000000000e+02
4.710000000000000000e+02
4.730000000000000000e+02
4.740000000000000000e+02
4.760000000000000000e+02
4.790000000000000000e+02
4.810000000000000000e+02
4.840000000000000000e+02
4.880000000000000000e+02
4.940000000000000000e+02
4.960000000000000000e+02
4.970000000000000000e+02
5.010000000000000000e+02
5.020000000000000000e+02
5.050000000000000000e+02
5.090000000000000000e+02
5.100000000000000000e+02
5.120000000000000000e+02
5.130000000000000000e+02
5.140000000000000000e+02
5.230000000000000000e+02
5.270000000000000000e+02
5.290000000000000000e+02
5.310000000000000000e+02
5.340000000000000000e+02
5.370000000000000000e+02
5.390000000000000000e+02
5.400000000000000000e+02
5.410000000000000000e+02
5.430000000000000000e+02
5.450000000000000000e+02
5.500000000000000000e+02
5.520000000000000000e+02
5.560000000000000000e+02
5.570000000000000000e+02
5.580000000000000000e+02
5.630000000000000000e+02
5.640000000000000000e+02
5.670000000000000000e+02
5.690000000000000000e+02
5.700000000000000000e+02
5.710000000000000000e+02
5.760000000000000000e+02
5.810000000000000000e+02
5.820000000000000000e+02
5.860000000000000000e+02
5.880000000000000000e+02
5.890000000000000000e+02
5.900000000000000000e+02
5.920000000000000000e+02
5.930000000000000000e+02
5.940000000000000000e+02
5.950000000000000000e+02
5.990000000000000000e+02
6.010000000000000000e+02
6.020000000000000000e+02
6.070000000000000000e+02
6.080000000000000000e+02
6.090000000000000000e+02
6.100000000000000000e+02
6.120000000000000000e+02
6.140000000000000000e+02
6.150000000000000000e+02
6.170000000000000000e+02
6.190000000000000000e+02
6.210000000000000000e+02
6.250000000000000000e+02
6.260000000000000000e+02
6.280000000000000000e+02
6.290000000000000000e+02
6.300000000000000000e+02
6.310000000000000000e+02
6.340000000000000000e+02
6.350000000000000000e+02
6.380000000000000000e+02
6.410000000000000000e+02
6.440000000000000000e+02
6.450000000000000000e+02
6.460000000000000000e+02
6.470000000000000000e+02
6.490000000000000000e+02
6.500000000000000000e+02
6.530000000000000000e+02
6.550000000000000000e+02
6.570000000000000000e+02
6.590000000000000000e+02
6.600000000000000000e+02
6.610000000000000000e+02
6.660000000000000000e+02
6.690000000000000000e+02
6.700000000000000000e+02
6.710000000000000000e+02
6.720000000000000000e+02
6.730000000000000000e+02
6.740000000000000000e+02
6.810000000000000000e+02
6.820000000000000000e+02
6.840000000000000000e+02
6.860000000000000000e+02
6.870000000000000000e+02
6.900000000000000000e+02
6.920000000000000000e+02
6.930000000000000000e+02
6.940000000000000000e+02
6.970000000000000000e+02
7.010000000000000000e+02
7.030000000000000000e+02
7.040000000000000000e+02
7.060000000000000000e+02
7.080000000000000000e+02
7.090000000000000000e+02
7.100000000000000000e+02
7.120000000000000000e+02
7.130000000000000000e+02
7.160000000000000000e+02
7.180000000000000000e+02
7.200000000000000000e+02
7.230000000000000000e+02
7.240000000000000000e+02
7.250000000000000000e+02
7.260000000000000000e+02
7.270000000000000000e+02
7.280000000000000000e+02
7.290000000000000000e+02
7.310000000000000000e+02
7.330000000000000000e+02
7.370000000000000000e+02
7.390000000000000000e+02
7.410000000000000000e+02
7.440000000000000000e+02
7.450000000000000000e+02
7.490000000000000000e+02
7.510000000000000000e+02
7.560000000000000000e+02
7.590000000000000000e+02
7.610000000000000000e+02
7.620000000000000000e+02
7.650000000000000000e+02
7.680000000000000000e+02
7.690000000000000000e+02
7.710000000000000000e+02
7.730000000000000000e+02
7.740000000000000000e+02
7.760000000000000000e+02
7.780000000000000000e+02
7.790000000000000000e+02
7.820000000000000000e+02
7.830000000000000000e+02
7.840000000000000000e+02
7.860000000000000000e+02
7.880000000000000000e+02
7.890000000000000000e+02
7.900000000000000000e+02
7.910000000000000000e+02
7.920000000000000000e+02
7.940000000000000000e+02
7.950000000000000000e+02
7.970000000000000000e+02
7.980000000000000000e+02
8.010000000000000000e+02
8.050000000000000000e+02
8.060000000000000000e+02
8.080000000000000000e+02
8.100000000000000000e+02
8.160000000000000000e+02
8.190000000000000000e+02
8.230000000000000000e+02
8.250000000000000000e+02
8.260000000000000000e+02
8.290000000000000000e+02
8.300000000000000000e+02
8.310000000000000000e+02
8.320000000000000000e+02
8.340000000000000000e+02
8.350000000000000000e+02
8.370000000000000000e+02
8.400000000000000000e+02
8.420000000000000000e+02
8.440000000000000000e+02
8.470000000000000000e+02
8.480000000000000000e+02
8.510000000000000000e+02
8.530000000000000000e+02
8.540000000000000000e+02
8.660000000000000000e+02
8.680000000000000000e+02
8.690000000000000000e+02
8.700000000000000000e+02
8.710000000000000000e+02
8.730000000000000000e+02
8.740000000000000000e+02
8.750000000000000000e+02
8.770000000000000000e+02
8.780000000000000000e+02
8.790000000000000000e+02
8.810000000000000000e+02
8.850000000000000000e+02
8.860000000000000000e+02
8.920000000000000000e+02
8.950000000000000000e+02
8.970000000000000000e+02
9.010000000000000000e+02
9.050000000000000000e+02
9.060000000000000000e+02
9.080000000000000000e+02
9.110000000000000000e+02
9.160000000000000000e+02
9.170000000000000000e+02
9.180000000000000000e+02
9.210000000000000000e+02
9.250000000000000000e+02
9.280000000000000000e+02
9.290000000000000000e+02
9.320000000000000000e+02
9.330000000000000000e+02
9.340000000000000000e+02
9.350000000000000000e+02
9.380000000000000000e+02
9.390000000000000000e+02
9.410000000000000000e+02
9.460000000000000000e+02
9.470000000000000000e+02
9.490000000000000000e+02
9.520000000000000000e+02
9.550000000000000000e+02
9.620000000000000000e+02
9.630000000000000000e+02
9.710000000000000000e+02
9.740000000000000000e+02
9.760000000000000000e+02
9.780000000000000000e+02
9.800000000000000000e+02
9.810000000000000000e+02
9.830000000000000000e+02
9.840000000000000000e+02
9.850000000000000000e+02
9.870000000000000000e+02
9.880000000000000000e+02
9.890000000000000000e+02
9.910000000000000000e+02
9.990000000000000000e+02
