# 214 12 145
3
8
12
13
20
22
27
35
36
39
40
47
48
55
62
64
66
68
72
76
79
87
92
93
100
101
105
109
114
115
119
121
127
128
134
136
143
145
148
159
164
165
166
170
177
178
181
191
196
200
204
207
213
214
221
223
226
231
251
256
258
268
270
285
298
307
310
328
329
331
342
348
359
360
364
372
378
386
389
392
398
399
400
405
408
412
415
419
424
427
436
437
442
451
454
466
469
478
487
490
510
512
513
518
521
524
528
530
539
542
545
554
556
558
562
563
564
565
567
568
571
578
584
585
590
592
609
622
625
627
632
633
635
637
638
640
641
649
654
656
670
678
679
681
682
690
694
696
699
712
715
717
718
719
729
739
740
741
742
744
748
758
761
767
770
772
779
784
801
804
806
807
820
829
830
835
843
846
848
853
856
860
870
872
873
874
881
883
885
887
889
899
900
902
905
907
908
912
916
928
930
933
934
950
954
955
956
964
966
969
973
980
983
996
