# 203 13 217
4
7
19
24
41
58
60
65
67
70
73
74
91
96
99
102
111
112
116
117
137
140
141
144
150
167
169
173
176
193
194
197
198
203
209
212
216
217
233
234
235
240
241
247
254
255
263
264
267
272
274
275
279
284
286
288
290
291
293
296
299
301
304
306
315
318
321
323
332
334
335
337
339
351
358
362
363
366
367
369
371
373
376
383
387
406
423
431
432
433
441
444
450
459
465
470
472
473
480
481
482
483
485
488
491
496
509
515
517
520
535
537
538
543
555
570
574
581
582
588
589
591
594
597
605
607
614
615
616
618
623
631
647
648
662
664
665
666
671
672
675
677
687
688
692
705
709
714
721
731
737
745
746
752
754
768
778
780
792
794
802
808
814
816
823
825
826
837
849
851
867
868
869
871
876
877
891
901
911
913
914
915
921
926
929
939
940
942
943
946
949
952
953
957
962
965
967
968
972
979
988
997
999
