# 163 12 145
3
8
12
13
20
22
35
36
39
40
47
48
55
64
68
76
79
87
92
93
100
101
105
119
121
127
134
136
145
159
164
165
166
170
177
178
196
204
207
213
221
226
231
251
256
268
270
298
307
310
342
348
359
360
364
372
378
386
389
398
399
400
408
412
415
419
424
427
436
437
442
451
454
466
487
490
510
513
521
524
528
530
542
554
556
558
563
564
565
567
571
578
584
590
609
622
625
632
633
635
637
638
640
641
649
656
670
678
681
682
690
696
715
717
718
719
729
740
741
742
744
748
761
767
770
772
784
806
807
820
829
830
843
846
848
853
856
860
870
872
873
874
881
883
885
887
889
899
900
902
905
907
908
912
916
928
933
934
954
956
966
980
983
