# 152 13 688
7
19
24
67
70
73
74
91
96
99
102
111
112
116
137
140
141
150
167
169
173
176
193
194
197
198
203
209
212
233
234
241
247
254
255
264
267
272
274
275
284
286
288
290
291
293
296
299
301
304
306
315
318
321
323
332
334
339
358
362
363
367
369
371
373
376
383
387
406
423
431
432
441
444
459
465
470
473
480
481
482
483
485
488
491
496
509
515
517
520
535
537
538
555
570
574
588
589
591
594
597
605
614
615
618
623
647
648
665
666
672
675
677
687
688
692
709
714
721
737
745
746
754
780
792
794
808
816
849
851
868
869
876
877
891
911
921
926
929
940
942
943
946
949
953
957
965
968
972
979
997
999
