# 127 11 495
0
1
2
11
15
18
25
34
50
52
57
63
71
82
97
98
123
129
133
139
155
160
174
179
180
185
186
192
206
222
225
229
245
249
250
271
283
303
313
314
325
350
354
382
393
417
418
434
439
447
457
458
463
494
495
501
502
503
522
526
531
544
548
569
572
575
576
577
580
586
604
613
617
621
630
639
657
676
680
683
685
686
689
695
701
706
722
747
760
766
776
782
785
799
803
809
815
822
827
833
836
838
844
845
852
854
858
861
875
880
882
909
920
923
927
935
936
937
947
951
961
963
970
987
992
995
998
