# 282 12 428
3
8
10
12
13
20
21
22
26
27
35
36
39
40
42
47
48
55
62
64
66
68
72
76
79
85
87
92
93
100
101
105
109
114
115
119
121
127
128
130
134
136
143
145
146
148
158
159
164
165
166
170
175
177
178
181
182
191
195
196
200
202
204
207
213
214
221
223
224
226
231
232
238
251
256
258
259
261
268
270
285
298
307
310
311
312
319
328
329
331
340
342
348
356
359
360
364
372
375
378
386
389
392
398
399
400
402
405
408
409
412
415
419
424
427
428
429
436
437
438
442
443
446
451
453
454
466
469
474
478
486
487
490
506
510
512
513
518
521
524
525
528
530
533
534
536
539
542
545
547
549
550
554
556
558
560
561
562
563
564
565
567
568
571
578
579
584
585
590
592
596
609
610
620
622
625
626
627
628
632
633
635
637
638
640
641
649
651
654
656
658
670
678
679
681
682
690
694
696
698
699
711
712
715
717
718
719
724
729
739
740
741
742
744
748
751
758
759
761
764
767
770
772
777
779
784
793
801
804
806
807
820
829
830
835
843
846
848
853
856
860
870
872
873
874
881
883
885
887
889
892
897
898
899
900
902
905
907
908
912
916
928
930
932
933
934
944
950
954
955
956
964
966
969
971
973
977
978
980
983
986
996
