# 256 13 775
4
7
19
24
30
33
41
58
60
65
67
70
73
74
88
91
96
99
102
107
111
112
116
117
122
126
137
140
141
144
150
167
169
172
173
176
188
193
194
197
198
199
203
209
210
212
216
217
218
233
234
235
240
241
243
247
254
255
263
264
266
267
269
272
274
275
276
277
279
284
286
287
288
290
291
293
294
296
299
300
301
304
306
308
315
317
318
321
323
324
332
334
335
337
339
341
345
351
358
362
363
366
367
369
371
373
376
383
385
387
406
422
423
426
431
432
433
440
441
444
448
450
459
465
470
472
473
480
481
482
483
485
488
491
496
505
507
509
515
517
520
529
535
537
538
543
555
570
573
574
581
582
588
589
591
594
597
605
607
614
615
616
618
619
623
631
647
648
662
664
665
666
671
672
675
677
687
688
692
700
705
709
714
721
730
731
734
737
745
746
752
754
763
768
775
778
780
787
792
794
796
802
805
808
814
816
818
821
823
825
826
834
837
849
851
855
866
867
868
869
871
876
877
886
891
893
901
911
913
914
915
919
921
924
925
926
929
939
940
942
943
945
946
949
952
953
957
962
965
967
968
972
979
988
997
999
