# 190 11 642
0
1
2
5
6
11
15
18
23
25
31
34
44
50
52
54
57
63
71
82
86
90
95
97
98
118
120
123
129
133
139
147
155
160
174
179
180
185
186
187
192
205
206
208
222
225
229
244
245
249
250
257
271
283
289
297
302
303
313
314
325
344
350
354
355
368
370
382
393
396
401
407
410
416
417
418
434
439
447
452
457
458
462
463
477
479
494
495
501
502
503
522
523
526
531
544
546
548
552
553
569
572
575
576
577
580
586
602
603
604
613
617
621
630
636
639
642
657
660
673
676
680
683
685
686
689
691
695
701
702
706
707
722
726
727
735
747
760
765
766
776
782
785
789
790
798
799
803
809
811
812
815
822
827
828
832
833
836
838
839
842
844
845
852
854
858
861
875
880
882
884
909
917
920
923
927
935
936
937
947
948
951
961
963
970
987
992
994
995
998
