# 135 14 865
14
17
32
45
49
51
53
61
83
84
89
94
104
110
125
135
149
152
153
162
163
168
171
184
189
190
211
215
219
220
228
230
239
242
248
252
253
280
281
282
292
305
316
320
326
330
333
338
347
349
352
374
379
390
391
397
403
404
413
425
430
435
449
455
460
461
464
467
475
476
489
493
499
500
508
516
527
532
540
551
557
559
593
595
599
601
611
612
629
634
643
644
645
646
652
653
661
663
703
704
713
720
725
732
733
736
750
753
756
762
769
774
781
788
791
795
797
800
813
819
824
841
847
862
863
865
878
890
894
904
906
922
975
982
985
