# 708 _-1-1-1
1.000000000000000000e+00
3.000000000000000000e+00
6.000000000000000000e+00
7.000000000000000000e+00
8.000000000000000000e+00
1.100000000000000000e+01
1.400000000000000000e+01
1.500000000000000000e+01
1.700000000000000000e+01
1.800000000000000000e+01
1.900000000000000000e+01
2.400000000000000000e+01
2.700000000000000000e+01
3.000000000000000000e+01
3.200000000000000000e+01
3.500000000000000000e+01
3.600000000000000000e+01
3.900000000000000000e+01
4.300000000000000000e+01
4.600000000000000000e+01
4.700000000000000000e+01
5.000000000000000000e+01
5.100000000000000000e+01
5.600000000000000000e+01
5.800000000000000000e+01
5.900000000000000000e+01
6.200000000000000000e+01
6.300000000000000000e+01
6.700000000000000000e+01
6.800000000000000000e+01
7.200000000000000000e+01
7.500000000000000000e+01
7.600000000000000000e+01
7.700000000000000000e+01
7.800000000000000000e+01
8.400000000000000000e+01
8.800000000000000000e+01
8.900000000000000000e+01
9.000000000000000000e+01
9.100000000000000000e+01
9.500000000000000000e+01
9.800000000000000000e+01
9.900000000000000000e+01
1.030000000000000000e+02
1.050000000000000000e+02
1.060000000000000000e+02
1.070000000000000000e+02
1.110000000000000000e+02
1.150000000000000000e+02
1.160000000000000000e+02
1.190000000000000000e+02
1.220000000000000000e+02
1.270000000000000000e+02
1.380000000000000000e+02
1.400000000000000000e+02
1.500000000000000000e+02
1.520000000000000000e+02
1.550000000000000000e+02
1.560000000000000000e+02
1.610000000000000000e+02
1.660000000000000000e+02
1.670000000000000000e+02
1.680000000000000000e+02
1.720000000000000000e+02
1.740000000000000000e+02
1.750000000000000000e+02
1.760000000000000000e+02
1.800000000000000000e+02
1.810000000000000000e+02
1.870000000000000000e+02
1.880000000000000000e+02
1.890000000000000000e+02
1.950000000000000000e+02
1.960000000000000000e+02
2.010000000000000000e+02
2.040000000000000000e+02
2.070000000000000000e+02
2.100000000000000000e+02
2.130000000000000000e+02
2.150000000000000000e+02
2.170000000000000000e+02
2.190000000000000000e+02
2.230000000000000000e+02
2.240000000000000000e+02
2.260000000000000000e+02
2.350000000000000000e+02
2.380000000000000000e+02
2.400000000000000000e+02
2.410000000000000000e+02
2.450000000000000000e+02
2.500000000000000000e+02
2.560000000000000000e+02
2.570000000000000000e+02
2.590000000000000000e+02
2.600000000000000000e+02
2.640000000000000000e+02
2.740000000000000000e+02
2.790000000000000000e+02
2.800000000000000000e+02
2.820000000000000000e+02
2.840000000000000000e+02
2.900000000000000000e+02
2.920000000000000000e+02
2.930000000000000000e+02
2.960000000000000000e+02
2.970000000000000000e+02
3.030000000000000000e+02
3.060000000000000000e+02
3.070000000000000000e+02
3.120000000000000000e+02
3.140000000000000000e+02
3.160000000000000000e+02
3.170000000000000000e+02
3.190000000000000000e+02
3.220000000000000000e+02
3.230000000000000000e+02
3.250000000000000000e+02
3.260000000000000000e+02
3.280000000000000000e+02
3.310000000000000000e+02
3.330000000000000000e+02
3.340000000000000000e+02
3.360000000000000000e+02
3.500000000000000000e+02
3.550000000000000000e+02
3.620000000000000000e+02
3.680000000000000000e+02
3.690000000000000000e+02
3.700000000000000000e+02
3.730000000000000000e+02
3.740000000000000000e+02
3.760000000000000000e+02
3.810000000000000000e+02
3.850000000000000000e+02
3.870000000000000000e+02
3.890000000000000000e+02
3.910000000000000000e+02
3.940000000000000000e+02
4.000000000000000000e+02
4.140000000000000000e+02
4.190000000000000000e+02
4.220000000000000000e+02
4.240000000000000000e+02
4.250000000000000000e+02
4.270000000000000000e+02
4.310000000000000000e+02
4.330000000000000000e+02
4.340000000000000000e+02
4.370000000000000000e+02
4.390000000000000000e+02
4.420000000000000000e+02
4.440000000000000000e+02
4.480000000000000000e+02
4.510000000000000000e+02
4.530000000000000000e+02
4.560000000000000000e+02
4.650000000000000000e+02
4.660000000000000000e+02
4.710000000000000000e+02
4.720000000000000000e+02
4.780000000000000000e+02
4.790000000000000000e+02
4.800000000000000000e+02
4.850000000000000000e+02
4.860000000000000000e+02
4.870000000000000000e+02
4.880000000000000000e+02
4.900000000000000000e+02
4.920000000000000000e+02
4.930000000000000000e+02
4.980000000000000000e+02
4.990000000000000000e+02
5.000000000000000000e+02
5.010000000000000000e+02
5.020000000000000000e+02
5.030000000000000000e+02
5.070000000000000000e+02
5.080000000000000000e+02
5.120000000000000000e+02
5.150000000000000000e+02
5.160000000000000000e+02
5.180000000000000000e+02
5.190000000000000000e+02
5.200000000000000000e+02
5.220000000000000000e+02
5.260000000000000000e+02
5.290000000000000000e+02
5.300000000000000000e+02
5.320000000000000000e+02
5.360000000000000000e+02
5.380000000000000000e+02
5.400000000000000000e+02
5.410000000000000000e+02
5.420000000000000000e+02
5.440000000000000000e+02
5.460000000000000000e+02
5.470000000000000000e+02
5.480000000000000000e+02
5.500000000000000000e+02
5.530000000000000000e+02
5.580000000000000000e+02
5.600000000000000000e+02
5.610000000000000000e+02
5.650000000000000000e+02
5.710000000000000000e+02
5.740000000000000000e+02
5.790000000000000000e+02
5.840000000000000000e+02
5.860000000000000000e+02
5.880000000000000000e+02
5.890000000000000000e+02
5.960000000000000000e+02
5.990000000000000000e+02
6.000000000000000000e+02
6.010000000000000000e+02
6.070000000000000000e+02
6.080000000000000000e+02
6.110000000000000000e+02
6.120000000000000000e+02
6.140000000000000000e+02
6.150000000000000000e+02
6.200000000000000000e+02
6.220000000000000000e+02
6.270000000000000000e+02
6.280000000000000000e+02
6.330000000000000000e+02
6.340000000000000000e+02
6.360000000000000000e+02
6.380000000000000000e+02
6.400000000000000000e+02
6.410000000000000000e+02
6.420000000000000000e+02
6.440000000000000000e+02
6.450000000000000000e+02
6.470000000000000000e+02
6.480000000000000000e+02
6.510000000000000000e+02
6.520000000000000000e+02
6.580000000000000000e+02
6.610000000000000000e+02
6.660000000000000000e+02
6.680000000000000000e+02
6.700000000000000000e+02
6.710000000000000000e+02
6.730000000000000000e+02
6.780000000000000000e+02
6.790000000000000000e+02
6.830000000000000000e+02
6.860000000000000000e+02
6.880000000000000000e+02
6.900000000000000000e+02
6.940000000000000000e+02
6.960000000000000000e+02
7.020000000000000000e+02
7.030000000000000000e+02
7.040000000000000000e+02
7.050000000000000000e+02
7.060000000000000000e+02
7.080000000000000000e+02
7.100000000000000000e+02
7.110000000000000000e+02
7.130000000000000000e+02
7.140000000000000000e+02
7.180000000000000000e+02
7.190000000000000000e+02
7.220000000000000000e+02
7.230000000000000000e+02
7.270000000000000000e+02
7.290000000000000000e+02
7.300000000000000000e+02
7.330000000000000000e+02
7.340000000000000000e+02
7.370000000000000000e+02
7.390000000000000000e+02
7.510000000000000000e+02
7.530000000000000000e+02
7.560000000000000000e+02
7.570000000000000000e+02
7.580000000000000000e+02
7.590000000000000000e+02
7.610000000000000000e+02
7.640000000000000000e+02
7.650000000000000000e+02
7.730000000000000000e+02
7.750000000000000000e+02
7.800000000000000000e+02
7.810000000000000000e+02
7.820000000000000000e+02
7.860000000000000000e+02
7.900000000000000000e+02
7.940000000000000000e+02
7.950000000000000000e+02
7.980000000000000000e+02
8.020000000000000000e+02
8.040000000000000000e+02
8.070000000000000000e+02
8.120000000000000000e+02
8.150000000000000000e+02
8.160000000000000000e+02
8.190000000000000000e+02
8.200000000000000000e+02
8.220000000000000000e+02
8.270000000000000000e+02
8.310000000000000000e+02
8.320000000000000000e+02
8.330000000000000000e+02
8.340000000000000000e+02
8.360000000000000000e+02
8.370000000000000000e+02
8.380000000000000000e+02
8.420000000000000000e+02
8.460000000000000000e+02
8.540000000000000000e+02
8.550000000000000000e+02
8.580000000000000000e+02
8.630000000000000000e+02
8.680000000000000000e+02
8.710000000000000000e+02
8.730000000000000000e+02
8.750000000000000000e+02
8.770000000000000000e+02
8.810000000000000000e+02
8.860000000000000000e+02
8.890000000000000000e+02
8.920000000000000000e+02
9.030000000000000000e+02
9.070000000000000000e+02
9.120000000000000000e+02
9.150000000000000000e+02
9.160000000000000000e+02
9.170000000000000000e+02
9.210000000000000000e+02
9.220000000000000000e+02
9.230000000000000000e+02
9.240000000000000000e+02
9.260000000000000000e+02
9.300000000000000000e+02
9.310000000000000000e+02
9.320000000000000000e+02
9.330000000000000000e+02
9.340000000000000000e+02
9.350000000000000000e+02
9.360000000000000000e+02
9.380000000000000000e+02
9.390000000000000000e+02
9.400000000000000000e+02
9.450000000000000000e+02
9.470000000000000000e+02
9.480000000000000000e+02
9.490000000000000000e+02
9.510000000000000000e+02
9.550000000000000000e+02
9.580000000000000000e+02
9.630000000000000000e+02
9.640000000000000000e+02
9.650000000000000000e+02
9.690000000000000000e+02
9.700000000000000000e+02
9.710000000000000000e+02
9.730000000000000000e+02
9.750000000000000000e+02
9.820000000000000000e+02
9.840000000000000000e+02
9.870000000000000000e+02
9.880000000000000000e+02
9.940000000000000000e+02
9.950000000000000000e+02
9.960000000000000000e+02
