# 794 _-1-1-10
7.000000000000000000e+00
8.000000000000000000e+00
1.700000000000000000e+01
2.700000000000000000e+01
5.000000000000000000e+01
7.600000000000000000e+01
7.800000000000000000e+01
9.900000000000000000e+01
1.400000000000000000e+02
1.520000000000000000e+02
1.720000000000000000e+02
1.800000000000000000e+02
2.150000000000000000e+02
2.230000000000000000e+02
2.260000000000000000e+02
2.350000000000000000e+02
2.640000000000000000e+02
2.800000000000000000e+02
2.820000000000000000e+02
2.920000000000000000e+02
3.070000000000000000e+02
3.140000000000000000e+02
3.160000000000000000e+02
3.220000000000000000e+02
3.330000000000000000e+02
3.690000000000000000e+02
3.730000000000000000e+02
3.850000000000000000e+02
3.870000000000000000e+02
3.940000000000000000e+02
4.190000000000000000e+02
4.220000000000000000e+02
4.240000000000000000e+02
4.310000000000000000e+02
4.330000000000000000e+02
4.370000000000000000e+02
4.780000000000000000e+02
4.800000000000000000e+02
4.900000000000000000e+02
4.980000000000000000e+02
5.120000000000000000e+02
5.160000000000000000e+02
5.260000000000000000e+02
5.360000000000000000e+02
5.650000000000000000e+02
5.840000000000000000e+02
6.000000000000000000e+02
6.010000000000000000e+02
6.150000000000000000e+02
6.220000000000000000e+02
6.330000000000000000e+02
6.340000000000000000e+02
6.360000000000000000e+02
6.380000000000000000e+02
6.470000000000000000e+02
6.510000000000000000e+02
6.520000000000000000e+02
6.710000000000000000e+02
6.780000000000000000e+02
6.880000000000000000e+02
7.060000000000000000e+02
7.080000000000000000e+02
7.140000000000000000e+02
7.270000000000000000e+02
7.290000000000000000e+02
7.300000000000000000e+02
7.340000000000000000e+02
7.370000000000000000e+02
7.570000000000000000e+02
7.610000000000000000e+02
7.650000000000000000e+02
7.730000000000000000e+02
7.750000000000000000e+02
7.810000000000000000e+02
7.900000000000000000e+02
7.940000000000000000e+02
7.950000000000000000e+02
8.020000000000000000e+02
8.040000000000000000e+02
8.070000000000000000e+02
8.160000000000000000e+02
8.270000000000000000e+02
8.420000000000000000e+02
8.460000000000000000e+02
8.540000000000000000e+02
8.630000000000000000e+02
8.680000000000000000e+02
8.770000000000000000e+02
9.120000000000000000e+02
9.260000000000000000e+02
9.300000000000000000e+02
9.330000000000000000e+02
9.350000000000000000e+02
9.390000000000000000e+02
9.450000000000000000e+02
9.550000000000000000e+02
9.630000000000000000e+02
9.690000000000000000e+02
9.700000000000000000e+02
9.750000000000000000e+02
9.840000000000000000e+02
9.880000000000000000e+02
