# 240 _-1-1-1-1-1
0.000000000000000000e+00
5.000000000000000000e+00
9.000000000000000000e+00
2.200000000000000000e+01
3.300000000000000000e+01
4.400000000000000000e+01
5.100000000000000000e+01
5.200000000000000000e+01
6.500000000000000000e+01
7.200000000000000000e+01
7.500000000000000000e+01
7.700000000000000000e+01
7.900000000000000000e+01
8.000000000000000000e+01
8.500000000000000000e+01
9.800000000000000000e+01
1.010000000000000000e+02
1.020000000000000000e+02
1.050000000000000000e+02
1.060000000000000000e+02
1.070000000000000000e+02
1.140000000000000000e+02
1.320000000000000000e+02
1.440000000000000000e+02
1.510000000000000000e+02
1.610000000000000000e+02
1.620000000000000000e+02
1.710000000000000000e+02
1.730000000000000000e+02
1.820000000000000000e+02
1.890000000000000000e+02
1.930000000000000000e+02
2.400000000000000000e+02
2.440000000000000000e+02
2.460000000000000000e+02
2.470000000000000000e+02
2.600000000000000000e+02
2.710000000000000000e+02
2.880000000000000000e+02
2.900000000000000000e+02
2.990000000000000000e+02
3.060000000000000000e+02
3.150000000000000000e+02
3.190000000000000000e+02
3.230000000000000000e+02
3.790000000000000000e+02
3.910000000000000000e+02
3.930000000000000000e+02
3.940000000000000000e+02
3.990000000000000000e+02
4.010000000000000000e+02
4.200000000000000000e+02
4.210000000000000000e+02
4.230000000000000000e+02
4.280000000000000000e+02
4.480000000000000000e+02
4.590000000000000000e+02
4.650000000000000000e+02
4.660000000000000000e+02
4.710000000000000000e+02
4.770000000000000000e+02
4.960000000000000000e+02
4.990000000000000000e+02
5.040000000000000000e+02
5.090000000000000000e+02
5.150000000000000000e+02
5.230000000000000000e+02
5.300000000000000000e+02
5.500000000000000000e+02
5.550000000000000000e+02
5.620000000000000000e+02
5.680000000000000000e+02
5.840000000000000000e+02
5.900000000000000000e+02
5.970000000000000000e+02
6.020000000000000000e+02
6.070000000000000000e+02
6.180000000000000000e+02
6.230000000000000000e+02
6.250000000000000000e+02
6.440000000000000000e+02
6.590000000000000000e+02
6.600000000000000000e+02
6.620000000000000000e+02
6.740000000000000000e+02
6.780000000000000000e+02
6.850000000000000000e+02
6.910000000000000000e+02
6.920000000000000000e+02
7.010000000000000000e+02
7.080000000000000000e+02
7.140000000000000000e+02
7.150000000000000000e+02
7.170000000000000000e+02
7.220000000000000000e+02
7.380000000000000000e+02
7.540000000000000000e+02
7.560000000000000000e+02
7.690000000000000000e+02
7.750000000000000000e+02
7.840000000000000000e+02
7.980000000000000000e+02
8.110000000000000000e+02
8.270000000000000000e+02
8.330000000000000000e+02
8.400000000000000000e+02
8.470000000000000000e+02
8.520000000000000000e+02
8.600000000000000000e+02
8.620000000000000000e+02
8.630000000000000000e+02
8.640000000000000000e+02
8.790000000000000000e+02
8.820000000000000000e+02
8.930000000000000000e+02
8.990000000000000000e+02
9.190000000000000000e+02
9.270000000000000000e+02
9.300000000000000000e+02
9.410000000000000000e+02
9.450000000000000000e+02
9.460000000000000000e+02
9.500000000000000000e+02
9.680000000000000000e+02
9.690000000000000000e+02
9.810000000000000000e+02
9.960000000000000000e+02
