# 522 _-1-1-10
4.000000000000000000e+00
1.000000000000000000e+01
2.100000000000000000e+01
2.600000000000000000e+01
3.900000000000000000e+01
4.800000000000000000e+01
4.900000000000000000e+01
8.100000000000000000e+01
8.700000000000000000e+01
8.800000000000000000e+01
9.400000000000000000e+01
9.500000000000000000e+01
1.000000000000000000e+02
1.210000000000000000e+02
1.220000000000000000e+02
1.250000000000000000e+02
1.300000000000000000e+02
1.310000000000000000e+02
1.390000000000000000e+02
1.490000000000000000e+02
1.720000000000000000e+02
1.760000000000000000e+02
1.990000000000000000e+02
2.040000000000000000e+02
2.210000000000000000e+02
2.230000000000000000e+02
2.260000000000000000e+02
2.320000000000000000e+02
2.380000000000000000e+02
2.490000000000000000e+02
2.500000000000000000e+02
2.560000000000000000e+02
2.590000000000000000e+02
2.690000000000000000e+02
2.720000000000000000e+02
2.760000000000000000e+02
2.910000000000000000e+02
2.980000000000000000e+02
3.080000000000000000e+02
3.100000000000000000e+02
3.170000000000000000e+02
3.260000000000000000e+02
3.340000000000000000e+02
3.620000000000000000e+02
3.630000000000000000e+02
3.710000000000000000e+02
3.810000000000000000e+02
3.860000000000000000e+02
3.890000000000000000e+02
3.920000000000000000e+02
4.020000000000000000e+02
4.190000000000000000e+02
4.240000000000000000e+02
4.250000000000000000e+02
4.350000000000000000e+02
4.380000000000000000e+02
4.450000000000000000e+02
4.470000000000000000e+02
4.530000000000000000e+02
4.620000000000000000e+02
4.690000000000000000e+02
4.750000000000000000e+02
4.800000000000000000e+02
4.820000000000000000e+02
4.870000000000000000e+02
4.930000000000000000e+02
4.940000000000000000e+02
4.950000000000000000e+02
5.000000000000000000e+02
5.010000000000000000e+02
5.160000000000000000e+02
5.180000000000000000e+02
5.220000000000000000e+02
5.280000000000000000e+02
5.320000000000000000e+02
5.400000000000000000e+02
5.410000000000000000e+02
5.420000000000000000e+02
5.510000000000000000e+02
5.520000000000000000e+02
5.560000000000000000e+02
5.570000000000000000e+02
5.580000000000000000e+02
5.590000000000000000e+02
5.670000000000000000e+02
5.690000000000000000e+02
5.740000000000000000e+02
5.770000000000000000e+02
5.790000000000000000e+02
5.830000000000000000e+02
5.960000000000000000e+02
6.120000000000000000e+02
6.170000000000000000e+02
6.200000000000000000e+02
6.290000000000000000e+02
6.340000000000000000e+02
6.360000000000000000e+02
6.370000000000000000e+02
6.390000000000000000e+02
6.480000000000000000e+02
6.550000000000000000e+02
6.570000000000000000e+02
6.660000000000000000e+02
6.700000000000000000e+02
6.750000000000000000e+02
6.860000000000000000e+02
6.940000000000000000e+02
7.070000000000000000e+02
7.090000000000000000e+02
7.260000000000000000e+02
7.300000000000000000e+02
7.320000000000000000e+02
7.440000000000000000e+02
7.640000000000000000e+02
8.040000000000000000e+02
8.160000000000000000e+02
8.240000000000000000e+02
8.480000000000000000e+02
8.540000000000000000e+02
8.570000000000000000e+02
8.590000000000000000e+02
8.680000000000000000e+02
8.710000000000000000e+02
8.740000000000000000e+02
8.750000000000000000e+02
8.770000000000000000e+02
8.840000000000000000e+02
8.870000000000000000e+02
9.130000000000000000e+02
9.340000000000000000e+02
9.380000000000000000e+02
9.520000000000000000e+02
9.580000000000000000e+02
9.660000000000000000e+02
9.770000000000000000e+02
9.790000000000000000e+02
9.830000000000000000e+02
