# 792 _-1-10
1.000000000000000000e+00
7.000000000000000000e+00
1.200000000000000000e+01
1.600000000000000000e+01
1.800000000000000000e+01
2.400000000000000000e+01
3.100000000000000000e+01
3.800000000000000000e+01
4.200000000000000000e+01
5.300000000000000000e+01
5.500000000000000000e+01
5.900000000000000000e+01
8.900000000000000000e+01
1.030000000000000000e+02
1.120000000000000000e+02
1.230000000000000000e+02
1.280000000000000000e+02
1.360000000000000000e+02
1.500000000000000000e+02
1.570000000000000000e+02
1.600000000000000000e+02
1.740000000000000000e+02
1.790000000000000000e+02
1.810000000000000000e+02
1.880000000000000000e+02
1.900000000000000000e+02
2.000000000000000000e+02
2.070000000000000000e+02
2.090000000000000000e+02
2.130000000000000000e+02
2.180000000000000000e+02
2.190000000000000000e+02
2.220000000000000000e+02
2.270000000000000000e+02
2.330000000000000000e+02
2.570000000000000000e+02
2.670000000000000000e+02
2.750000000000000000e+02
2.780000000000000000e+02
2.840000000000000000e+02
2.850000000000000000e+02
3.030000000000000000e+02
3.090000000000000000e+02
3.180000000000000000e+02
3.290000000000000000e+02
3.330000000000000000e+02
3.350000000000000000e+02
3.430000000000000000e+02
3.540000000000000000e+02
3.580000000000000000e+02
3.700000000000000000e+02
3.770000000000000000e+02
3.780000000000000000e+02
3.830000000000000000e+02
3.840000000000000000e+02
3.970000000000000000e+02
4.040000000000000000e+02
4.060000000000000000e+02
4.080000000000000000e+02
4.100000000000000000e+02
4.170000000000000000e+02
4.220000000000000000e+02
4.440000000000000000e+02
4.560000000000000000e+02
4.610000000000000000e+02
4.780000000000000000e+02
5.050000000000000000e+02
5.080000000000000000e+02
5.170000000000000000e+02
5.260000000000000000e+02
5.290000000000000000e+02
5.380000000000000000e+02
5.390000000000000000e+02
5.600000000000000000e+02
5.700000000000000000e+02
5.730000000000000000e+02
5.750000000000000000e+02
5.820000000000000000e+02
5.880000000000000000e+02
5.890000000000000000e+02
5.980000000000000000e+02
6.100000000000000000e+02
6.320000000000000000e+02
6.470000000000000000e+02
6.680000000000000000e+02
6.710000000000000000e+02
6.800000000000000000e+02
6.810000000000000000e+02
6.870000000000000000e+02
6.900000000000000000e+02
6.980000000000000000e+02
6.990000000000000000e+02
7.000000000000000000e+02
7.040000000000000000e+02
7.060000000000000000e+02
7.110000000000000000e+02
7.210000000000000000e+02
7.230000000000000000e+02
7.240000000000000000e+02
7.250000000000000000e+02
7.270000000000000000e+02
7.290000000000000000e+02
7.390000000000000000e+02
7.400000000000000000e+02
7.420000000000000000e+02
7.570000000000000000e+02
7.580000000000000000e+02
7.670000000000000000e+02
7.710000000000000000e+02
7.770000000000000000e+02
7.810000000000000000e+02
7.870000000000000000e+02
7.890000000000000000e+02
7.900000000000000000e+02
7.920000000000000000e+02
7.930000000000000000e+02
8.050000000000000000e+02
8.210000000000000000e+02
8.290000000000000000e+02
8.340000000000000000e+02
8.390000000000000000e+02
8.580000000000000000e+02
8.700000000000000000e+02
9.060000000000000000e+02
9.090000000000000000e+02
9.120000000000000000e+02
9.150000000000000000e+02
9.210000000000000000e+02
9.230000000000000000e+02
9.330000000000000000e+02
9.360000000000000000e+02
9.440000000000000000e+02
9.470000000000000000e+02
9.510000000000000000e+02
9.530000000000000000e+02
9.870000000000000000e+02
9.930000000000000000e+02
