# 193 12 547
9
19
28
31
37
45
51
53
60
82
83
86
88
90
95
102
109
110
111
115
119
120
121
128
137
139
143
150
155
159
166
167
178
183
187
199
201
204
210
213
219
228
234
235
247
250
256
257
273
275
276
277
278
280
302
309
311
320
321
322
324
330
331
332
333
336
337
338
359
361
367
370
373
376
382
392
397
399
404
406
411
416
425
428
430
433
441
443
445
451
453
455
460
463
468
482
487
489
494
499
500
505
516
520
526
527
539
546
547
551
562
574
576
577
579
585
592
596
600
608
612
625
633
634
637
642
644
660
675
678
679
682
685
686
693
697
701
703
706
715
718
720
729
736
737
746
760
765
771
784
789
809
825
826
827
829
835
844
846
849
856
858
861
863
865
866
867
886
894
896
902
903
907
918
919
926
930
935
937
939
943
946
950
954
959
966
968
976
982
984
985
991
994
