# 161 13 676
4
5
7
12
15
20
22
27
41
47
55
59
63
68
76
79
85
100
101
104
106
107
117
123
131
136
140
142
151
162
164
173
174
185
193
197
205
206
209
223
229
231
238
242
244
246
251
260
262
271
272
284
300
301
318
323
326
327
329
342
343
344
349
358
369
383
390
393
396
412
417
419
420
421
422
423
439
442
444
449
459
461
479
511
522
523
524
529
534
542
554
555
563
570
597
603
604
605
609
611
617
627
629
630
636
641
655
674
676
687
694
699
705
712
719
723
725
728
731
735
738
759
773
777
785
787
792
796
797
823
828
836
838
839
840
845
855
857
876
880
883
887
889
893
904
906
909
921
923
929
936
942
955
964
973
974
977
979
980
986
993
