# 285 12 827
9
19
28
31
37
38
45
51
53
57
60
81
82
83
86
88
90
92
95
98
102
109
110
111
115
119
120
121
128
134
135
137
139
143
150
155
159
166
167
175
177
178
183
187
188
199
201
203
204
210
213
214
217
219
228
234
235
239
247
250
256
257
266
273
274
275
276
277
278
279
280
283
290
302
303
309
311
314
320
321
322
324
330
331
332
333
334
336
337
338
348
352
359
361
367
370
371
373
376
377
382
384
386
389
392
394
397
399
404
405
406
411
416
425
428
430
432
433
434
436
441
443
445
447
451
453
455
458
460
463
464
468
473
475
482
485
487
489
494
499
500
503
505
507
513
514
515
516
518
520
526
527
538
539
546
547
551
559
562
574
576
577
579
585
592
595
596
600
608
612
613
618
621
625
628
633
634
635
637
638
642
644
649
652
660
666
668
671
675
678
679
682
684
685
686
688
693
697
698
701
703
706
708
715
718
720
727
729
736
737
740
742
744
746
750
760
761
765
771
775
778
782
784
789
790
795
800
807
809
825
826
827
829
835
844
846
849
850
854
856
858
861
863
865
866
867
870
874
886
894
895
896
902
903
905
907
908
911
918
919
926
930
931
932
935
937
938
939
943
945
946
950
954
958
959
966
968
976
978
982
984
985
991
994
998
