# 228 13 536
3
4
5
7
12
15
20
22
27
29
39
41
44
47
55
59
63
68
69
76
79
85
100
101
104
105
106
107
117
118
123
129
130
131
136
140
141
142
148
151
156
162
164
173
174
185
193
197
205
206
209
216
223
225
229
230
231
236
237
238
242
244
246
251
254
260
261
262
267
271
272
284
287
300
301
307
316
318
323
326
327
329
342
343
344
349
357
358
369
372
383
390
393
396
410
412
413
415
417
418
419
420
421
422
423
427
439
442
444
446
449
459
461
479
506
511
522
523
524
525
529
532
533
534
536
542
544
550
554
555
563
570
597
601
603
604
605
609
610
611
617
627
629
630
636
641
655
658
661
674
676
687
692
694
699
702
705
712
719
723
725
728
731
735
738
759
763
770
773
777
785
787
792
793
796
797
801
804
806
808
810
821
823
828
834
836
838
839
840
845
851
855
857
869
876
880
881
883
887
888
889
892
893
901
904
906
909
921
923
929
936
942
947
952
953
955
964
973
974
977
979
980
986
987
988
989
990
993
