# 174 11 75
6
10
16
21
24
25
26
32
33
34
36
40
43
46
52
54
64
66
73
75
80
84
91
96
122
127
145
146
154
158
160
191
194
196
202
207
211
212
220
222
233
241
243
248
252
253
263
289
293
295
297
299
308
312
315
328
335
346
347
351
360
363
378
380
388
391
403
408
424
426
431
438
454
456
466
467
470
474
476
477
480
486
488
491
495
502
504
510
531
535
541
548
552
553
561
564
565
567
569
575
582
584
589
593
594
599
602
607
614
615
616
620
632
639
640
645
646
650
653
654
657
665
673
680
695
704
707
717
730
732
739
743
745
757
762
766
767
768
779
783
786
791
799
812
814
818
830
847
852
859
860
862
864
871
873
884
899
900
913
915
925
933
934
940
941
948
956
957
963
970
975
981
995
999
