# 143 14 890
0
1
2
8
13
14
17
30
35
49
61
67
77
78
89
97
99
103
108
113
124
125
144
149
157
165
168
171
179
180
181
186
195
200
227
232
245
249
259
270
281
282
286
288
291
296
304
317
319
340
353
355
362
365
366
368
374
398
400
402
409
435
437
448
450
457
465
469
472
484
492
496
498
508
509
517
519
521
528
530
549
556
568
571
580
619
622
623
651
659
663
670
672
677
689
690
700
713
714
733
734
741
749
751
752
754
755
758
764
774
780
781
794
803
805
813
816
817
819
824
842
848
853
872
875
877
885
890
891
910
916
917
920
924
927
944
949
951
960
961
962
971
972
