# 147 12 827
9
19
28
37
60
82
83
88
90
95
111
115
119
121
128
137
139
143
150
159
167
178
183
187
199
204
210
213
219
228
234
235
247
250
256
257
273
275
276
277
280
302
309
311
321
330
331
333
336
338
359
361
370
373
376
382
397
399
404
406
411
416
425
430
433
441
445
451
453
455
468
482
487
489
499
500
505
516
520
526
527
539
574
576
579
585
592
596
600
608
633
634
637
642
644
660
675
678
679
682
685
686
693
697
701
703
706
718
720
729
737
746
760
765
771
789
809
826
827
835
844
849
856
858
861
865
867
894
896
902
903
918
919
926
930
937
939
943
946
950
966
968
976
982
984
991
994
