# 31 _-1-1-1
0.000000000000000000e+00
3.000000000000000000e+00
9.000000000000000000e+00
1.000000000000000000e+01
2.600000000000000000e+01
3.000000000000000000e+01
3.100000000000000000e+01
3.400000000000000000e+01
3.600000000000000000e+01
4.100000000000000000e+01
4.200000000000000000e+01
4.300000000000000000e+01
4.900000000000000000e+01
5.300000000000000000e+01
5.400000000000000000e+01
5.800000000000000000e+01
6.100000000000000000e+01
7.900000000000000000e+01
8.100000000000000000e+01
8.400000000000000000e+01
8.600000000000000000e+01
9.500000000000000000e+01
1.010000000000000000e+02
1.020000000000000000e+02
1.060000000000000000e+02
1.080000000000000000e+02
1.110000000000000000e+02
1.160000000000000000e+02
1.220000000000000000e+02
1.230000000000000000e+02
1.240000000000000000e+02
1.280000000000000000e+02
1.380000000000000000e+02
1.460000000000000000e+02
1.700000000000000000e+02
1.760000000000000000e+02
1.820000000000000000e+02
1.910000000000000000e+02
1.930000000000000000e+02
1.940000000000000000e+02
1.970000000000000000e+02
2.190000000000000000e+02
2.220000000000000000e+02
2.230000000000000000e+02
2.250000000000000000e+02
2.350000000000000000e+02
2.380000000000000000e+02
2.420000000000000000e+02
2.430000000000000000e+02
2.490000000000000000e+02
2.500000000000000000e+02
2.520000000000000000e+02
2.530000000000000000e+02
2.640000000000000000e+02
2.780000000000000000e+02
2.790000000000000000e+02
2.840000000000000000e+02
2.850000000000000000e+02
2.860000000000000000e+02
2.870000000000000000e+02
2.930000000000000000e+02
2.940000000000000000e+02
3.000000000000000000e+02
3.020000000000000000e+02
3.050000000000000000e+02
3.120000000000000000e+02
3.140000000000000000e+02
3.240000000000000000e+02
3.250000000000000000e+02
3.290000000000000000e+02
3.430000000000000000e+02
3.440000000000000000e+02
3.460000000000000000e+02
3.480000000000000000e+02
3.510000000000000000e+02
3.530000000000000000e+02
3.550000000000000000e+02
3.660000000000000000e+02
3.670000000000000000e+02
3.710000000000000000e+02
3.750000000000000000e+02
3.840000000000000000e+02
3.950000000000000000e+02
3.960000000000000000e+02
4.010000000000000000e+02
4.130000000000000000e+02
4.230000000000000000e+02
4.250000000000000000e+02
4.360000000000000000e+02
4.440000000000000000e+02
4.490000000000000000e+02
4.550000000000000000e+02
4.660000000000000000e+02
4.700000000000000000e+02
4.790000000000000000e+02
4.810000000000000000e+02
4.870000000000000000e+02
4.930000000000000000e+02
4.970000000000000000e+02
4.980000000000000000e+02
4.990000000000000000e+02
5.040000000000000000e+02
5.050000000000000000e+02
5.070000000000000000e+02
5.110000000000000000e+02
5.140000000000000000e+02
5.310000000000000000e+02
5.490000000000000000e+02
5.530000000000000000e+02
5.550000000000000000e+02
5.620000000000000000e+02
5.640000000000000000e+02
5.670000000000000000e+02
5.790000000000000000e+02
5.820000000000000000e+02
5.840000000000000000e+02
5.870000000000000000e+02
5.910000000000000000e+02
5.930000000000000000e+02
5.950000000000000000e+02
6.010000000000000000e+02
6.030000000000000000e+02
6.070000000000000000e+02
6.080000000000000000e+02
6.090000000000000000e+02
6.150000000000000000e+02
6.180000000000000000e+02
6.300000000000000000e+02
6.310000000000000000e+02
6.370000000000000000e+02
6.490000000000000000e+02
6.500000000000000000e+02
6.560000000000000000e+02
6.660000000000000000e+02
6.770000000000000000e+02
6.810000000000000000e+02
6.820000000000000000e+02
6.850000000000000000e+02
6.910000000000000000e+02
6.920000000000000000e+02
7.040000000000000000e+02
7.050000000000000000e+02
7.230000000000000000e+02
7.250000000000000000e+02
7.300000000000000000e+02
7.310000000000000000e+02
7.330000000000000000e+02
7.350000000000000000e+02
7.380000000000000000e+02
7.470000000000000000e+02
7.490000000000000000e+02
7.600000000000000000e+02
7.650000000000000000e+02
7.710000000000000000e+02
7.800000000000000000e+02
7.920000000000000000e+02
7.930000000000000000e+02
8.030000000000000000e+02
8.040000000000000000e+02
8.100000000000000000e+02
8.190000000000000000e+02
8.220000000000000000e+02
8.370000000000000000e+02
8.540000000000000000e+02
8.590000000000000000e+02
8.600000000000000000e+02
8.610000000000000000e+02
8.620000000000000000e+02
8.690000000000000000e+02
8.710000000000000000e+02
8.740000000000000000e+02
8.760000000000000000e+02
8.780000000000000000e+02
8.840000000000000000e+02
8.850000000000000000e+02
8.920000000000000000e+02
9.210000000000000000e+02
9.320000000000000000e+02
9.370000000000000000e+02
9.450000000000000000e+02
9.480000000000000000e+02
9.500000000000000000e+02
9.580000000000000000e+02
9.630000000000000000e+02
9.690000000000000000e+02
9.720000000000000000e+02
9.750000000000000000e+02
9.820000000000000000e+02
9.840000000000000000e+02
