# 209 13 722
13
14
16
29
34
35
40
42
44
52
64
67
76
84
91
93
95
96
102
113
121
123
134
135
137
143
148
161
174
176
188
192
203
204
206
225
228
232
233
235
242
243
247
248
265
267
276
279
289
293
294
298
299
300
304
307
315
321
327
337
341
342
348
353
355
357
362
374
375
376
377
378
379
391
396
404
405
410
414
416
418
419
420
425
426
428
429
433
439
440
443
445
452
457
477
484
487
490
495
505
509
511
515
523
531
533
534
536
543
549
552
557
558
561
563
564
565
566
571
586
589
592
596
598
599
602
604
605
608
612
627
629
637
640
649
651
659
666
670
671
674
678
680
685
686
698
715
718
722
731
732
733
734
736
740
752
757
768
783
785
791
808
810
811
813
822
823
830
831
836
837
840
848
852
859
860
866
867
868
872
874
875
879
884
894
896
903
904
910
923
925
927
933
935
940
941
953
955
964
974
979
980
981
984
986
988
991
993
996
