# 195 12 351
2
5
11
17
19
22
32
36
39
46
47
51
62
74
77
85
90
97
101
105
107
128
131
133
141
146
151
173
175
177
179
183
184
191
199
202
208
209
214
219
220
224
227
229
230
231
238
245
249
254
256
257
261
273
274
275
284
288
290
292
306
313
318
322
324
331
339
351
364
369
381
384
390
392
406
411
436
437
447
451
456
458
460
461
463
468
474
480
483
486
489
500
501
503
506
507
517
520
521
535
544
551
553
559
567
570
574
582
584
587
597
601
611
614
619
620
621
631
633
638
642
644
645
655
669
673
676
677
681
682
688
689
695
701
702
705
709
712
719
723
737
742
746
749
765
767
773
775
780
781
787
793
796
798
805
824
827
833
835
839
845
846
849
850
854
857
858
864
870
876
877
878
882
883
890
893
906
912
915
929
934
939
943
949
961
967
969
971
973
977
982
983
987
989
998
