# 268 13 139
6
13
14
16
29
34
35
38
40
42
44
50
52
53
64
65
67
69
76
78
80
84
91
93
95
96
100
102
113
121
123
127
132
134
135
136
137
138
139
143
148
154
161
174
176
178
187
188
192
200
203
204
206
216
218
225
228
232
233
235
242
243
247
248
250
265
267
276
279
280
285
289
293
294
298
299
300
301
304
305
307
315
316
321
327
337
341
342
348
350
353
355
357
362
374
375
376
377
378
379
391
396
404
405
410
414
416
418
419
420
422
425
426
428
429
430
433
439
440
443
444
445
446
452
457
477
484
487
488
490
495
496
497
502
505
509
511
515
523
528
530
531
533
534
536
542
543
547
549
552
557
558
561
563
564
565
566
571
586
589
592
594
596
598
599
602
604
605
608
612
622
624
627
629
637
640
649
650
651
652
659
662
666
667
670
671
674
678
680
685
686
691
698
708
715
718
722
731
732
733
734
736
739
740
752
755
757
760
768
783
785
791
808
810
811
813
816
817
822
823
830
831
836
837
840
848
852
859
860
863
866
867
868
872
874
875
879
884
894
896
898
903
904
909
910
923
924
925
927
931
933
935
940
941
944
953
955
964
974
979
980
981
984
986
988
991
993
996
