# 266 12 510
2
5
9
11
17
19
21
22
32
36
37
39
43
46
47
51
58
62
66
74
75
77
81
85
86
90
97
101
105
107
111
116
128
131
133
141
145
146
147
151
173
175
177
179
183
184
185
191
199
202
205
208
209
214
219
220
224
227
229
230
231
236
238
239
245
249
252
254
256
257
260
261
266
272
273
274
275
283
284
288
290
292
296
306
308
313
318
320
322
324
326
331
339
351
364
369
381
384
390
392
406
409
411
423
436
437
438
447
451
456
458
460
461
463
468
472
474
480
482
483
485
486
489
492
500
501
503
506
507
510
517
520
521
527
535
544
548
551
553
554
556
559
567
570
574
576
582
584
587
591
597
601
611
614
619
620
621
631
632
633
638
642
644
645
653
654
655
663
669
673
676
677
681
682
688
689
695
701
702
704
705
709
712
719
721
723
737
742
745
746
748
749
756
759
765
766
767
773
775
776
780
781
787
793
796
798
802
803
805
818
824
827
828
833
835
839
845
846
849
850
854
857
858
864
870
876
877
878
882
883
890
891
893
900
906
908
911
912
913
915
929
934
937
939
943
946
948
949
957
958
961
967
969
971
972
973
977
978
982
983
985
987
989
990
995
998
