# 160 11 129
0
1
4
8
23
33
41
48
56
60
63
71
89
92
94
98
108
109
114
117
120
125
129
149
153
156
160
162
164
167
169
197
210
211
212
213
222
226
237
246
253
270
277
282
287
291
309
310
317
328
329
330
332
333
334
343
346
349
359
363
367
368
370
371
372
380
382
387
388
393
394
398
400
401
408
412
417
424
427
431
432
434
435
441
442
449
450
459
465
470
481
493
494
498
508
513
546
550
560
568
572
575
580
585
588
595
607
617
618
639
646
648
656
658
668
684
690
694
700
707
710
713
714
716
717
726
729
738
762
764
771
795
806
807
809
829
843
844
847
853
855
856
861
869
873
880
886
887
889
901
914
917
920
921
928
930
954
970
992
997
