# 157 14 361
3
12
15
18
20
24
26
28
30
31
45
49
54
61
68
72
83
87
88
99
103
104
106
126
130
140
144
152
158
163
165
166
168
170
171
180
215
221
234
240
241
251
255
258
259
262
263
264
268
269
271
281
286
302
303
312
325
336
338
340
344
347
352
356
360
361
366
386
389
399
402
407
415
453
454
462
464
473
476
499
504
512
518
522
524
540
545
555
562
569
573
578
590
593
609
610
615
625
630
641
643
647
660
661
664
665
675
687
692
697
699
703
711
724
730
747
751
753
761
769
770
772
774
777
778
782
786
789
794
799
800
801
812
820
821
826
834
838
842
851
881
895
897
899
905
916
919
932
942
945
947
951
956
962
963
975
976
