# 215 13 73
9
10
18
22
26
28
30
53
55
63
73
75
93
96
98
99
109
128
129
138
139
140
142
143
145
149
153
157
159
167
170
171
173
178
179
185
188
192
197
203
206
210
211
212
215
221
226
232
235
238
243
248
251
254
257
258
259
261
264
267
282
286
291
293
298
311
316
318
319
320
342
352
353
355
367
368
369
371
374
377
383
385
387
394
399
401
403
404
414
415
421
425
426
428
429
430
432
437
439
454
456
460
462
463
478
482
483
487
498
499
501
512
513
517
520
525
532
534
545
551
554
557
559
562
566
568
570
573
576
595
596
608
609
615
616
624
626
628
630
631
638
646
648
655
659
664
676
678
679
693
695
697
701
709
713
718
723
729
733
735
736
741
748
752
756
763
764
766
773
775
781
784
786
789
793
796
797
802
809
811
814
820
822
824
825
828
846
852
857
858
860
863
873
874
875
878
879
880
881
893
896
899
914
923
952
965
972
977
983
984
985
988
989
994
999
