# 270 12 759
0
2
3
5
11
12
13
14
21
27
33
41
48
59
67
68
70
71
80
83
89
90
91
92
100
104
107
108
110
113
117
120
121
122
123
125
131
134
137
141
146
147
148
151
154
161
164
166
168
172
174
181
183
190
191
193
198
199
202
204
207
218
222
223
225
230
241
246
256
262
265
266
277
278
284
287
289
294
295
299
302
303
306
308
312
313
317
322
323
325
327
333
337
346
347
348
350
351
354
366
373
379
380
381
386
390
398
419
423
433
434
436
438
440
442
446
449
450
451
453
459
467
469
472
475
480
486
496
500
502
503
507
509
511
518
519
526
533
537
544
547
549
550
555
571
577
586
591
594
600
602
603
606
610
611
612
617
618
619
620
621
623
625
629
637
639
640
642
644
649
652
656
657
661
662
665
666
670
675
677
681
683
684
685
690
699
705
706
711
712
716
720
721
726
731
738
740
743
746
749
753
755
757
758
759
762
765
767
779
780
782
783
788
790
791
792
794
806
807
816
830
831
841
847
851
855
861
862
867
869
871
876
877
885
888
889
890
892
897
900
901
903
909
916
919
925
930
931
933
934
935
939
942
943
946
948
950
955
959
960
962
963
964
970
971
978
987
991
993
996
