# 132 14 574
6
20
37
43
51
52
61
65
84
85
86
87
103
105
116
150
155
162
165
189
194
201
209
217
220
227
229
231
239
244
250
268
271
281
285
324
326
339
343
344
362
363
364
372
378
392
400
413
418
420
452
457
458
466
471
490
497
504
505
506
521
529
535
538
541
548
563
565
572
574
585
588
593
597
599
604
607
614
632
634
647
650
651
654
663
673
689
696
700
707
708
722
734
742
745
747
750
754
761
770
785
787
798
800
804
805
823
829
837
838
845
856
865
887
895
902
904
910
911
915
929
936
937
940
941
944
957
966
967
974
982
986
