# 166 14 16
6
16
20
24
25
37
43
51
52
61
65
82
84
85
86
87
103
105
106
116
150
155
162
165
169
189
194
201
208
209
217
220
227
229
231
239
244
250
268
271
275
281
285
296
297
324
326
339
343
344
357
358
359
362
363
364
372
378
392
400
411
413
417
418
420
452
457
458
465
466
471
476
488
490
497
504
505
506
521
522
529
531
535
536
538
541
548
556
563
565
572
574
585
588
593
597
599
601
604
605
607
614
632
634
647
650
651
654
663
667
669
672
673
686
689
696
700
707
708
722
734
742
745
747
750
754
761
770
772
785
787
798
800
804
805
819
823
829
837
838
839
845
856
865
868
887
895
902
904
910
911
915
917
921
929
936
937
940
941
944
957
966
967
974
982
986
