# 162 11 905
1
4
19
23
32
34
35
40
49
54
56
58
60
64
69
72
74
78
79
88
94
97
101
115
118
124
127
130
135
152
158
163
176
182
200
205
214
216
224
236
237
240
242
247
249
272
273
274
276
279
292
304
305
310
328
329
330
334
338
345
349
356
360
361
365
375
376
382
393
402
405
407
408
412
443
447
461
470
473
474
479
481
484
485
489
491
508
514
515
523
524
528
530
539
540
560
567
575
578
580
589
598
622
627
643
653
658
660
668
682
687
691
694
698
719
728
730
737
739
760
768
769
771
774
776
777
795
799
803
810
813
815
818
821
826
827
833
834
840
842
844
850
853
854
864
866
872
882
905
912
913
920
922
932
938
947
951
969
979
980
981
997
