# 131 11 844
1
4
19
23
32
34
35
40
56
58
60
64
69
72
74
78
79
94
101
118
124
130
135
152
158
163
176
182
200
205
214
216
236
237
240
242
247
273
274
276
279
304
305
310
329
330
334
338
345
356
360
361
365
375
376
382
393
402
405
407
408
412
443
447
461
470
473
481
485
489
491
514
515
523
524
528
530
540
560
567
575
578
589
643
653
660
668
682
687
691
694
698
719
739
760
768
771
774
776
777
795
799
803
813
815
818
821
826
827
833
834
842
844
850
853
864
872
882
905
912
913
920
922
932
938
947
951
969
979
981
997
