# 160 12 706
3
5
14
21
41
48
67
71
83
90
92
107
113
117
120
121
122
123
125
131
134
147
148
151
161
166
172
174
181
190
191
193
198
199
202
204
207
218
223
225
230
241
246
256
265
266
278
287
289
299
302
303
306
312
313
317
325
337
346
347
350
366
373
379
381
419
433
434
436
442
446
450
451
453
459
467
469
472
480
486
503
507
509
518
526
544
547
550
555
571
594
600
603
606
618
620
621
629
639
642
649
656
662
665
666
675
677
681
683
684
685
705
706
716
720
721
740
757
758
765
767
780
782
783
791
794
806
816
841
847
851
855
862
867
869
871
877
885
888
889
890
892
900
901
909
919
930
933
942
946
950
959
960
964
970
978
987
991
993
996
