# 150 13 989
9
10
18
26
28
30
55
75
98
109
128
138
140
142
143
145
149
153
157
159
167
178
185
188
192
197
203
206
210
211
212
215
221
226
232
235
238
243
248
257
258
259
261
264
282
286
293
298
311
319
342
353
355
367
368
369
371
374
377
383
385
387
394
399
401
403
414
415
421
425
426
429
454
456
462
463
478
482
487
498
499
501
517
520
525
534
554
559
566
568
570
576
595
596
608
609
615
631
638
646
655
659
664
676
678
679
693
695
697
709
713
718
723
729
733
735
741
748
756
763
766
773
784
786
793
796
797
809
820
825
828
846
857
874
875
878
879
880
881
896
899
914
923
952
965
977
985
989
994
999
