# 160 _-1-1-1
2.000000000000000000e+00
5.000000000000000000e+00
1.000000000000000000e+01
1.600000000000000000e+01
1.800000000000000000e+01
2.000000000000000000e+01
2.600000000000000000e+01
2.800000000000000000e+01
3.000000000000000000e+01
3.100000000000000000e+01
3.400000000000000000e+01
3.800000000000000000e+01
4.000000000000000000e+01
4.100000000000000000e+01
5.900000000000000000e+01
6.400000000000000000e+01
7.100000000000000000e+01
7.800000000000000000e+01
8.000000000000000000e+01
8.100000000000000000e+01
8.200000000000000000e+01
8.600000000000000000e+01
9.200000000000000000e+01
9.900000000000000000e+01
1.000000000000000000e+02
1.030000000000000000e+02
1.070000000000000000e+02
1.080000000000000000e+02
1.110000000000000000e+02
1.120000000000000000e+02
1.180000000000000000e+02
1.200000000000000000e+02
1.290000000000000000e+02
1.300000000000000000e+02
1.320000000000000000e+02
1.440000000000000000e+02
1.550000000000000000e+02
1.570000000000000000e+02
1.600000000000000000e+02
1.700000000000000000e+02
1.760000000000000000e+02
1.810000000000000000e+02
1.840000000000000000e+02
1.860000000000000000e+02
1.930000000000000000e+02
1.950000000000000000e+02
1.960000000000000000e+02
1.980000000000000000e+02
2.080000000000000000e+02
2.160000000000000000e+02
2.180000000000000000e+02
2.190000000000000000e+02
2.240000000000000000e+02
2.330000000000000000e+02
2.390000000000000000e+02
2.530000000000000000e+02
2.550000000000000000e+02
2.610000000000000000e+02
2.640000000000000000e+02
2.670000000000000000e+02
2.710000000000000000e+02
2.720000000000000000e+02
2.790000000000000000e+02
2.800000000000000000e+02
2.840000000000000000e+02
2.920000000000000000e+02
2.940000000000000000e+02
2.980000000000000000e+02
3.010000000000000000e+02
3.090000000000000000e+02
3.100000000000000000e+02
3.120000000000000000e+02
3.150000000000000000e+02
3.210000000000000000e+02
3.230000000000000000e+02
3.280000000000000000e+02
3.320000000000000000e+02
3.430000000000000000e+02
3.440000000000000000e+02
3.450000000000000000e+02
3.480000000000000000e+02
3.510000000000000000e+02
3.520000000000000000e+02
3.540000000000000000e+02
3.580000000000000000e+02
3.590000000000000000e+02
3.620000000000000000e+02
3.760000000000000000e+02
3.770000000000000000e+02
3.820000000000000000e+02
3.830000000000000000e+02
3.940000000000000000e+02
4.020000000000000000e+02
4.070000000000000000e+02
4.140000000000000000e+02
4.210000000000000000e+02
4.320000000000000000e+02
4.330000000000000000e+02
4.370000000000000000e+02
4.420000000000000000e+02
4.430000000000000000e+02
4.730000000000000000e+02
4.770000000000000000e+02
4.960000000000000000e+02
5.040000000000000000e+02
5.050000000000000000e+02
5.130000000000000000e+02
5.190000000000000000e+02
5.200000000000000000e+02
5.230000000000000000e+02
5.240000000000000000e+02
5.280000000000000000e+02
5.330000000000000000e+02
5.440000000000000000e+02
5.450000000000000000e+02
5.470000000000000000e+02
5.520000000000000000e+02
5.560000000000000000e+02
5.580000000000000000e+02
5.620000000000000000e+02
5.650000000000000000e+02
5.670000000000000000e+02
5.680000000000000000e+02
5.720000000000000000e+02
5.770000000000000000e+02
5.800000000000000000e+02
5.820000000000000000e+02
5.880000000000000000e+02
5.930000000000000000e+02
5.940000000000000000e+02
5.970000000000000000e+02
5.980000000000000000e+02
6.000000000000000000e+02
6.010000000000000000e+02
6.060000000000000000e+02
6.100000000000000000e+02
6.200000000000000000e+02
6.250000000000000000e+02
6.260000000000000000e+02
6.270000000000000000e+02
6.310000000000000000e+02
6.320000000000000000e+02
6.370000000000000000e+02
6.480000000000000000e+02
6.640000000000000000e+02
6.700000000000000000e+02
6.760000000000000000e+02
6.850000000000000000e+02
6.860000000000000000e+02
6.930000000000000000e+02
6.960000000000000000e+02
7.010000000000000000e+02
7.090000000000000000e+02
7.170000000000000000e+02
7.190000000000000000e+02
7.200000000000000000e+02
7.280000000000000000e+02
7.320000000000000000e+02
7.500000000000000000e+02
7.520000000000000000e+02
7.570000000000000000e+02
7.660000000000000000e+02
7.670000000000000000e+02
7.700000000000000000e+02
7.740000000000000000e+02
7.780000000000000000e+02
7.800000000000000000e+02
7.840000000000000000e+02
7.930000000000000000e+02
7.980000000000000000e+02
8.010000000000000000e+02
8.030000000000000000e+02
8.120000000000000000e+02
8.200000000000000000e+02
8.230000000000000000e+02
8.240000000000000000e+02
8.300000000000000000e+02
8.320000000000000000e+02
8.420000000000000000e+02
8.480000000000000000e+02
8.510000000000000000e+02
8.570000000000000000e+02
8.640000000000000000e+02
8.650000000000000000e+02
8.700000000000000000e+02
8.800000000000000000e+02
8.810000000000000000e+02
8.820000000000000000e+02
8.870000000000000000e+02
8.920000000000000000e+02
8.930000000000000000e+02
8.960000000000000000e+02
8.980000000000000000e+02
9.010000000000000000e+02
9.160000000000000000e+02
9.220000000000000000e+02
9.420000000000000000e+02
9.450000000000000000e+02
9.580000000000000000e+02
9.590000000000000000e+02
9.610000000000000000e+02
9.630000000000000000e+02
9.710000000000000000e+02
9.720000000000000000e+02
9.830000000000000000e+02
9.900000000000000000e+02
9.920000000000000000e+02
9.970000000000000000e+02
