# 497 _-10
0.000000000000000000e+00
3.500000000000000000e+01
3.700000000000000000e+01
4.400000000000000000e+01
5.100000000000000000e+01
5.700000000000000000e+01
6.100000000000000000e+01
6.700000000000000000e+01
6.900000000000000000e+01
7.500000000000000000e+01
8.400000000000000000e+01
8.500000000000000000e+01
8.800000000000000000e+01
8.900000000000000000e+01
9.300000000000000000e+01
1.100000000000000000e+02
1.140000000000000000e+02
1.150000000000000000e+02
1.190000000000000000e+02
1.230000000000000000e+02
1.330000000000000000e+02
1.370000000000000000e+02
1.450000000000000000e+02
1.460000000000000000e+02
1.480000000000000000e+02
1.530000000000000000e+02
1.560000000000000000e+02
1.580000000000000000e+02
1.680000000000000000e+02
1.720000000000000000e+02
1.780000000000000000e+02
2.120000000000000000e+02
2.140000000000000000e+02
2.230000000000000000e+02
2.250000000000000000e+02
2.290000000000000000e+02
2.300000000000000000e+02
2.320000000000000000e+02
2.340000000000000000e+02
2.430000000000000000e+02
2.440000000000000000e+02
2.480000000000000000e+02
2.510000000000000000e+02
2.630000000000000000e+02
2.680000000000000000e+02
2.760000000000000000e+02
2.810000000000000000e+02
2.830000000000000000e+02
2.850000000000000000e+02
2.870000000000000000e+02
2.890000000000000000e+02
3.000000000000000000e+02
3.020000000000000000e+02
3.070000000000000000e+02
3.190000000000000000e+02
3.200000000000000000e+02
3.240000000000000000e+02
3.290000000000000000e+02
3.360000000000000000e+02
3.380000000000000000e+02
3.400000000000000000e+02
3.470000000000000000e+02
3.500000000000000000e+02
3.670000000000000000e+02
3.680000000000000000e+02
3.740000000000000000e+02
3.800000000000000000e+02
3.840000000000000000e+02
3.910000000000000000e+02
4.000000000000000000e+02
4.100000000000000000e+02
4.160000000000000000e+02
4.190000000000000000e+02
4.220000000000000000e+02
4.240000000000000000e+02
4.250000000000000000e+02
4.350000000000000000e+02
4.480000000000000000e+02
4.540000000000000000e+02
4.560000000000000000e+02
4.600000000000000000e+02
4.610000000000000000e+02
4.620000000000000000e+02
4.640000000000000000e+02
4.660000000000000000e+02
4.680000000000000000e+02
4.790000000000000000e+02
4.820000000000000000e+02
4.940000000000000000e+02
4.970000000000000000e+02
5.060000000000000000e+02
5.070000000000000000e+02
5.100000000000000000e+02
5.160000000000000000e+02
5.170000000000000000e+02
5.310000000000000000e+02
5.340000000000000000e+02
5.370000000000000000e+02
5.430000000000000000e+02
5.540000000000000000e+02
5.630000000000000000e+02
5.640000000000000000e+02
5.710000000000000000e+02
5.750000000000000000e+02
5.830000000000000000e+02
5.840000000000000000e+02
5.860000000000000000e+02
6.030000000000000000e+02
6.040000000000000000e+02
6.080000000000000000e+02
6.120000000000000000e+02
6.170000000000000000e+02
6.230000000000000000e+02
6.340000000000000000e+02
6.380000000000000000e+02
6.410000000000000000e+02
6.430000000000000000e+02
6.460000000000000000e+02
6.470000000000000000e+02
6.500000000000000000e+02
6.630000000000000000e+02
6.790000000000000000e+02
6.800000000000000000e+02
6.810000000000000000e+02
6.840000000000000000e+02
6.890000000000000000e+02
7.060000000000000000e+02
7.080000000000000000e+02
7.150000000000000000e+02
7.210000000000000000e+02
7.290000000000000000e+02
7.350000000000000000e+02
7.390000000000000000e+02
7.450000000000000000e+02
7.540000000000000000e+02
7.550000000000000000e+02
7.560000000000000000e+02
7.650000000000000000e+02
7.680000000000000000e+02
7.710000000000000000e+02
7.720000000000000000e+02
7.760000000000000000e+02
7.860000000000000000e+02
7.920000000000000000e+02
8.020000000000000000e+02
8.050000000000000000e+02
8.160000000000000000e+02
8.170000000000000000e+02
8.370000000000000000e+02
8.440000000000000000e+02
8.460000000000000000e+02
8.490000000000000000e+02
8.520000000000000000e+02
8.560000000000000000e+02
8.660000000000000000e+02
8.720000000000000000e+02
8.900000000000000000e+02
8.910000000000000000e+02
8.990000000000000000e+02
9.000000000000000000e+02
9.020000000000000000e+02
9.050000000000000000e+02
9.080000000000000000e+02
9.180000000000000000e+02
9.200000000000000000e+02
9.240000000000000000e+02
9.250000000000000000e+02
9.260000000000000000e+02
9.270000000000000000e+02
9.310000000000000000e+02
9.340000000000000000e+02
9.440000000000000000e+02
9.500000000000000000e+02
9.510000000000000000e+02
9.670000000000000000e+02
9.810000000000000000e+02
9.850000000000000000e+02
9.880000000000000000e+02
9.930000000000000000e+02
