# 921 _-1-1-1
1.300000000000000000e+01
1.600000000000000000e+01
2.200000000000000000e+01
2.700000000000000000e+01
3.200000000000000000e+01
5.400000000000000000e+01
6.200000000000000000e+01
6.400000000000000000e+01
6.800000000000000000e+01
7.800000000000000000e+01
8.000000000000000000e+01
8.500000000000000000e+01
8.700000000000000000e+01
1.020000000000000000e+02
1.070000000000000000e+02
1.150000000000000000e+02
1.250000000000000000e+02
1.270000000000000000e+02
1.380000000000000000e+02
1.400000000000000000e+02
1.470000000000000000e+02
1.490000000000000000e+02
1.500000000000000000e+02
1.560000000000000000e+02
1.580000000000000000e+02
1.640000000000000000e+02
1.660000000000000000e+02
1.710000000000000000e+02
1.740000000000000000e+02
1.820000000000000000e+02
1.870000000000000000e+02
1.890000000000000000e+02
1.950000000000000000e+02
2.010000000000000000e+02
2.110000000000000000e+02
2.220000000000000000e+02
2.370000000000000000e+02
2.420000000000000000e+02
2.670000000000000000e+02
2.930000000000000000e+02
2.970000000000000000e+02
3.070000000000000000e+02
3.080000000000000000e+02
3.160000000000000000e+02
3.230000000000000000e+02
3.350000000000000000e+02
3.470000000000000000e+02
3.500000000000000000e+02
3.530000000000000000e+02
3.860000000000000000e+02
3.910000000000000000e+02
3.940000000000000000e+02
3.980000000000000000e+02
4.110000000000000000e+02
4.390000000000000000e+02
4.410000000000000000e+02
4.510000000000000000e+02
4.790000000000000000e+02
4.870000000000000000e+02
4.970000000000000000e+02
5.010000000000000000e+02
5.060000000000000000e+02
5.220000000000000000e+02
5.240000000000000000e+02
5.300000000000000000e+02
5.370000000000000000e+02
5.410000000000000000e+02
5.440000000000000000e+02
5.470000000000000000e+02
5.500000000000000000e+02
5.570000000000000000e+02
5.710000000000000000e+02
5.810000000000000000e+02
5.950000000000000000e+02
6.030000000000000000e+02
6.110000000000000000e+02
6.230000000000000000e+02
6.250000000000000000e+02
6.290000000000000000e+02
6.330000000000000000e+02
6.360000000000000000e+02
6.440000000000000000e+02
6.580000000000000000e+02
6.610000000000000000e+02
6.660000000000000000e+02
6.750000000000000000e+02
6.860000000000000000e+02
6.980000000000000000e+02
7.110000000000000000e+02
7.130000000000000000e+02
7.170000000000000000e+02
7.280000000000000000e+02
7.410000000000000000e+02
7.430000000000000000e+02
7.500000000000000000e+02
7.510000000000000000e+02
7.550000000000000000e+02
7.560000000000000000e+02
7.610000000000000000e+02
7.680000000000000000e+02
7.730000000000000000e+02
7.750000000000000000e+02
7.870000000000000000e+02
7.960000000000000000e+02
7.990000000000000000e+02
8.060000000000000000e+02
8.070000000000000000e+02
8.120000000000000000e+02
8.160000000000000000e+02
8.450000000000000000e+02
8.570000000000000000e+02
8.900000000000000000e+02
9.010000000000000000e+02
9.060000000000000000e+02
9.090000000000000000e+02
9.130000000000000000e+02
9.210000000000000000e+02
9.220000000000000000e+02
9.370000000000000000e+02
9.410000000000000000e+02
9.420000000000000000e+02
9.430000000000000000e+02
9.650000000000000000e+02
9.690000000000000000e+02
9.720000000000000000e+02
9.740000000000000000e+02
9.910000000000000000e+02
9.930000000000000000e+02
9.980000000000000000e+02
