# 134 12 847
1
21
27
28
30
32
45
75
86
100
118
120
125
141
146
155
156
160
166
168
180
182
183
186
212
214
220
227
250
260
261
263
274
279
284
289
291
294
298
308
314
319
337
346
355
369
378
382
384
395
398
401
404
413
414
416
421
429
435
446
469
476
480
481
482
500
514
517
519
529
533
534
544
546
558
560
583
589
594
598
610
618
620
641
644
656
664
667
672
674
679
681
685
690
695
696
700
707
721
733
762
764
770
776
778
781
785
787
805
808
816
830
835
843
847
852
872
873
904
910
912
913
921
934
936
941
948
950
968
971
973
978
979
983
