# 308 12 495
1
2
8
12
13
21
23
27
28
30
32
34
35
37
43
45
46
63
64
65
67
72
74
75
76
78
86
90
91
93
95
100
102
103
108
109
114
117
118
120
122
125
127
129
141
146
147
155
156
160
166
168
170
174
178
180
182
183
186
188
208
212
214
219
220
223
224
225
227
232
242
246
247
250
252
260
261
263
267
274
279
280
284
286
289
291
292
294
298
299
302
303
304
307
308
310
314
315
319
323
330
331
333
336
337
340
343
346
355
356
362
364
369
373
375
378
382
384
393
395
398
401
404
406
408
410
411
412
413
414
416
420
421
423
427
428
429
430
435
446
449
460
465
469
470
475
476
479
480
481
482
487
495
496
500
504
514
517
519
522
523
526
529
531
533
534
537
539
541
544
546
547
548
551
553
558
560
569
575
579
580
583
584
589
590
591
593
594
597
598
599
610
614
617
618
619
620
630
632
636
639
641
644
647
652
654
656
664
667
672
674
679
681
682
683
685
690
695
696
697
700
703
707
709
712
720
721
724
728
729
730
733
742
745
752
762
764
767
770
771
776
778
779
781
785
786
787
790
802
805
808
811
813
816
824
830
831
835
843
847
848
852
854
856
859
860
867
872
873
876
877
884
890
891
898
904
910
912
913
919
921
922
925
928
930
932
934
935
936
941
943
948
950
959
962
968
970
971
973
978
979
983
989
990
992
995
998
999
