# 231 13 226
15
16
24
25
26
38
40
44
47
50
55
56
57
58
59
60
68
69
77
94
98
104
110
111
112
123
124
126
128
130
131
132
134
138
143
144
150
157
158
159
163
165
172
175
189
192
193
195
198
201
204
206
210
211
215
216
218
226
229
230
235
236
237
238
248
251
253
255
262
265
266
271
272
278
283
295
297
301
311
321
349
350
353
354
379
380
381
383
386
387
388
389
390
392
400
402
418
422
424
425
437
439
442
453
454
455
456
462
468
474
477
483
484
490
492
493
497
499
502
505
509
510
511
518
525
527
538
540
545
559
562
565
568
572
576
577
582
586
587
592
602
607
611
613
615
616
621
627
629
633
648
649
653
658
659
661
662
666
675
686
687
688
693
694
705
713
718
719
722
726
734
744
746
748
758
759
760
761
768
775
791
793
795
796
800
803
804
806
817
819
821
822
829
832
833
837
840
841
845
858
864
868
869
870
871
874
875
880
881
883
888
889
908
911
916
927
929
931
938
944
947
951
952
953
954
963
969
977
994
996
997
