# 152 14 135
4
5
9
18
20
22
31
33
39
54
61
66
71
82
83
85
89
96
105
116
133
135
137
140
145
148
151
171
179
181
187
199
200
240
241
243
254
256
258
264
268
273
275
277
282
285
293
305
306
313
328
334
335
338
339
342
344
345
347
348
351
352
357
359
363
365
370
372
374
397
409
417
432
434
443
445
457
458
472
494
507
512
542
549
550
556
557
561
566
570
571
574
585
605
608
622
625
626
631
640
643
645
650
655
657
665
670
676
684
691
692
698
701
717
723
725
735
740
747
749
751
754
773
774
782
792
820
823
836
838
842
844
850
865
866
878
895
896
901
905
915
918
923
937
946
949
957
960
976
985
987
991
