# 151 11 209
3
7
19
48
49
51
62
70
73
79
80
81
84
87
88
97
113
115
136
139
154
161
167
169
176
191
194
197
202
209
213
217
221
234
239
244
245
249
259
269
270
281
287
290
300
312
316
317
322
325
326
327
329
332
358
361
366
391
394
396
399
419
433
440
451
464
466
467
473
485
488
498
506
524
530
535
543
552
554
555
563
567
573
601
606
609
612
623
628
634
635
646
671
677
680
699
708
710
711
714
715
716
731
738
741
743
750
753
757
763
765
769
780
784
789
794
797
814
818
825
826
827
828
834
839
851
853
862
863
879
885
887
894
900
902
903
906
909
914
920
939
940
955
961
966
972
974
975
980
984
993
