# 206 12 927
0
7
10
22
30
32
33
36
45
46
52
60
66
69
70
73
75
90
100
105
110
114
119
123
128
130
133
135
140
142
158
167
168
170
171
175
176
182
195
198
199
200
201
211
214
215
225
236
237
241
242
253
254
260
266
283
289
302
306
314
328
330
331
336
338
339
341
343
345
346
349
354
360
369
374
376
379
381
385
390
392
398
399
402
410
412
422
427
440
441
442
443
446
447
454
458
461
463
465
486
489
494
509
513
514
517
521
522
524
529
541
545
547
560
561
562
577
582
583
591
592
595
596
597
599
629
630
632
635
641
646
651
655
665
668
672
700
704
705
724
733
739
740
750
755
758
760
770
772
775
780
781
788
789
794
797
798
801
803
804
806
812
825
830
842
845
848
850
863
871
877
881
882
889
891
894
895
900
902
904
909
912
917
918
922
926
927
928
934
935
937
938
944
945
948
954
955
961
962
972
977
982
983
985
988
999
