# 176 13 221
2
6
9
14
17
28
29
38
41
53
56
57
61
62
74
79
81
92
96
107
112
113
116
117
124
125
126
127
134
149
153
154
169
186
194
204
207
213
218
221
226
233
238
239
252
255
263
280
281
285
290
296
298
300
311
312
313
325
327
332
340
347
358
373
378
391
395
400
409
418
434
435
438
444
466
473
480
487
491
497
498
499
505
508
511
518
539
544
549
552
553
559
565
566
567
568
570
571
579
580
581
584
589
594
598
602
618
619
621
623
625
627
633
648
649
653
658
659
664
683
684
693
698
699
708
712
714
715
726
728
734
741
743
748
752
761
765
771
787
800
814
815
833
841
843
847
851
854
862
864
879
886
888
892
898
899
901
903
905
906
910
911
915
919
920
933
941
947
950
952
963
986
987
990
991
994
