# 283 12 234
0
7
10
12
22
30
32
33
35
36
45
46
52
59
60
66
67
69
70
71
73
75
77
90
100
105
109
110
114
119
123
128
130
133
135
140
142
147
150
158
161
164
165
167
168
170
171
172
175
176
181
182
185
195
198
199
200
201
208
211
214
215
222
225
231
234
236
237
241
242
253
254
256
258
260
266
275
278
283
289
302
303
306
310
314
315
328
330
331
336
338
339
341
343
345
346
349
354
355
360
369
372
374
376
379
380
381
385
389
390
392
393
398
399
402
410
411
412
414
422
427
430
440
441
442
443
446
447
448
454
458
461
463
465
467
468
477
481
482
486
489
493
494
500
509
513
514
516
517
519
521
522
524
529
536
541
545
547
554
560
561
562
572
577
582
583
591
592
595
596
597
599
607
629
630
632
635
636
641
643
646
651
655
665
668
669
672
674
680
700
704
705
710
711
724
730
732
733
735
739
740
746
750
755
758
759
760
770
772
775
779
780
781
788
789
792
793
794
797
798
801
803
804
805
806
812
820
825
830
838
842
845
848
849
850
855
863
870
871
872
877
881
882
889
891
894
895
900
902
904
909
912
917
918
922
926
927
928
932
934
935
937
938
944
945
948
951
954
955
961
962
964
969
972
977
979
982
983
984
985
988
997
999
