# 242 13 157
2
6
9
14
17
28
29
31
34
38
41
47
53
56
57
61
62
74
79
81
83
92
96
104
107
111
112
113
116
117
124
125
126
127
134
141
149
151
153
154
157
169
186
187
194
196
204
207
213
217
218
221
224
226
228
230
233
238
239
252
255
263
277
280
281
285
290
293
296
297
298
300
304
311
312
313
325
327
332
340
347
358
361
368
373
378
384
391
395
400
407
408
409
413
416
418
431
434
435
438
444
466
469
471
473
480
487
491
495
497
498
499
505
508
511
518
527
532
535
538
539
544
549
550
552
553
559
565
566
567
568
570
571
578
579
580
581
584
589
594
598
602
603
608
610
612
618
619
621
623
625
627
633
638
648
649
652
653
658
659
664
683
684
689
693
695
698
699
701
703
708
712
714
715
717
718
726
728
734
741
743
748
752
753
761
763
765
771
774
787
800
802
814
815
817
826
827
832
833
841
843
847
851
854
862
864
868
878
879
884
886
888
892
897
898
899
901
903
905
906
910
911
914
915
919
920
923
925
933
936
941
947
950
952
958
963
974
986
987
990
991
994
