# 162 14 82
1
4
8
19
20
40
43
51
54
64
72
78
82
86
88
89
91
93
95
97
99
103
122
144
146
148
152
159
173
174
183
184
190
193
203
209
210
232
235
243
244
249
250
251
262
265
269
271
276
288
294
299
317
321
322
333
334
342
344
348
350
357
362
370
375
383
386
387
394
406
417
419
425
428
429
459
470
475
488
502
503
506
510
515
520
528
537
540
543
551
555
556
557
558
563
564
569
573
576
586
601
604
611
613
614
615
620
622
624
631
634
640
661
662
670
673
688
690
694
697
706
709
713
719
737
738
762
764
767
768
784
785
786
791
809
810
811
813
821
823
834
835
836
839
858
861
873
876
885
890
907
908
916
931
956
959
965
971
976
981
993
998
