# 154 11 364
13
16
18
21
23
25
39
42
76
85
87
94
98
101
106
108
115
118
131
139
143
156
162
163
179
180
188
189
191
197
202
219
223
227
229
240
246
248
264
267
268
270
274
279
286
287
305
308
309
316
318
319
323
324
329
335
337
351
353
356
364
365
366
382
388
397
401
403
415
420
426
433
436
449
450
452
455
457
460
462
464
479
485
501
504
523
525
526
531
534
546
548
574
575
585
587
593
600
616
628
637
644
647
654
667
671
675
677
682
686
702
707
720
722
725
727
742
744
754
756
757
769
773
776
777
795
799
816
818
824
844
846
853
857
859
865
866
867
869
874
880
887
893
913
924
929
942
943
953
957
967
973
992
995
