# 131 12 882
0
7
10
30
32
36
45
46
66
69
70
73
75
90
100
119
128
135
140
168
171
175
176
182
195
198
199
200
201
211
214
215
225
237
242
254
260
289
302
306
314
328
330
331
336
339
341
343
345
360
369
376
381
385
390
398
399
410
412
422
442
443
446
447
454
461
463
465
489
509
513
514
521
522
524
545
560
561
562
577
582
591
592
596
597
599
630
635
641
646
651
665
668
672
700
724
733
750
758
760
772
775
780
789
794
798
803
804
825
845
848
850
871
877
882
891
904
917
918
928
934
937
944
948
954
955
962
972
977
985
988
