# 185 12 259
1
2
3
4
6
9
10
14
20
25
37
42
46
51
55
63
64
66
67
69
73
84
92
100
110
113
114
118
120
123
125
127
144
147
148
149
151
155
157
159
160
163
177
190
199
202
214
216
229
251
252
256
257
259
260
262
273
274
288
289
290
292
318
334
343
346
353
368
377
378
380
385
387
394
407
408
409
410
423
430
433
437
445
452
454
455
467
469
470
476
478
483
492
497
499
500
501
503
504
516
521
522
525
536
540
543
544
548
559
566
573
588
594
597
606
609
635
640
648
653
657
661
677
679
693
695
696
697
700
708
709
710
721
727
730
731
733
736
738
741
749
751
752
783
794
809
824
828
831
837
841
842
843
858
862
869
876
878
887
896
898
899
904
906
913
916
919
929
931
933
942
944
946
949
950
959
963
966
969
972
973
978
981
985
986
