# 172 13 393
7
8
11
12
19
31
40
41
43
45
56
57
58
75
86
103
105
109
117
126
129
131
138
153
154
165
166
173
175
181
182
185
196
197
200
215
217
219
223
224
228
235
236
242
244
245
248
250
263
269
294
306
309
310
311
315
316
319
325
331
332
335
336
342
347
349
358
363
369
370
375
379
384
388
389
390
393
400
404
405
422
427
429
439
441
448
457
458
463
471
474
477
493
494
495
498
502
507
508
510
514
517
519
527
537
541
546
554
555
565
571
583
584
604
605
612
624
625
626
627
636
637
642
654
664
672
675
680
682
684
692
698
703
706
715
724
747
750
755
758
771
776
789
795
801
807
808
815
818
839
857
872
880
882
885
900
902
914
917
918
924
927
930
932
945
954
955
964
975
984
993
995
