# 280 12 577
0
1
2
3
4
6
9
10
13
14
20
25
29
35
37
42
46
51
54
55
63
64
66
67
69
70
72
73
81
84
92
95
100
101
110
111
113
114
115
118
119
120
122
123
125
127
133
141
142
144
147
148
149
151
155
157
158
159
160
163
177
190
199
202
214
216
226
229
230
239
246
251
252
256
257
259
260
262
267
273
274
278
279
283
284
286
287
288
289
290
292
317
318
327
329
334
341
343
346
353
366
368
377
378
380
385
387
392
394
402
407
408
409
410
411
413
421
423
424
430
433
437
440
445
452
454
455
466
467
469
470
476
478
479
483
489
492
497
499
500
501
503
504
513
516
521
522
525
532
535
536
538
540
543
544
548
551
553
557
559
561
566
573
577
581
585
588
590
592
594
597
606
607
609
610
635
640
644
645
648
653
657
661
670
676
677
679
686
689
693
695
696
697
700
702
704
708
709
710
713
721
727
730
731
733
736
737
738
741
744
749
751
752
754
763
769
774
781
783
793
794
799
804
806
809
810
816
824
828
831
832
837
841
842
843
858
861
862
863
869
876
878
881
887
896
898
899
904
906
912
913
915
916
919
929
931
933
940
942
944
946
949
950
958
959
963
966
969
970
971
972
973
978
981
985
986
987
989
997
999
