# 252 13 5
5
7
8
11
12
19
26
27
31
33
34
39
40
41
43
44
45
48
50
52
56
57
58
75
77
78
86
88
97
103
105
106
109
117
121
126
129
131
132
138
140
143
145
153
154
164
165
166
173
174
175
179
181
182
185
192
196
197
200
203
208
211
215
217
219
223
224
228
235
236
242
244
245
248
250
263
268
269
271
276
281
294
306
307
309
310
311
315
316
319
325
326
328
331
332
335
336
342
347
349
358
361
363
365
369
370
375
379
381
383
384
388
389
390
393
400
404
405
415
416
422
427
429
432
439
441
442
443
447
448
457
458
463
471
474
475
477
493
494
495
498
502
507
508
509
510
514
515
517
519
527
537
541
546
554
555
558
562
563
565
567
571
574
575
578
579
580
583
584
586
587
603
604
605
612
619
624
625
626
627
636
637
639
642
654
662
664
672
675
680
682
684
687
690
691
692
698
699
703
706
715
719
720
724
747
750
755
758
767
771
776
789
792
795
801
807
808
814
815
818
835
839
847
857
872
880
882
885
892
900
901
902
914
917
918
921
924
927
928
930
932
945
948
954
955
964
967
975
979
984
993
995
