# 165 11 600
15
18
21
32
60
62
65
79
80
87
89
96
99
124
150
167
172
176
178
183
184
187
194
207
209
210
213
225
231
233
238
254
255
264
266
272
285
291
293
296
302
303
304
305
323
344
345
359
360
364
367
373
376
382
386
396
398
399
403
412
418
419
425
436
450
453
456
460
461
465
480
481
484
485
486
487
488
496
506
512
518
520
524
528
542
545
552
560
570
576
589
593
600
602
608
613
614
618
620
623
629
630
634
638
641
649
655
656
658
660
665
668
671
688
705
718
723
725
732
742
743
745
746
761
768
775
779
782
785
786
788
811
813
819
822
823
826
829
838
850
852
859
866
871
877
894
895
897
907
908
910
925
926
935
936
939
941
952
953
956
961
974
983
991
998
