# 149 14 128
16
17
23
24
36
38
59
85
102
104
107
112
128
130
134
136
137
146
152
169
171
191
193
204
218
222
227
232
249
258
275
280
295
297
308
312
313
314
320
324
330
338
339
340
354
355
357
362
371
372
374
395
397
414
426
431
434
435
438
444
446
459
482
490
511
526
529
533
534
539
549
550
556
568
569
591
596
598
599
611
615
616
621
622
631
633
643
651
652
659
669
673
681
683
685
701
714
716
726
728
729
734
739
756
757
760
764
766
773
780
784
787
796
798
800
802
803
812
833
834
840
844
845
846
848
851
855
860
865
868
873
875
879
883
886
889
890
891
893
903
909
911
920
922
938
951
982
994
996
