# 136 12 503
1
2
3
4
6
9
14
20
25
37
42
51
55
64
67
69
73
84
100
110
120
123
127
144
147
148
149
151
155
157
159
163
177
199
202
216
229
252
256
260
262
273
274
292
318
334
353
377
378
380
385
394
408
409
423
430
433
437
445
452
455
467
470
476
478
497
499
500
501
503
504
521
536
540
543
544
559
573
597
606
609
635
648
657
677
679
693
695
696
697
700
708
709
710
721
730
733
736
741
749
751
752
783
794
809
828
831
837
841
842
843
858
862
869
876
887
898
899
904
906
916
919
929
933
942
944
946
959
963
966
969
972
973
981
985
986
