# 127 13 224
7
8
12
19
31
40
41
43
45
56
57
58
75
86
103
105
109
117
126
129
131
138
173
175
182
196
197
200
215
217
219
223
224
242
244
248
250
263
269
294
309
311
315
316
319
335
342
347
349
358
363
369
370
375
388
390
400
405
422
439
441
448
458
463
471
474
477
493
495
498
502
507
508
514
517
527
537
546
554
555
565
584
605
627
636
637
642
664
680
684
692
698
703
706
724
747
750
755
758
771
776
789
795
807
808
815
818
839
857
872
880
882
885
900
902
917
927
930
932
945
954
955
964
975
984
993
995
