# 754 _-1-1-10
9.000000000000000000e+00
1.000000000000000000e+01
2.600000000000000000e+01
4.100000000000000000e+01
6.500000000000000000e+01
8.400000000000000000e+01
8.500000000000000000e+01
9.900000000000000000e+01
1.050000000000000000e+02
1.200000000000000000e+02
1.230000000000000000e+02
1.370000000000000000e+02
1.430000000000000000e+02
1.440000000000000000e+02
1.540000000000000000e+02
1.560000000000000000e+02
1.780000000000000000e+02
1.840000000000000000e+02
1.860000000000000000e+02
1.990000000000000000e+02
2.010000000000000000e+02
2.050000000000000000e+02
2.130000000000000000e+02
2.150000000000000000e+02
2.170000000000000000e+02
2.210000000000000000e+02
2.300000000000000000e+02
2.350000000000000000e+02
2.410000000000000000e+02
2.650000000000000000e+02
2.660000000000000000e+02
2.760000000000000000e+02
2.770000000000000000e+02
2.780000000000000000e+02
2.910000000000000000e+02
2.920000000000000000e+02
3.000000000000000000e+02
3.110000000000000000e+02
3.130000000000000000e+02
3.170000000000000000e+02
3.260000000000000000e+02
3.370000000000000000e+02
3.390000000000000000e+02
3.400000000000000000e+02
3.450000000000000000e+02
3.460000000000000000e+02
3.640000000000000000e+02
3.700000000000000000e+02
3.760000000000000000e+02
3.800000000000000000e+02
3.850000000000000000e+02
3.880000000000000000e+02
3.890000000000000000e+02
3.940000000000000000e+02
4.010000000000000000e+02
4.030000000000000000e+02
4.050000000000000000e+02
4.130000000000000000e+02
4.320000000000000000e+02
4.460000000000000000e+02
4.580000000000000000e+02
4.640000000000000000e+02
4.680000000000000000e+02
4.850000000000000000e+02
5.020000000000000000e+02
5.180000000000000000e+02
5.190000000000000000e+02
5.310000000000000000e+02
5.330000000000000000e+02
5.500000000000000000e+02
5.540000000000000000e+02
5.640000000000000000e+02
5.840000000000000000e+02
5.880000000000000000e+02
5.950000000000000000e+02
6.030000000000000000e+02
6.110000000000000000e+02
6.140000000000000000e+02
6.310000000000000000e+02
6.390000000000000000e+02
6.450000000000000000e+02
6.550000000000000000e+02
6.610000000000000000e+02
6.720000000000000000e+02
6.780000000000000000e+02
6.790000000000000000e+02
6.950000000000000000e+02
7.150000000000000000e+02
7.170000000000000000e+02
7.190000000000000000e+02
7.220000000000000000e+02
7.260000000000000000e+02
7.280000000000000000e+02
7.330000000000000000e+02
7.420000000000000000e+02
7.540000000000000000e+02
7.730000000000000000e+02
7.780000000000000000e+02
7.790000000000000000e+02
7.860000000000000000e+02
7.930000000000000000e+02
7.950000000000000000e+02
8.000000000000000000e+02
8.050000000000000000e+02
8.120000000000000000e+02
8.130000000000000000e+02
8.280000000000000000e+02
8.310000000000000000e+02
8.530000000000000000e+02
8.550000000000000000e+02
8.710000000000000000e+02
8.740000000000000000e+02
8.760000000000000000e+02
8.800000000000000000e+02
8.810000000000000000e+02
8.880000000000000000e+02
9.030000000000000000e+02
9.080000000000000000e+02
9.130000000000000000e+02
9.140000000000000000e+02
9.190000000000000000e+02
9.210000000000000000e+02
9.230000000000000000e+02
9.250000000000000000e+02
9.430000000000000000e+02
9.580000000000000000e+02
9.690000000000000000e+02
9.720000000000000000e+02
9.820000000000000000e+02
9.920000000000000000e+02
9.950000000000000000e+02
