# 408 _-1-10
7.000000000000000000e+00
1.100000000000000000e+01
1.200000000000000000e+01
1.500000000000000000e+01
2.000000000000000000e+01
2.300000000000000000e+01
2.500000000000000000e+01
2.900000000000000000e+01
3.300000000000000000e+01
4.700000000000000000e+01
7.000000000000000000e+01
7.300000000000000000e+01
7.700000000000000000e+01
7.800000000000000000e+01
8.300000000000000000e+01
9.200000000000000000e+01
9.300000000000000000e+01
9.400000000000000000e+01
1.010000000000000000e+02
1.020000000000000000e+02
1.040000000000000000e+02
1.090000000000000000e+02
1.100000000000000000e+02
1.120000000000000000e+02
1.170000000000000000e+02
1.180000000000000000e+02
1.250000000000000000e+02
1.270000000000000000e+02
1.340000000000000000e+02
1.550000000000000000e+02
1.600000000000000000e+02
1.610000000000000000e+02
1.630000000000000000e+02
1.640000000000000000e+02
1.650000000000000000e+02
1.690000000000000000e+02
1.800000000000000000e+02
1.820000000000000000e+02
1.920000000000000000e+02
2.000000000000000000e+02
2.020000000000000000e+02
2.030000000000000000e+02
2.040000000000000000e+02
2.060000000000000000e+02
2.070000000000000000e+02
2.080000000000000000e+02
2.090000000000000000e+02
2.250000000000000000e+02
2.310000000000000000e+02
2.360000000000000000e+02
2.390000000000000000e+02
2.440000000000000000e+02
2.490000000000000000e+02
2.630000000000000000e+02
2.640000000000000000e+02
2.670000000000000000e+02
2.730000000000000000e+02
2.820000000000000000e+02
2.840000000000000000e+02
2.870000000000000000e+02
2.980000000000000000e+02
3.160000000000000000e+02
3.180000000000000000e+02
3.230000000000000000e+02
3.300000000000000000e+02
3.320000000000000000e+02
3.330000000000000000e+02
3.340000000000000000e+02
3.360000000000000000e+02
3.380000000000000000e+02
3.410000000000000000e+02
3.430000000000000000e+02
3.570000000000000000e+02
3.600000000000000000e+02
3.620000000000000000e+02
3.650000000000000000e+02
3.660000000000000000e+02
3.680000000000000000e+02
3.750000000000000000e+02
3.790000000000000000e+02
3.990000000000000000e+02
4.080000000000000000e+02
4.090000000000000000e+02
4.120000000000000000e+02
4.140000000000000000e+02
4.150000000000000000e+02
4.190000000000000000e+02
4.380000000000000000e+02
4.390000000000000000e+02
4.430000000000000000e+02
4.510000000000000000e+02
4.590000000000000000e+02
4.630000000000000000e+02
4.650000000000000000e+02
4.660000000000000000e+02
4.670000000000000000e+02
4.700000000000000000e+02
4.740000000000000000e+02
4.760000000000000000e+02
4.770000000000000000e+02
4.780000000000000000e+02
4.800000000000000000e+02
4.840000000000000000e+02
4.910000000000000000e+02
4.920000000000000000e+02
4.930000000000000000e+02
4.970000000000000000e+02
5.040000000000000000e+02
5.060000000000000000e+02
5.140000000000000000e+02
5.210000000000000000e+02
5.220000000000000000e+02
5.230000000000000000e+02
5.340000000000000000e+02
5.350000000000000000e+02
5.410000000000000000e+02
5.470000000000000000e+02
5.480000000000000000e+02
5.530000000000000000e+02
5.580000000000000000e+02
5.610000000000000000e+02
5.670000000000000000e+02
5.680000000000000000e+02
5.690000000000000000e+02
5.700000000000000000e+02
5.710000000000000000e+02
5.730000000000000000e+02
5.790000000000000000e+02
5.820000000000000000e+02
5.900000000000000000e+02
5.940000000000000000e+02
5.960000000000000000e+02
5.990000000000000000e+02
6.000000000000000000e+02
6.040000000000000000e+02
6.050000000000000000e+02
6.240000000000000000e+02
6.250000000000000000e+02
6.590000000000000000e+02
6.630000000000000000e+02
6.640000000000000000e+02
6.650000000000000000e+02
6.680000000000000000e+02
6.710000000000000000e+02
6.750000000000000000e+02
6.760000000000000000e+02
6.810000000000000000e+02
6.960000000000000000e+02
6.990000000000000000e+02
7.010000000000000000e+02
7.020000000000000000e+02
7.060000000000000000e+02
7.080000000000000000e+02
7.100000000000000000e+02
7.130000000000000000e+02
7.230000000000000000e+02
7.300000000000000000e+02
7.310000000000000000e+02
7.320000000000000000e+02
7.370000000000000000e+02
7.400000000000000000e+02
7.410000000000000000e+02
7.470000000000000000e+02
7.490000000000000000e+02
7.510000000000000000e+02
7.520000000000000000e+02
7.620000000000000000e+02
7.660000000000000000e+02
7.690000000000000000e+02
7.740000000000000000e+02
7.820000000000000000e+02
7.840000000000000000e+02
7.850000000000000000e+02
7.880000000000000000e+02
7.900000000000000000e+02
7.940000000000000000e+02
7.960000000000000000e+02
7.970000000000000000e+02
8.010000000000000000e+02
8.040000000000000000e+02
8.070000000000000000e+02
8.230000000000000000e+02
8.260000000000000000e+02
8.270000000000000000e+02
8.300000000000000000e+02
8.330000000000000000e+02
8.420000000000000000e+02
8.450000000000000000e+02
8.460000000000000000e+02
8.540000000000000000e+02
8.560000000000000000e+02
8.580000000000000000e+02
8.600000000000000000e+02
8.630000000000000000e+02
8.680000000000000000e+02
8.730000000000000000e+02
8.750000000000000000e+02
8.770000000000000000e+02
8.820000000000000000e+02
8.830000000000000000e+02
8.930000000000000000e+02
8.990000000000000000e+02
9.020000000000000000e+02
9.050000000000000000e+02
9.070000000000000000e+02
9.150000000000000000e+02
9.180000000000000000e+02
9.240000000000000000e+02
9.320000000000000000e+02
9.390000000000000000e+02
9.400000000000000000e+02
9.410000000000000000e+02
9.440000000000000000e+02
9.520000000000000000e+02
9.530000000000000000e+02
9.560000000000000000e+02
9.650000000000000000e+02
9.660000000000000000e+02
9.670000000000000000e+02
9.770000000000000000e+02
9.840000000000000000e+02
9.900000000000000000e+02
9.930000000000000000e+02
