# 12 _-1-10
3.000000000000000000e+00
1.200000000000000000e+01
1.600000000000000000e+01
3.500000000000000000e+01
4.000000000000000000e+01
4.200000000000000000e+01
4.300000000000000000e+01
4.400000000000000000e+01
6.400000000000000000e+01
7.500000000000000000e+01
8.100000000000000000e+01
1.050000000000000000e+02
1.070000000000000000e+02
1.080000000000000000e+02
1.090000000000000000e+02
1.120000000000000000e+02
1.130000000000000000e+02
1.170000000000000000e+02
1.380000000000000000e+02
1.500000000000000000e+02
1.570000000000000000e+02
1.590000000000000000e+02
1.650000000000000000e+02
1.720000000000000000e+02
1.740000000000000000e+02
1.760000000000000000e+02
1.830000000000000000e+02
1.850000000000000000e+02
1.860000000000000000e+02
1.980000000000000000e+02
2.040000000000000000e+02
2.090000000000000000e+02
2.240000000000000000e+02
2.270000000000000000e+02
2.280000000000000000e+02
2.290000000000000000e+02
2.320000000000000000e+02
2.360000000000000000e+02
2.520000000000000000e+02
2.550000000000000000e+02
2.650000000000000000e+02
2.660000000000000000e+02
2.750000000000000000e+02
2.780000000000000000e+02
2.830000000000000000e+02
2.940000000000000000e+02
3.000000000000000000e+02
3.050000000000000000e+02
3.110000000000000000e+02
3.130000000000000000e+02
3.200000000000000000e+02
3.220000000000000000e+02
3.250000000000000000e+02
3.310000000000000000e+02
3.360000000000000000e+02
3.510000000000000000e+02
3.630000000000000000e+02
3.660000000000000000e+02
3.680000000000000000e+02
3.790000000000000000e+02
3.870000000000000000e+02
3.880000000000000000e+02
3.890000000000000000e+02
3.910000000000000000e+02
4.040000000000000000e+02
4.190000000000000000e+02
4.200000000000000000e+02
4.230000000000000000e+02
4.250000000000000000e+02
4.280000000000000000e+02
4.290000000000000000e+02
4.360000000000000000e+02
4.370000000000000000e+02
4.500000000000000000e+02
4.600000000000000000e+02
4.750000000000000000e+02
4.780000000000000000e+02
4.900000000000000000e+02
4.990000000000000000e+02
5.000000000000000000e+02
5.020000000000000000e+02
5.050000000000000000e+02
5.170000000000000000e+02
5.260000000000000000e+02
5.280000000000000000e+02
5.290000000000000000e+02
5.300000000000000000e+02
5.580000000000000000e+02
5.620000000000000000e+02
5.740000000000000000e+02
5.760000000000000000e+02
5.770000000000000000e+02
5.780000000000000000e+02
5.820000000000000000e+02
5.960000000000000000e+02
5.970000000000000000e+02
6.030000000000000000e+02
6.140000000000000000e+02
6.150000000000000000e+02
6.170000000000000000e+02
6.260000000000000000e+02
6.390000000000000000e+02
6.500000000000000000e+02
6.580000000000000000e+02
6.590000000000000000e+02
6.910000000000000000e+02
6.960000000000000000e+02
6.970000000000000000e+02
6.990000000000000000e+02
7.100000000000000000e+02
7.140000000000000000e+02
7.250000000000000000e+02
7.280000000000000000e+02
7.380000000000000000e+02
7.390000000000000000e+02
7.480000000000000000e+02
7.830000000000000000e+02
7.870000000000000000e+02
7.930000000000000000e+02
7.940000000000000000e+02
7.990000000000000000e+02
8.010000000000000000e+02
8.260000000000000000e+02
8.300000000000000000e+02
8.380000000000000000e+02
8.480000000000000000e+02
8.550000000000000000e+02
8.630000000000000000e+02
8.670000000000000000e+02
8.680000000000000000e+02
8.770000000000000000e+02
8.820000000000000000e+02
8.900000000000000000e+02
8.980000000000000000e+02
9.050000000000000000e+02
9.060000000000000000e+02
9.090000000000000000e+02
9.110000000000000000e+02
9.170000000000000000e+02
9.180000000000000000e+02
9.370000000000000000e+02
9.440000000000000000e+02
9.500000000000000000e+02
9.640000000000000000e+02
9.670000000000000000e+02
9.700000000000000000e+02
9.740000000000000000e+02
9.810000000000000000e+02
9.870000000000000000e+02
