# 416 _-1-1-1-1-1
1.000000000000000000e+00
5.000000000000000000e+00
1.700000000000000000e+01
1.800000000000000000e+01
2.700000000000000000e+01
2.900000000000000000e+01
3.000000000000000000e+01
4.900000000000000000e+01
5.000000000000000000e+01
5.100000000000000000e+01
6.100000000000000000e+01
6.200000000000000000e+01
7.600000000000000000e+01
7.700000000000000000e+01
7.900000000000000000e+01
9.400000000000000000e+01
1.000000000000000000e+02
1.060000000000000000e+02
1.110000000000000000e+02
1.310000000000000000e+02
1.420000000000000000e+02
1.450000000000000000e+02
1.490000000000000000e+02
1.510000000000000000e+02
1.540000000000000000e+02
1.630000000000000000e+02
1.670000000000000000e+02
1.710000000000000000e+02
1.810000000000000000e+02
2.120000000000000000e+02
2.260000000000000000e+02
2.350000000000000000e+02
2.380000000000000000e+02
2.440000000000000000e+02
2.450000000000000000e+02
2.490000000000000000e+02
2.530000000000000000e+02
2.540000000000000000e+02
2.580000000000000000e+02
2.800000000000000000e+02
2.810000000000000000e+02
2.820000000000000000e+02
2.840000000000000000e+02
3.010000000000000000e+02
3.020000000000000000e+02
3.040000000000000000e+02
3.100000000000000000e+02
3.320000000000000000e+02
3.400000000000000000e+02
3.440000000000000000e+02
3.560000000000000000e+02
3.650000000000000000e+02
3.690000000000000000e+02
3.730000000000000000e+02
3.950000000000000000e+02
3.970000000000000000e+02
4.160000000000000000e+02
4.170000000000000000e+02
4.310000000000000000e+02
4.720000000000000000e+02
4.810000000000000000e+02
4.880000000000000000e+02
4.930000000000000000e+02
4.950000000000000000e+02
5.030000000000000000e+02
5.060000000000000000e+02
5.150000000000000000e+02
5.370000000000000000e+02
5.380000000000000000e+02
5.450000000000000000e+02
5.500000000000000000e+02
5.560000000000000000e+02
5.570000000000000000e+02
5.600000000000000000e+02
5.720000000000000000e+02
5.790000000000000000e+02
5.880000000000000000e+02
5.890000000000000000e+02
5.930000000000000000e+02
5.990000000000000000e+02
6.020000000000000000e+02
6.100000000000000000e+02
6.210000000000000000e+02
6.240000000000000000e+02
6.300000000000000000e+02
6.310000000000000000e+02
6.620000000000000000e+02
6.720000000000000000e+02
6.800000000000000000e+02
6.810000000000000000e+02
7.010000000000000000e+02
7.090000000000000000e+02
7.130000000000000000e+02
7.210000000000000000e+02
7.230000000000000000e+02
7.240000000000000000e+02
7.510000000000000000e+02
7.570000000000000000e+02
7.580000000000000000e+02
7.620000000000000000e+02
7.670000000000000000e+02
7.680000000000000000e+02
7.780000000000000000e+02
7.790000000000000000e+02
7.860000000000000000e+02
8.000000000000000000e+02
8.030000000000000000e+02
8.070000000000000000e+02
8.110000000000000000e+02
8.730000000000000000e+02
8.760000000000000000e+02
8.930000000000000000e+02
8.960000000000000000e+02
8.990000000000000000e+02
9.190000000000000000e+02
9.210000000000000000e+02
9.220000000000000000e+02
9.240000000000000000e+02
9.290000000000000000e+02
9.350000000000000000e+02
9.390000000000000000e+02
9.430000000000000000e+02
9.470000000000000000e+02
9.540000000000000000e+02
9.650000000000000000e+02
9.710000000000000000e+02
9.830000000000000000e+02
9.860000000000000000e+02
9.880000000000000000e+02
