# 388 _-1-1
1.000000000000000000e+00
2.000000000000000000e+00
3.000000000000000000e+00
5.000000000000000000e+00
7.000000000000000000e+00
8.000000000000000000e+00
1.000000000000000000e+01
1.100000000000000000e+01
1.200000000000000000e+01
1.400000000000000000e+01
1.600000000000000000e+01
1.700000000000000000e+01
1.800000000000000000e+01
2.200000000000000000e+01
2.700000000000000000e+01
2.900000000000000000e+01
3.000000000000000000e+01
3.300000000000000000e+01
3.500000000000000000e+01
4.000000000000000000e+01
4.200000000000000000e+01
4.300000000000000000e+01
4.400000000000000000e+01
4.900000000000000000e+01
5.000000000000000000e+01
5.100000000000000000e+01
6.000000000000000000e+01
6.100000000000000000e+01
6.200000000000000000e+01
6.400000000000000000e+01
7.100000000000000000e+01
7.300000000000000000e+01
7.500000000000000000e+01
7.600000000000000000e+01
7.700000000000000000e+01
7.900000000000000000e+01
8.100000000000000000e+01
8.700000000000000000e+01
8.900000000000000000e+01
9.000000000000000000e+01
9.100000000000000000e+01
9.200000000000000000e+01
9.400000000000000000e+01
9.500000000000000000e+01
9.800000000000000000e+01
9.900000000000000000e+01
1.000000000000000000e+02
1.050000000000000000e+02
1.060000000000000000e+02
1.070000000000000000e+02
1.080000000000000000e+02
1.090000000000000000e+02
1.110000000000000000e+02
1.120000000000000000e+02
1.130000000000000000e+02
1.170000000000000000e+02
1.190000000000000000e+02
1.200000000000000000e+02
1.220000000000000000e+02
1.260000000000000000e+02
1.290000000000000000e+02
1.310000000000000000e+02
1.380000000000000000e+02
1.410000000000000000e+02
1.420000000000000000e+02
1.450000000000000000e+02
1.490000000000000000e+02
1.500000000000000000e+02
1.510000000000000000e+02
1.540000000000000000e+02
1.570000000000000000e+02
1.590000000000000000e+02
1.610000000000000000e+02
1.630000000000000000e+02
1.650000000000000000e+02
1.670000000000000000e+02
1.690000000000000000e+02
1.700000000000000000e+02
1.710000000000000000e+02
1.720000000000000000e+02
1.740000000000000000e+02
1.760000000000000000e+02
1.770000000000000000e+02
1.810000000000000000e+02
1.830000000000000000e+02
1.850000000000000000e+02
1.860000000000000000e+02
1.870000000000000000e+02
1.920000000000000000e+02
1.950000000000000000e+02
1.970000000000000000e+02
1.980000000000000000e+02
2.040000000000000000e+02
2.070000000000000000e+02
2.090000000000000000e+02
2.110000000000000000e+02
2.120000000000000000e+02
2.240000000000000000e+02
2.260000000000000000e+02
2.270000000000000000e+02
2.280000000000000000e+02
2.290000000000000000e+02
2.300000000000000000e+02
2.310000000000000000e+02
2.320000000000000000e+02
2.330000000000000000e+02
2.350000000000000000e+02
2.360000000000000000e+02
2.370000000000000000e+02
2.380000000000000000e+02
2.440000000000000000e+02
2.450000000000000000e+02
2.460000000000000000e+02
2.490000000000000000e+02
2.520000000000000000e+02
2.530000000000000000e+02
2.540000000000000000e+02
2.550000000000000000e+02
2.580000000000000000e+02
2.600000000000000000e+02
2.620000000000000000e+02
2.630000000000000000e+02
2.650000000000000000e+02
2.660000000000000000e+02
2.690000000000000000e+02
2.700000000000000000e+02
2.750000000000000000e+02
2.780000000000000000e+02
2.800000000000000000e+02
2.810000000000000000e+02
2.820000000000000000e+02
2.830000000000000000e+02
2.840000000000000000e+02
2.850000000000000000e+02
2.880000000000000000e+02
2.920000000000000000e+02
2.940000000000000000e+02
2.950000000000000000e+02
3.000000000000000000e+02
3.010000000000000000e+02
3.020000000000000000e+02
3.040000000000000000e+02
3.050000000000000000e+02
3.070000000000000000e+02
3.080000000000000000e+02
3.090000000000000000e+02
3.100000000000000000e+02
3.110000000000000000e+02
3.130000000000000000e+02
3.140000000000000000e+02
3.160000000000000000e+02
3.200000000000000000e+02
3.220000000000000000e+02
3.250000000000000000e+02
3.300000000000000000e+02
3.310000000000000000e+02
3.320000000000000000e+02
3.330000000000000000e+02
3.360000000000000000e+02
3.390000000000000000e+02
3.400000000000000000e+02
3.410000000000000000e+02
3.440000000000000000e+02
3.450000000000000000e+02
3.480000000000000000e+02
3.510000000000000000e+02
3.530000000000000000e+02
3.540000000000000000e+02
3.560000000000000000e+02
3.630000000000000000e+02
3.650000000000000000e+02
3.660000000000000000e+02
3.680000000000000000e+02
3.690000000000000000e+02
3.730000000000000000e+02
3.760000000000000000e+02
3.770000000000000000e+02
3.790000000000000000e+02
3.830000000000000000e+02
3.850000000000000000e+02
3.860000000000000000e+02
3.870000000000000000e+02
3.880000000000000000e+02
3.890000000000000000e+02
3.910000000000000000e+02
3.950000000000000000e+02
3.970000000000000000e+02
4.000000000000000000e+02
4.040000000000000000e+02
4.060000000000000000e+02
4.090000000000000000e+02
4.160000000000000000e+02
4.170000000000000000e+02
4.180000000000000000e+02
4.190000000000000000e+02
4.200000000000000000e+02
4.210000000000000000e+02
4.230000000000000000e+02
4.250000000000000000e+02
4.260000000000000000e+02
4.270000000000000000e+02
4.280000000000000000e+02
4.290000000000000000e+02
4.310000000000000000e+02
4.360000000000000000e+02
4.370000000000000000e+02
4.380000000000000000e+02
4.420000000000000000e+02
4.440000000000000000e+02
4.470000000000000000e+02
4.500000000000000000e+02
4.540000000000000000e+02
4.600000000000000000e+02
4.670000000000000000e+02
4.720000000000000000e+02
4.740000000000000000e+02
4.750000000000000000e+02
4.770000000000000000e+02
4.780000000000000000e+02
4.810000000000000000e+02
4.830000000000000000e+02
4.840000000000000000e+02
4.860000000000000000e+02
4.870000000000000000e+02
4.880000000000000000e+02
4.900000000000000000e+02
4.930000000000000000e+02
4.950000000000000000e+02
4.990000000000000000e+02
5.000000000000000000e+02
5.020000000000000000e+02
5.030000000000000000e+02
5.050000000000000000e+02
5.060000000000000000e+02
5.070000000000000000e+02
5.090000000000000000e+02
5.150000000000000000e+02
5.170000000000000000e+02
5.200000000000000000e+02
5.220000000000000000e+02
5.230000000000000000e+02
5.240000000000000000e+02
5.260000000000000000e+02
5.270000000000000000e+02
5.280000000000000000e+02
5.290000000000000000e+02
5.300000000000000000e+02
5.310000000000000000e+02
5.370000000000000000e+02
5.380000000000000000e+02
5.450000000000000000e+02
5.460000000000000000e+02
5.500000000000000000e+02
5.550000000000000000e+02
5.560000000000000000e+02
5.570000000000000000e+02
5.580000000000000000e+02
5.600000000000000000e+02
5.620000000000000000e+02
5.660000000000000000e+02
5.710000000000000000e+02
5.720000000000000000e+02
5.740000000000000000e+02
5.750000000000000000e+02
5.760000000000000000e+02
5.770000000000000000e+02
5.780000000000000000e+02
5.790000000000000000e+02
5.800000000000000000e+02
5.820000000000000000e+02
5.840000000000000000e+02
5.880000000000000000e+02
5.890000000000000000e+02
5.900000000000000000e+02
5.910000000000000000e+02
5.930000000000000000e+02
5.940000000000000000e+02
5.950000000000000000e+02
5.960000000000000000e+02
5.970000000000000000e+02
5.980000000000000000e+02
5.990000000000000000e+02
6.020000000000000000e+02
6.030000000000000000e+02
6.070000000000000000e+02
6.080000000000000000e+02
6.100000000000000000e+02
6.110000000000000000e+02
6.140000000000000000e+02
6.150000000000000000e+02
6.160000000000000000e+02
6.170000000000000000e+02
6.190000000000000000e+02
6.210000000000000000e+02
6.240000000000000000e+02
6.260000000000000000e+02
6.270000000000000000e+02
6.300000000000000000e+02
6.310000000000000000e+02
6.380000000000000000e+02
6.390000000000000000e+02
6.500000000000000000e+02
6.510000000000000000e+02
6.580000000000000000e+02
6.590000000000000000e+02
6.600000000000000000e+02
6.620000000000000000e+02
6.630000000000000000e+02
6.640000000000000000e+02
6.660000000000000000e+02
6.670000000000000000e+02
6.710000000000000000e+02
6.720000000000000000e+02
6.750000000000000000e+02
6.800000000000000000e+02
6.810000000000000000e+02
6.910000000000000000e+02
6.940000000000000000e+02
6.950000000000000000e+02
6.960000000000000000e+02
6.970000000000000000e+02
6.990000000000000000e+02
7.010000000000000000e+02
7.080000000000000000e+02
7.090000000000000000e+02
7.100000000000000000e+02
7.130000000000000000e+02
7.140000000000000000e+02
7.150000000000000000e+02
7.210000000000000000e+02
7.230000000000000000e+02
7.240000000000000000e+02
7.250000000000000000e+02
7.260000000000000000e+02
7.280000000000000000e+02
7.330000000000000000e+02
7.380000000000000000e+02
7.390000000000000000e+02
7.420000000000000000e+02
7.460000000000000000e+02
7.480000000000000000e+02
7.500000000000000000e+02
7.510000000000000000e+02
7.550000000000000000e+02
7.570000000000000000e+02
7.580000000000000000e+02
7.620000000000000000e+02
7.650000000000000000e+02
7.670000000000000000e+02
7.680000000000000000e+02
7.720000000000000000e+02
7.730000000000000000e+02
7.760000000000000000e+02
7.770000000000000000e+02
7.780000000000000000e+02
7.790000000000000000e+02
7.830000000000000000e+02
7.860000000000000000e+02
7.870000000000000000e+02
7.900000000000000000e+02
7.930000000000000000e+02
7.940000000000000000e+02
7.950000000000000000e+02
7.970000000000000000e+02
7.990000000000000000e+02
8.000000000000000000e+02
8.010000000000000000e+02
8.030000000000000000e+02
8.050000000000000000e+02
8.070000000000000000e+02
8.110000000000000000e+02
8.120000000000000000e+02
8.220000000000000000e+02
8.260000000000000000e+02
8.270000000000000000e+02
8.300000000000000000e+02
8.360000000000000000e+02
8.380000000000000000e+02
8.430000000000000000e+02
8.440000000000000000e+02
8.480000000000000000e+02
8.530000000000000000e+02
8.550000000000000000e+02
8.600000000000000000e+02
8.630000000000000000e+02
8.670000000000000000e+02
8.680000000000000000e+02
8.690000000000000000e+02
8.700000000000000000e+02
8.730000000000000000e+02
8.760000000000000000e+02
8.770000000000000000e+02
8.820000000000000000e+02
8.840000000000000000e+02
8.900000000000000000e+02
8.910000000000000000e+02
8.930000000000000000e+02
8.960000000000000000e+02
8.970000000000000000e+02
8.980000000000000000e+02
8.990000000000000000e+02
9.030000000000000000e+02
9.050000000000000000e+02
9.060000000000000000e+02
9.090000000000000000e+02
9.110000000000000000e+02
9.150000000000000000e+02
9.170000000000000000e+02
9.180000000000000000e+02
9.190000000000000000e+02
9.210000000000000000e+02
9.220000000000000000e+02
9.230000000000000000e+02
9.240000000000000000e+02
9.270000000000000000e+02
9.290000000000000000e+02
9.350000000000000000e+02
9.370000000000000000e+02
9.390000000000000000e+02
9.430000000000000000e+02
9.440000000000000000e+02
9.470000000000000000e+02
9.500000000000000000e+02
9.510000000000000000e+02
9.540000000000000000e+02
9.570000000000000000e+02
9.640000000000000000e+02
9.650000000000000000e+02
9.660000000000000000e+02
9.670000000000000000e+02
9.690000000000000000e+02
9.700000000000000000e+02
9.710000000000000000e+02
9.730000000000000000e+02
9.740000000000000000e+02
9.750000000000000000e+02
9.790000000000000000e+02
9.810000000000000000e+02
9.830000000000000000e+02
9.840000000000000000e+02
9.860000000000000000e+02
9.870000000000000000e+02
9.880000000000000000e+02
9.950000000000000000e+02
9.990000000000000000e+02
