# 840 _-10
6.000000000000000000e+00
9.000000000000000000e+00
1.500000000000000000e+01
1.900000000000000000e+01
2.000000000000000000e+01
2.400000000000000000e+01
2.500000000000000000e+01
2.600000000000000000e+01
2.800000000000000000e+01
3.100000000000000000e+01
3.200000000000000000e+01
3.400000000000000000e+01
3.600000000000000000e+01
3.700000000000000000e+01
3.800000000000000000e+01
4.100000000000000000e+01
4.500000000000000000e+01
4.700000000000000000e+01
5.200000000000000000e+01
5.400000000000000000e+01
5.700000000000000000e+01
6.300000000000000000e+01
6.800000000000000000e+01
7.200000000000000000e+01
7.400000000000000000e+01
8.000000000000000000e+01
8.200000000000000000e+01
8.400000000000000000e+01
8.500000000000000000e+01
9.300000000000000000e+01
9.600000000000000000e+01
9.700000000000000000e+01
1.100000000000000000e+02
1.150000000000000000e+02
1.160000000000000000e+02
1.180000000000000000e+02
1.240000000000000000e+02
1.280000000000000000e+02
1.320000000000000000e+02
1.350000000000000000e+02
1.360000000000000000e+02
1.370000000000000000e+02
1.400000000000000000e+02
1.430000000000000000e+02
1.470000000000000000e+02
1.480000000000000000e+02
1.550000000000000000e+02
1.640000000000000000e+02
1.730000000000000000e+02
1.750000000000000000e+02
1.800000000000000000e+02
1.880000000000000000e+02
1.900000000000000000e+02
1.910000000000000000e+02
1.940000000000000000e+02
2.000000000000000000e+02
2.010000000000000000e+02
2.030000000000000000e+02
2.050000000000000000e+02
2.060000000000000000e+02
2.150000000000000000e+02
2.160000000000000000e+02
2.180000000000000000e+02
2.190000000000000000e+02
2.200000000000000000e+02
2.220000000000000000e+02
2.230000000000000000e+02
2.340000000000000000e+02
2.400000000000000000e+02
2.410000000000000000e+02
2.480000000000000000e+02
2.510000000000000000e+02
2.560000000000000000e+02
2.590000000000000000e+02
2.610000000000000000e+02
2.670000000000000000e+02
2.680000000000000000e+02
2.730000000000000000e+02
2.770000000000000000e+02
2.870000000000000000e+02
2.930000000000000000e+02
2.960000000000000000e+02
3.030000000000000000e+02
3.060000000000000000e+02
3.190000000000000000e+02
3.210000000000000000e+02
3.290000000000000000e+02
3.340000000000000000e+02
3.420000000000000000e+02
3.430000000000000000e+02
3.470000000000000000e+02
3.490000000000000000e+02
3.520000000000000000e+02
3.610000000000000000e+02
3.620000000000000000e+02
3.670000000000000000e+02
3.710000000000000000e+02
3.800000000000000000e+02
3.820000000000000000e+02
3.840000000000000000e+02
3.930000000000000000e+02
3.960000000000000000e+02
3.990000000000000000e+02
4.010000000000000000e+02
4.050000000000000000e+02
4.080000000000000000e+02
4.110000000000000000e+02
4.140000000000000000e+02
4.330000000000000000e+02
4.340000000000000000e+02
4.350000000000000000e+02
4.390000000000000000e+02
4.400000000000000000e+02
4.410000000000000000e+02
4.430000000000000000e+02
4.450000000000000000e+02
4.490000000000000000e+02
4.510000000000000000e+02
4.520000000000000000e+02
4.530000000000000000e+02
4.560000000000000000e+02
4.590000000000000000e+02
4.620000000000000000e+02
4.630000000000000000e+02
4.640000000000000000e+02
4.650000000000000000e+02
4.660000000000000000e+02
4.680000000000000000e+02
4.690000000000000000e+02
4.700000000000000000e+02
4.730000000000000000e+02
4.760000000000000000e+02
4.790000000000000000e+02
4.820000000000000000e+02
4.890000000000000000e+02
4.940000000000000000e+02
4.970000000000000000e+02
5.010000000000000000e+02
5.040000000000000000e+02
5.080000000000000000e+02
5.100000000000000000e+02
5.130000000000000000e+02
5.330000000000000000e+02
5.350000000000000000e+02
5.390000000000000000e+02
5.400000000000000000e+02
5.420000000000000000e+02
5.430000000000000000e+02
5.470000000000000000e+02
5.490000000000000000e+02
5.520000000000000000e+02
5.530000000000000000e+02
5.690000000000000000e+02
5.700000000000000000e+02
5.730000000000000000e+02
5.850000000000000000e+02
5.870000000000000000e+02
5.920000000000000000e+02
6.040000000000000000e+02
6.060000000000000000e+02
6.090000000000000000e+02
6.130000000000000000e+02
6.200000000000000000e+02
6.230000000000000000e+02
6.290000000000000000e+02
6.320000000000000000e+02
6.330000000000000000e+02
6.340000000000000000e+02
6.360000000000000000e+02
6.420000000000000000e+02
6.430000000000000000e+02
6.440000000000000000e+02
6.450000000000000000e+02
6.480000000000000000e+02
6.490000000000000000e+02
6.520000000000000000e+02
6.530000000000000000e+02
6.560000000000000000e+02
6.570000000000000000e+02
6.650000000000000000e+02
6.680000000000000000e+02
6.690000000000000000e+02
6.740000000000000000e+02
6.760000000000000000e+02
6.770000000000000000e+02
6.780000000000000000e+02
6.820000000000000000e+02
6.850000000000000000e+02
6.860000000000000000e+02
6.880000000000000000e+02
6.900000000000000000e+02
6.930000000000000000e+02
6.980000000000000000e+02
7.000000000000000000e+02
7.060000000000000000e+02
7.070000000000000000e+02
7.110000000000000000e+02
7.120000000000000000e+02
7.160000000000000000e+02
7.180000000000000000e+02
7.190000000000000000e+02
7.220000000000000000e+02
7.270000000000000000e+02
7.300000000000000000e+02
7.310000000000000000e+02
7.320000000000000000e+02
7.340000000000000000e+02
7.370000000000000000e+02
7.400000000000000000e+02
7.410000000000000000e+02
7.450000000000000000e+02
7.490000000000000000e+02
7.520000000000000000e+02
7.560000000000000000e+02
7.590000000000000000e+02
7.610000000000000000e+02
7.630000000000000000e+02
7.640000000000000000e+02
7.660000000000000000e+02
7.710000000000000000e+02
7.740000000000000000e+02
7.850000000000000000e+02
7.880000000000000000e+02
7.910000000000000000e+02
7.920000000000000000e+02
7.960000000000000000e+02
8.020000000000000000e+02
8.080000000000000000e+02
8.100000000000000000e+02
8.130000000000000000e+02
8.140000000000000000e+02
8.150000000000000000e+02
8.180000000000000000e+02
8.190000000000000000e+02
8.200000000000000000e+02
8.210000000000000000e+02
8.290000000000000000e+02
8.320000000000000000e+02
8.330000000000000000e+02
8.390000000000000000e+02
8.400000000000000000e+02
8.460000000000000000e+02
8.470000000000000000e+02
8.510000000000000000e+02
8.540000000000000000e+02
8.640000000000000000e+02
8.650000000000000000e+02
8.660000000000000000e+02
8.720000000000000000e+02
8.740000000000000000e+02
8.750000000000000000e+02
8.810000000000000000e+02
8.830000000000000000e+02
8.870000000000000000e+02
8.880000000000000000e+02
8.890000000000000000e+02
8.950000000000000000e+02
9.070000000000000000e+02
9.080000000000000000e+02
9.100000000000000000e+02
9.120000000000000000e+02
9.130000000000000000e+02
9.140000000000000000e+02
9.160000000000000000e+02
9.260000000000000000e+02
9.320000000000000000e+02
9.330000000000000000e+02
9.380000000000000000e+02
9.400000000000000000e+02
9.450000000000000000e+02
9.490000000000000000e+02
9.580000000000000000e+02
9.610000000000000000e+02
9.620000000000000000e+02
9.680000000000000000e+02
9.720000000000000000e+02
9.760000000000000000e+02
9.780000000000000000e+02
9.800000000000000000e+02
9.850000000000000000e+02
9.890000000000000000e+02
9.910000000000000000e+02
9.960000000000000000e+02
9.970000000000000000e+02
