# 804 _0
0.000000000000000000e+00
4.000000000000000000e+00
1.300000000000000000e+01
2.100000000000000000e+01
2.300000000000000000e+01
3.900000000000000000e+01
4.600000000000000000e+01
4.800000000000000000e+01
5.300000000000000000e+01
5.500000000000000000e+01
5.600000000000000000e+01
5.800000000000000000e+01
5.900000000000000000e+01
6.500000000000000000e+01
6.600000000000000000e+01
6.700000000000000000e+01
6.900000000000000000e+01
7.000000000000000000e+01
7.800000000000000000e+01
8.300000000000000000e+01
8.600000000000000000e+01
8.800000000000000000e+01
1.010000000000000000e+02
1.020000000000000000e+02
1.030000000000000000e+02
1.040000000000000000e+02
1.140000000000000000e+02
1.210000000000000000e+02
1.230000000000000000e+02
1.250000000000000000e+02
1.270000000000000000e+02
1.300000000000000000e+02
1.330000000000000000e+02
1.340000000000000000e+02
1.390000000000000000e+02
1.440000000000000000e+02
1.460000000000000000e+02
1.520000000000000000e+02
1.530000000000000000e+02
1.560000000000000000e+02
1.580000000000000000e+02
1.600000000000000000e+02
1.620000000000000000e+02
1.660000000000000000e+02
1.680000000000000000e+02
1.780000000000000000e+02
1.790000000000000000e+02
1.820000000000000000e+02
1.840000000000000000e+02
1.890000000000000000e+02
1.930000000000000000e+02
1.960000000000000000e+02
1.990000000000000000e+02
2.020000000000000000e+02
2.080000000000000000e+02
2.100000000000000000e+02
2.130000000000000000e+02
2.140000000000000000e+02
2.170000000000000000e+02
2.210000000000000000e+02
2.250000000000000000e+02
2.390000000000000000e+02
2.420000000000000000e+02
2.430000000000000000e+02
2.470000000000000000e+02
2.500000000000000000e+02
2.570000000000000000e+02
2.640000000000000000e+02
2.710000000000000000e+02
2.720000000000000000e+02
2.740000000000000000e+02
2.760000000000000000e+02
2.790000000000000000e+02
2.860000000000000000e+02
2.890000000000000000e+02
2.900000000000000000e+02
2.910000000000000000e+02
2.970000000000000000e+02
2.980000000000000000e+02
2.990000000000000000e+02
3.120000000000000000e+02
3.150000000000000000e+02
3.170000000000000000e+02
3.180000000000000000e+02
3.230000000000000000e+02
3.240000000000000000e+02
3.260000000000000000e+02
3.270000000000000000e+02
3.280000000000000000e+02
3.350000000000000000e+02
3.370000000000000000e+02
3.380000000000000000e+02
3.460000000000000000e+02
3.500000000000000000e+02
3.550000000000000000e+02
3.570000000000000000e+02
3.580000000000000000e+02
3.590000000000000000e+02
3.600000000000000000e+02
3.640000000000000000e+02
3.700000000000000000e+02
3.720000000000000000e+02
3.740000000000000000e+02
3.750000000000000000e+02
3.780000000000000000e+02
3.810000000000000000e+02
3.900000000000000000e+02
3.920000000000000000e+02
3.940000000000000000e+02
3.980000000000000000e+02
4.020000000000000000e+02
4.030000000000000000e+02
4.070000000000000000e+02
4.100000000000000000e+02
4.120000000000000000e+02
4.130000000000000000e+02
4.150000000000000000e+02
4.220000000000000000e+02
4.240000000000000000e+02
4.300000000000000000e+02
4.320000000000000000e+02
4.460000000000000000e+02
4.480000000000000000e+02
4.550000000000000000e+02
4.570000000000000000e+02
4.580000000000000000e+02
4.610000000000000000e+02
4.710000000000000000e+02
4.800000000000000000e+02
4.850000000000000000e+02
4.910000000000000000e+02
4.920000000000000000e+02
4.960000000000000000e+02
4.980000000000000000e+02
5.110000000000000000e+02
5.120000000000000000e+02
5.140000000000000000e+02
5.160000000000000000e+02
5.180000000000000000e+02
5.190000000000000000e+02
5.210000000000000000e+02
5.250000000000000000e+02
5.320000000000000000e+02
5.340000000000000000e+02
5.360000000000000000e+02
5.410000000000000000e+02
5.440000000000000000e+02
5.480000000000000000e+02
5.510000000000000000e+02
5.540000000000000000e+02
5.590000000000000000e+02
5.610000000000000000e+02
5.630000000000000000e+02
5.640000000000000000e+02
5.650000000000000000e+02
5.670000000000000000e+02
5.680000000000000000e+02
5.810000000000000000e+02
5.830000000000000000e+02
5.860000000000000000e+02
6.000000000000000000e+02
6.010000000000000000e+02
6.050000000000000000e+02
6.120000000000000000e+02
6.180000000000000000e+02
6.220000000000000000e+02
6.250000000000000000e+02
6.280000000000000000e+02
6.350000000000000000e+02
6.370000000000000000e+02
6.400000000000000000e+02
6.410000000000000000e+02
6.460000000000000000e+02
6.470000000000000000e+02
6.540000000000000000e+02
6.550000000000000000e+02
6.610000000000000000e+02
6.700000000000000000e+02
6.730000000000000000e+02
6.790000000000000000e+02
6.830000000000000000e+02
6.840000000000000000e+02
6.870000000000000000e+02
6.890000000000000000e+02
6.920000000000000000e+02
7.020000000000000000e+02
7.030000000000000000e+02
7.040000000000000000e+02
7.050000000000000000e+02
7.170000000000000000e+02
7.200000000000000000e+02
7.290000000000000000e+02
7.350000000000000000e+02
7.360000000000000000e+02
7.430000000000000000e+02
7.440000000000000000e+02
7.470000000000000000e+02
7.530000000000000000e+02
7.540000000000000000e+02
7.600000000000000000e+02
7.690000000000000000e+02
7.700000000000000000e+02
7.750000000000000000e+02
7.800000000000000000e+02
7.810000000000000000e+02
7.820000000000000000e+02
7.840000000000000000e+02
7.890000000000000000e+02
7.980000000000000000e+02
8.040000000000000000e+02
8.060000000000000000e+02
8.090000000000000000e+02
8.160000000000000000e+02
8.170000000000000000e+02
8.230000000000000000e+02
8.240000000000000000e+02
8.250000000000000000e+02
8.280000000000000000e+02
8.310000000000000000e+02
8.340000000000000000e+02
8.350000000000000000e+02
8.370000000000000000e+02
8.410000000000000000e+02
8.420000000000000000e+02
8.450000000000000000e+02
8.490000000000000000e+02
8.500000000000000000e+02
8.520000000000000000e+02
8.560000000000000000e+02
8.570000000000000000e+02
8.580000000000000000e+02
8.590000000000000000e+02
8.610000000000000000e+02
8.620000000000000000e+02
8.710000000000000000e+02
8.780000000000000000e+02
8.790000000000000000e+02
8.800000000000000000e+02
8.850000000000000000e+02
8.860000000000000000e+02
8.920000000000000000e+02
8.940000000000000000e+02
9.000000000000000000e+02
9.010000000000000000e+02
9.020000000000000000e+02
9.040000000000000000e+02
9.200000000000000000e+02
9.250000000000000000e+02
9.280000000000000000e+02
9.300000000000000000e+02
9.310000000000000000e+02
9.340000000000000000e+02
9.360000000000000000e+02
9.410000000000000000e+02
9.420000000000000000e+02
9.460000000000000000e+02
9.480000000000000000e+02
9.520000000000000000e+02
9.530000000000000000e+02
9.550000000000000000e+02
9.560000000000000000e+02
9.590000000000000000e+02
9.600000000000000000e+02
9.630000000000000000e+02
9.770000000000000000e+02
9.820000000000000000e+02
9.900000000000000000e+02
9.920000000000000000e+02
9.930000000000000000e+02
9.940000000000000000e+02
9.980000000000000000e+02
