# 184 13 395
7
11
24
28
38
45
54
59
61
62
64
69
74
77
80
82
84
86
87
94
99
101
108
109
122
125
126
127
128
138
144
147
154
159
163
164
166
167
168
173
178
181
192
193
201
210
212
226
230
241
252
255
259
289
297
304
306
313
323
330
341
345
350
351
354
361
362
364
366
372
375
381
390
391
395
405
413
421
430
452
453
457
459
460
461
472
480
501
508
512
517
520
527
530
532
537
540
572
575
579
592
601
611
612
622
623
642
658
667
670
694
701
704
707
719
721
732
734
741
743
746
749
751
752
761
777
779
784
786
791
795
800
806
808
810
819
820
823
836
839
843
845
846
847
849
860
863
864
869
872
877
879
880
882
883
887
890
891
893
896
902
913
914
915
917
918
924
927
934
938
940
941
947
949
951
954
958
969
972
975
979
987
990
998
