# 253 12 418
1
3
4
5
6
12
14
15
17
22
23
29
31
35
41
48
53
55
57
60
67
71
72
79
88
91
93
97
98
102
107
111
113
114
120
133
136
140
141
142
143
149
151
153
155
157
158
162
165
172
174
176
183
185
188
195
199
203
204
206
208
214
217
222
224
225
233
234
235
242
246
248
249
251
266
268
273
278
279
281
288
291
292
294
295
299
300
307
310
315
316
325
328
331
333
334
336
348
352
368
370
378
380
383
384
387
396
399
400
404
411
416
418
431
433
436
437
438
442
447
455
463
464
466
475
476
479
481
487
489
491
495
498
505
509
510
521
531
534
535
542
543
547
552
556
562
564
565
567
569
570
576
577
583
586
595
597
599
603
605
608
613
617
618
627
628
632
633
638
639
643
647
651
652
661
675
677
679
680
681
684
685
687
691
692
693
695
698
702
708
713
716
722
723
729
730
738
739
740
747
756
760
762
767
768
770
771
773
774
776
783
793
794
804
805
809
813
814
818
821
841
853
859
878
888
892
895
899
901
906
912
921
922
925
939
942
944
946
952
961
964
965
971
974
976
977
978
985
988
993
994
997
999
