# 190 11 271
0
20
26
39
44
49
50
65
68
75
76
81
89
92
100
103
104
106
112
119
121
124
130
131
134
152
160
161
170
182
189
190
194
196
205
209
211
215
219
239
245
247
250
257
258
262
265
267
271
274
275
277
283
287
293
298
301
305
308
311
321
327
332
347
353
355
357
360
369
371
373
374
386
393
397
402
407
410
412
415
417
423
425
426
427
428
429
439
440
446
473
477
483
488
490
492
500
514
515
516
522
523
525
538
544
545
546
549
553
557
559
563
571
573
581
587
588
589
590
596
598
602
609
610
620
621
626
631
635
636
641
649
655
656
659
662
669
672
673
682
683
689
699
710
714
717
718
720
726
727
728
742
748
754
757
780
781
789
790
797
798
817
824
826
828
832
837
852
857
861
866
871
873
876
885
886
897
907
911
916
930
932
933
955
962
966
980
989
991
995
