# 129 11 911
0
20
39
44
49
50
68
81
89
92
100
119
121
124
130
134
152
160
161
170
189
194
196
209
211
219
239
247
250
258
265
267
271
274
275
277
298
301
308
311
321
327
332
347
355
357
369
373
397
402
407
417
423
425
426
427
428
429
440
483
488
500
514
522
523
525
544
546
549
553
563
571
573
588
589
590
596
598
602
609
620
626
635
636
641
649
655
656
659
662
672
673
682
683
689
699
710
717
720
728
742
748
754
757
781
789
790
797
824
826
828
852
857
861
866
873
876
886
897
911
916
932
933
955
962
980
989
991
995
